5.457626599318670113e-01 5.587021576996593630e-01 5.963406650671660980e-01 3.125000000000000000e-02
5.420779840595908450e-01 3.436954145124422322e-01 6.367757309999900750e-01 3.125000000000000000e-02
4.414880105587742354e-01 6.889325880767839250e-01 9.346838379697149923e-01 3.125000000000000000e-02
3.907264238991666194e-01 6.151472155859651902e-01 5.270889872683479638e-01 3.125000000000000000e-02
5.637917760255615196e-01 7.138775207408375456e-01 9.784630456051901515e-02 3.125000000000000000e-02
1.129337184701944136e-01 4.616106811224021667e-02 8.118311052011918383e-01 3.125000000000000000e-02
7.607719540154848081e-01 6.728839593320291579e-01 9.487046958432162613e-01 3.125000000000000000e-02
7.804611539531783881e-01 3.715910296615372310e-01 7.629961027685520092e-01 3.125000000000000000e-02
1.421322742521248794e-01 5.031917532290488548e-01 1.656437069459810174e-01 3.125000000000000000e-02
9.168771097339849518e-01 4.161131372906778925e-01 4.199955687411158767e-01 3.125000000000000000e-02
2.792708863480877768e-01 6.022473459577347699e-01 4.588909364530142643e-01 3.125000000000000000e-02
5.641568270643579908e-01 4.510747782181191712e-02 6.102832785086347300e-01 3.125000000000000000e-02
6.050897400522701197e-01 4.862388226951332437e-01 9.160138236074601981e-01 3.125000000000000000e-02
6.704565304095156941e-01 2.963870766731672157e-01 4.409674566868826417e-01 3.125000000000000000e-02
6.852792461818107972e-01 7.566628532658650763e-02 6.563437957303134285e-01 3.125000000000000000e-02
6.599730027670244192e-01 1.864071387919576661e-01 1.521184040514249602e-01 3.125000000000000000e-02
3.269640789914223800e-01 2.994866935701842037e-01 5.658094722667621479e-01 3.125000000000000000e-02
4.424389188709253462e-01 7.601757055686793052e-01 1.269170100762763154e-01 3.125000000000000000e-02
2.270719588389075172e-01 1.502157694401847488e-01 6.435390551238110435e-01 3.125000000000000000e-02
2.687108773810457096e-01 3.751541949815259125e-01 2.603989925015025575e-01 3.125000000000000000e-02
1.607965168893254471e-01 1.762294917390394566e-01 3.769298474946538580e-01 3.125000000000000000e-02
8.009311529824391096e-01 1.028621908973826882e-01 8.168233507801286875e-01 3.125000000000000000e-02
1.213422574005903753e-01 7.513888554473794334e-01 4.706105015447202278e-01 3.125000000000000000e-02
9.469635201784410983e-01 4.773235708119714094e-01 7.243096056859078535e-01 3.125000000000000000e-02
6.798855523842563253e-02 2.398201349001020666e-01 1.439342761373458568e-01 3.125000000000000000e-02
3.088814351770108879e-01 1.188116927287549973e-01 3.293592306818525217e-01 3.125000000000000000e-02
4.196215573575031166e-01 7.855877855722846748e-02 6.804426119093935910e-01 3.125000000000000000e-02
5.624388633186642172e-01 2.269747495678409999e-01 5.217950501250309125e-01 3.125000000000000000e-02
1.193192288360390707e-01 4.560105404726822464e-01 9.024651852277006947e-01 3.125000000000000000e-02
3.299083929231159118e-01 5.234651552232152394e-01 1.548104960041176703e-01 3.125000000000000000e-02
7.028067538611552090e-01 2.446869935485608272e-01 2.029919018816720433e-01 3.125000000000000000e-02
5.811058763844529906e-01 4.607931531327649766e-02 8.083812773912778527e-01 3.125000000000000000e-02
3.565200893051287401e-02 5.311396958872196539e-01 2.843824748676545555e-01 3.125000000000000000e-02
7.204943957399326804e-01 7.408640520241107641e-01 2.644560720499606887e-01 3.125000000000000000e-02
5.713975010167220425e-01 4.678809243129812834e-01 5.677361616789438070e-01 3.125000000000000000e-02
2.403890306005796729e-01 7.339023959937764907e-01 4.504300424540256254e-01 3.125000000000000000e-02
8.247581304416823356e-01 5.471159655466594218e-01 3.100971414266878168e-01 3.125000000000000000e-02
7.941854559710723738e-01 3.236729838746512100e-01 8.572842472917139300e-01 3.125000000000000000e-02
5.761933180961175127e-01 6.815298293679539210e-01 6.804983656979055606e-01 3.125000000000000000e-02
7.111758873309129703e-01 4.009767316709429430e-01 9.275784075530223438e-01 3.125000000000000000e-02
6.349908117777850469e-01 3.438430983116575468e-01 5.997436382449290448e-01 3.125000000000000000e-02
4.924362341500018031e-02 2.536614272974801465e-01 6.501626913993922008e-01 3.125000000000000000e-02
3.031977567597913259e-01 4.870363788866456378e-01 4.332206571366557513e-01 3.125000000000000000e-02
1.582569352085470837e-01 2.512332153925727063e-01 5.655921037824358510e-01 3.125000000000000000e-02
5.851932136701624154e-01 4.548148710265643713e-01 6.436257686160627989e-01 3.125000000000000000e-02
6.425968156265833287e-01 3.494210961325557863e-01 8.717624336103715343e-01 3.125000000000000000e-02
3.758392531699030203e-01 3.527003823833997909e-01 8.674281453271925901e-01 3.125000000000000000e-02
7.870568647307053523e-01 5.503678303610202160e-01 1.252127068552822964e-01 3.125000000000000000e-02
8.932649503856314732e-01 5.580029584174697188e-01 9.676690686573748978e-01 3.125000000000000000e-02
1.713577856168691516e-01 6.714929673090580531e-01 1.835871262591013964e-01 3.125000000000000000e-02
6.083370915161039338e-01 1.225672373514631180e-01 8.262577149895947715e-01 3.125000000000000000e-02
7.881115238046975113e-01 4.509617947282625883e-01 4.129843411493746563e-01 3.125000000000000000e-02
9.609405823919192624e-02 5.456037201941157377e-01 4.564462650106895225e-01 3.125000000000000000e-02
8.335656334930727773e-01 3.988913708643895828e-02 3.687294354484661474e-01 3.125000000000000000e-02
7.156161522725543733e-01 1.578268869803123864e-01 5.197218183163712091e-01 3.125000000000000000e-02
8.219186406805027711e-02 1.787474371110950588e-01 4.861418230682559849e-02 3.125000000000000000e-02
7.753415968975818640e-01 1.963944574445303515e-01 3.550172006533462987e-01 3.125000000000000000e-02
9.013262126239914851e-01 5.507556214186054566e-01 6.109899643560110644e-02 3.125000000000000000e-02
1.856507717167932003e-01 4.895903211060756433e-01 5.724018018164070964e-01 3.125000000000000000e-02
2.542745200386018478e-01 7.202328234695354325e-01 6.068430837180275317e-01 3.125000000000000000e-02
5.334057528358984168e-01 4.663086075614961135e-01 7.157394026719715585e-01 3.125000000000000000e-02
3.236984332621267724e-01 3.249380333843677748e-01 2.279785146641770122e-01 3.125000000000000000e-02
2.058059430128151568e-01 7.277246376131510930e-01 7.245788703587070501e-01 3.125000000000000000e-02
4.910551330789691415e-01 1.989682881303259099e-01 2.697092016597433806e-01 3.125000000000000000e-02
8.565233780363339100e-02 3.516322613491140725e-01 3.235586393694711571e-01 3.125000000000000000e-02
5.438630786687302654e-02 8.084660320414582824e-02 6.681807251549068960e-01 3.125000000000000000e-02
4.565907917712924702e-01 4.269771681926826656e-01 8.718793372253207385e-01 3.125000000000000000e-02
9.596927631844103246e-01 1.912115259938745315e-01 6.528858154063444941e-01 3.125000000000000000e-02
2.781147281910787417e-01 4.648011210597489951e-02 7.422299879713826209e-01 3.125000000000000000e-02
8.103579267839284839e-01 4.951241096484721993e-01 8.493599894819330309e-01 3.125000000000000000e-02
2.876956576396585419e-01 6.198095400105158026e-01 2.052836977868301993e-01 3.125000000000000000e-02
9.244921784111980179e-01 5.382726038360138299e-01 2.332884472939610321e-01 3.125000000000000000e-02
2.312299787820143449e-01 4.134230265238641455e-01 5.530879817612335131e-02 3.125000000000000000e-02
2.257531957260400790e-01 3.444555332042358864e-01 3.820343565633364524e-01 3.125000000000000000e-02
4.658519603420100408e-01 2.360011708923648033e-01 5.813603248045332572e-01 3.125000000000000000e-02
8.411146305530294853e-01 1.179297437719993985e-01 5.162929129569819864e-01 3.125000000000000000e-02
1.550638496985812242e-01 5.599340148795378669e-01 4.025559713818379071e-01 3.125000000000000000e-02
5.613324798673521299e-01 1.664188792078829804e-01 1.670447743844161725e-01 3.125000000000000000e-02
4.888027631083948776e-01 2.935143941643422738e-01 9.129049486745122177e-01 3.125000000000000000e-02
7.487424254440299132e-01 5.833894196397786391e-01 8.784872560118126561e-01 3.125000000000000000e-02
1.094585332268923905e-01 4.384919465677748485e-01 5.791963146460332723e-01 3.125000000000000000e-02
9.330653548880272208e-01 2.467088010095047912e-01 2.570269811707314167e-01 3.125000000000000000e-02
1.252755708739042018e-01 4.336685182371222830e-02 9.026837344926785800e-01 3.125000000000000000e-02
6.592967624289781670e-01 6.103002726170640990e-01 2.953719741443272540e-01 3.125000000000000000e-02
5.810095307996813174e-01 7.841700876422358357e-02 4.865258711887089915e-01 3.125000000000000000e-02
9.476516935104188910e-01 6.776726184209858062e-01 3.482740173470427747e-01 3.125000000000000000e-02
9.327220198826549069e-01 2.021299495225133414e-01 9.212363960147013087e-01 3.125000000000000000e-02
9.137915981623424555e-01 6.206619081723888653e-01 6.222949408126167148e-01 3.125000000000000000e-02
8.508949687108877669e-01 2.473524598245000761e-01 8.271345831058608544e-01 3.125000000000000000e-02
6.105093986726786159e-01 4.101218259718837633e-02 3.567814230614558269e-01 3.125000000000000000e-02
4.975544051549962710e-01 5.028609808440587248e-01 3.767980682465164044e-01 3.125000000000000000e-02
8.395545475828281035e-01 7.487781231545586058e-01 9.320324919340626790e-01 3.125000000000000000e-02
8.811457805198552595e-01 6.021099078652460967e-01 3.435735800268517881e-01 3.125000000000000000e-02
1.072825531137469590e-01 3.315903639176829287e-01 2.489695082852588226e-01 3.125000000000000000e-02
1.554571575856090460e-01 7.065254656778363618e-02 7.114947164474175745e-01 3.125000000000000000e-02
4.196324246096658911e-02 5.995533020207974850e-01 1.690124800628516055e-01 3.125000000000000000e-02
2.612817592370419995e-01 3.413978566765726308e-01 5.537832418661721157e-01 3.125000000000000000e-02
1.545151243354321302e-01 7.208856131063348660e-02 3.139987198258835654e-01 3.125000000000000000e-02
2.769857649121983401e-01 3.676536680153537628e-01 6.718262520759503698e-01 3.125000000000000000e-02
6.833988552864286303e-01 2.403451493543479200e-01 3.874315211563629791e-01 3.125000000000000000e-02
2.010790266283465910e-01 6.128023153260575562e-01 8.454507165616279019e-02 3.125000000000000000e-02
6.846849141171755804e-01 6.055378545065637219e-01 7.600695892332061110e-01 3.125000000000000000e-02
4.623648910212569407e-01 6.415157217490913277e-02 7.810586417849544327e-01 3.125000000000000000e-02
6.440228352077273510e-02 3.486717991371951486e-01 5.093907990483595993e-01 3.125000000000000000e-02
5.339164012844862528e-01 5.337769765703304081e-01 2.914963416235307192e-01 3.125000000000000000e-02
1.520567801246751616e-01 3.208483114534820824e-01 9.278803651212019776e-01 3.125000000000000000e-02
2.066852110164169587e-01 6.979381667595748739e-01 5.410680781974934739e-01 3.125000000000000000e-02
4.596044577929054298e-01 6.817555400445436398e-01 4.611912141580492563e-01 3.125000000000000000e-02
6.781484564292756811e-01 5.472212650097560971e-01 3.384878764597989420e-01 3.125000000000000000e-02
7.407299775658335861e-01 5.003450283922667996e-01 2.562690062934777080e-01 3.125000000000000000e-02
1.817551460799278762e-01 6.185887124565321304e-01 9.304686903455210434e-01 3.125000000000000000e-02
4.598969875192410184e-01 7.332574266641429528e-01 5.710167144170679165e-01 3.125000000000000000e-02
8.007191756574827401e-01 7.015222423293946408e-01 7.958035800955333139e-01 3.125000000000000000e-02
8.272234141517288419e-01 5.581216207818844033e-02 9.302963017470065044e-01 3.125000000000000000e-02
3.644082954424340270e-01 2.943213316718754080e-01 4.655797126597614743e-02 3.125000000000000000e-02
1.246389970824418603e-01 7.284098809408211528e-01 8.463954973874676657e-01 3.125000000000000000e-02
4.570272471008298143e-01 2.721919003040917939e-01 2.494476211991157877e-01 3.125000000000000000e-02
6.073106623220696498e-01 5.564251121318539856e-02 4.588068541890145263e-02 3.125000000000000000e-02
4.332459898420979449e-01 8.145462955635615621e-02 2.674446764807121291e-01 3.125000000000000000e-02
2.385883581369536155e-01 2.179785053706033149e-01 1.541142792643041548e-01 3.125000000000000000e-02
9.446151995169221882e-01 7.616294386511592851e-01 4.147382144122452319e-01 3.125000000000000000e-02
1.840197744186925499e-01 5.023367960578153379e-01 4.909112623894410499e-01 3.125000000000000000e-02
9.588216662041545435e-01 7.941185277443790769e-02 7.655322859191997509e-01 3.125000000000000000e-02
3.016235912482755355e-01 2.092962323064733454e-01 6.523480358118837197e-01 3.125000000000000000e-02
2.619342359290292022e-01 5.223210991999009956e-01 5.162267348771456543e-01 3.125000000000000000e-02
4.288334266586087407e-01 4.403322588877965349e-01 3.003607999246528659e-01 3.125000000000000000e-02
6.936637871309176973e-01 3.372069411335034683e-01 3.692614629555239780e-01 3.125000000000000000e-02
8.081158573960041114e-01 7.134130975654792151e-01 7.438185395684086820e-02 3.125000000000000000e-02
2.493378057779051526e-01 2.882830350007654086e-01 7.952810744096069362e-01 3.125000000000000000e-02
9.551482134155914183e-01 7.458666321943844268e-01 8.796390739530564051e-01 3.125000000000000000e-02
3.092714984975279968e-01 7.628582920181746774e-01 2.650812884904230060e-01 3.125000000000000000e-02
1.305370202020926795e-01 7.325775506533531711e-01 2.500814895013402928e-01 3.125000000000000000e-02
8.578626990629747429e-01 2.321722104061473557e-01 3.866158400725892563e-01 3.125000000000000000e-02
3.821526718633588282e-01 5.834813399358481645e-01 2.541942898803489226e-01 3.125000000000000000e-02
8.179898021174866196e-01 2.065845966865335892e-01 5.022401163961826009e-01 3.125000000000000000e-02
9.149221247168097815e-01 4.988233020866873479e-01 8.443338176210607449e-01 3.125000000000000000e-02
4.226434763712610954e-01 1.280758797490263445e-01 5.976104412695768531e-01 3.125000000000000000e-02
8.719635858353842472e-01 3.312158425538643813e-01 5.488233843987226912e-01 3.125000000000000000e-02
3.809701848882007802e-01 4.184157011625199152e-01 7.349328339959257939e-01 3.125000000000000000e-02
3.439132491793206459e-01 7.128170903828131566e-01 8.396736376586584338e-01 3.125000000000000000e-02
7.689715247705800061e-02 2.183113616394068146e-01 4.495020431180017928e-01 3.125000000000000000e-02
1.293386456960694542e-01 2.882510419122041312e-01 7.250914302665772970e-01 3.125000000000000000e-02
6.692323260713992639e-01 4.902585160674285958e-01 6.973703775521989945e-01 3.125000000000000000e-02
2.233659565247204104e-01 2.832523597127399317e-01 6.652273271351214490e-01 3.125000000000000000e-02
8.555325903418691258e-01 4.322125646982202252e-01 2.962809227614405794e-01 3.125000000000000000e-02
5.959555438060867849e-02 5.551234113684824223e-01 3.864134703916285302e-02 3.125000000000000000e-02
1.151511359683438512e-01 3.306324624516092658e-01 5.404362472827291264e-02 3.125000000000000000e-02
3.524477978202409378e-01 4.901454058943487957e-01 2.928762014643109812e-01 3.125000000000000000e-02
2.278905778021579065e-01 1.165811345787315656e-01 5.723189787690704522e-01 3.125000000000000000e-02
6.830656305356431757e-01 5.268183911894190885e-01 9.208072069254756853e-01 3.125000000000000000e-02
3.378426302515877971e-02 5.085575322468516291e-01 5.941177222790370305e-01 3.125000000000000000e-02
6.842022787826094188e-01 6.313380041551243105e-01 5.091942468327350646e-01 3.125000000000000000e-02
3.443420652470086107e-01 6.144946203802111873e-01 1.224152427803981147e-01 3.125000000000000000e-02
4.456584103718049250e-01 4.147148762459931803e-01 6.818341352511383402e-01 3.125000000000000000e-02
6.155887559563725242e-01 6.853835761478453970e-01 6.113995327262904400e-01 3.125000000000000000e-02
8.968494386460904577e-01 6.432993093449655975e-01 9.390185096509037210e-01 3.125000000000000000e-02
8.935463851045234440e-01 5.782494035356999795e-02 1.950987539008812166e-01 3.125000000000000000e-02
3.960637597823616352e-01 7.334552392553728151e-01 3.125271120086839938e-01 3.125000000000000000e-02
8.823833697071806759e-01 1.494199689111056495e-01 6.510476670388433140e-01 3.125000000000000000e-02
2.631863333179566000e-01 6.046644790239432549e-02 8.744777960897492930e-02 3.125000000000000000e-02
8.851112850011313982e-02 7.007030561452166628e-01 7.248911729647822266e-01 3.125000000000000000e-02
8.731834598878766007e-01 5.272794545811845257e-01 5.271311834664529350e-01 3.125000000000000000e-02
3.166684665756671069e-01 7.672471603548967067e-01 3.708022427556775247e-01 3.125000000000000000e-02
2.974999782144697735e-01 2.070797946814927903e-01 5.136056968425843916e-01 3.125000000000000000e-02
3.761821067534762419e-01 3.679334198062083616e-01 3.476350454039749405e-01 3.125000000000000000e-02
9.410878377462289501e-01 1.296615809123829732e-01 1.220037061047258148e-01 3.125000000000000000e-02
3.531797457414838082e-01 4.671323393919873390e-01 6.492279423594015109e-01 3.125000000000000000e-02
7.075687512124554379e-01 5.014672372164596936e-01 7.934879967944943324e-01 3.125000000000000000e-02
9.464615594879562943e-01 6.874728216285859173e-01 7.480268509603518190e-01 3.125000000000000000e-02
5.206215065281085685e-01 6.013991211154678940e-01 9.300696153655558795e-01 3.125000000000000000e-02
1.412379503607603393e-01 1.101655533929212782e-01 5.840888028252038122e-01 3.125000000000000000e-02
9.532121021193519228e-01 3.261037480155878354e-01 3.878142345570997906e-01 3.125000000000000000e-02
1.698206344036928550e-01 5.363891485291251149e-01 6.469643360382847375e-01 3.125000000000000000e-02
4.284747063645057419e-01 6.633796266596184710e-01 1.412333414217442629e-01 3.125000000000000000e-02
6.606720112532685762e-01 2.854796189394369077e-01 7.004064391343903795e-01 3.125000000000000000e-02
6.438323385440345437e-01 5.669275675081535404e-01 5.346153135147410085e-01 3.125000000000000000e-02
1.348222915547606926e-01 3.299637648065005813e-01 4.112877339205213145e-01 3.125000000000000000e-02
1.341729294335944067e-01 4.784022481207503286e-01 6.905164029380147506e-01 3.125000000000000000e-02
2.099064827563137947e-01 4.535313686840871522e-02 5.170154504292259201e-01 3.125000000000000000e-02
8.213533087670397137e-01 3.064967673617857158e-01 2.401848293890439523e-01 3.125000000000000000e-02
1.067487532548538343e-01 9.416680580004373191e-02 2.388091683994739700e-01 3.125000000000000000e-02
9.275456300930529085e-02 6.627536824718016639e-01 1.832377444145311673e-01 3.125000000000000000e-02
5.559522554594824584e-01 6.016734640311600657e-01 4.591339675053749403e-01 3.125000000000000000e-02
5.264694586048772607e-01 2.889622153857944742e-01 7.638871252199950224e-01 3.125000000000000000e-02
6.788607276467464313e-01 7.594197083420516359e-01 7.430772984843763140e-01 3.125000000000000000e-02
3.733548462699107229e-01 2.236670682935315846e-01 4.962221519126277514e-01 3.125000000000000000e-02
6.703811985025260878e-01 2.357884500876171185e-01 5.228560728848936634e-01 3.125000000000000000e-02
7.058938979771451905e-01 7.439626039354464426e-01 5.071583255382170474e-01 3.125000000000000000e-02
3.128784529610817433e-01 4.365066724365126993e-01 9.038925474668498827e-01 3.125000000000000000e-02
5.194638474142442286e-01 2.283151859984600129e-01 8.538113648507371645e-01 3.125000000000000000e-02
3.295939148534959839e-01 6.645983828210278999e-01 4.610967191247922203e-01 3.125000000000000000e-02
8.963343220862800553e-01 2.481315385075850144e-01 4.560258551083235523e-01 3.125000000000000000e-02
4.943354693630220287e-01 6.051515516445624687e-01 8.227202764559601311e-01 3.125000000000000000e-02
1.616306573268245228e-01 3.460919656556668556e-01 8.214264573457410457e-01 3.125000000000000000e-02
7.981562241460985474e-01 1.067801468586570962e-01 1.778593895637153310e-01 3.125000000000000000e-02
3.164362733744448541e-01 8.682731344896349457e-02 4.293715651630558572e-01 3.125000000000000000e-02
1.321415985777330548e-01 4.503104753315107511e-01 2.623971310729588668e-01 3.125000000000000000e-02
5.904059987652713337e-01 1.179251616414327686e-01 9.461411266423750410e-01 3.125000000000000000e-02
9.055261286162566980e-01 3.202002421914410535e-01 2.582924319932051183e-01 3.125000000000000000e-02
3.611902254647100241e-01 6.931877889289366212e-01 7.530942371094583310e-01 3.125000000000000000e-02
2.028437113249260682e-01 3.284816767731629228e-01 7.299059000301210132e-01 3.125000000000000000e-02
5.252257334864190996e-01 3.909112886094280870e-01 3.176184209093342592e-02 3.125000000000000000e-02
9.053693177754634780e-01 1.901061757031381749e-01 8.359415362196210841e-01 3.125000000000000000e-02
7.839625358387508625e-01 1.486203497449040956e-01 5.991049599408864168e-01 3.125000000000000000e-02
4.232273860137508170e-01 1.588016237749778348e-01 1.317600738392619153e-01 3.125000000000000000e-02
3.608090400220927835e-02 5.431914153847301474e-01 8.932881939742068900e-01 3.125000000000000000e-02
5.939495638730880600e-01 7.416080052545303003e-01 1.698137506863035273e-01 3.125000000000000000e-02
5.728525852970378640e-01 6.058948320601026394e-01 7.771159705092622882e-01 3.125000000000000000e-02
3.542473069571677735e-01 5.997686579693778386e-01 7.211505282572496789e-01 3.125000000000000000e-02
1.639123302705315088e-01 6.698847830677769899e-01 4.449888782941351373e-01 3.125000000000000000e-02
4.872597958331238988e-01 3.619222694372730698e-01 5.636056263851633163e-01 3.125000000000000000e-02
8.692173875542741346e-02 6.773198003414234725e-01 8.923872979909530656e-01 3.125000000000000000e-02
1.438626707782587333e-01 2.779243843533847347e-01 1.956613151705411391e-01 3.125000000000000000e-02
1.399048145242622332e-01 6.949017229625222836e-01 8.457243044877074678e-02 3.125000000000000000e-02
9.504553095021938125e-01 1.023825097643208393e-01 8.407537336189866428e-01 3.125000000000000000e-02
5.623494753023400294e-01 3.025891472656816461e-01 3.521959780860854927e-01 3.125000000000000000e-02
7.412788842853519355e-01 2.632478050656618107e-01 6.474864843285704774e-01 3.125000000000000000e-02
3.226624785718587574e-01 5.612369628765996321e-01 3.462289459439892858e-01 3.125000000000000000e-02
7.135355686385168594e-01 6.324595540443062047e-01 2.353089157416297927e-01 3.125000000000000000e-02
9.442050282931093719e-01 1.509889865855917612e-01 3.039133499906961355e-01 3.125000000000000000e-02
1.998080851564452698e-01 2.860604215627966518e-01 4.813070823319584024e-01 3.125000000000000000e-02
2.375973694820997240e-01 4.906343487369924650e-01 1.357775537175458513e-01 3.125000000000000000e-02
4.615342439206890357e-01 2.689709843093808783e-01 3.279694488627560300e-01 3.125000000000000000e-02
4.836727266050946938e-01 5.694978812028348436e-01 9.610874261786514494e-02 3.125000000000000000e-02
8.554750040819416590e-01 5.731751587900387745e-01 1.967181770834938725e-01 3.125000000000000000e-02
9.117133522694097492e-01 4.046552652172490938e-01 9.685705419846549757e-01 3.125000000000000000e-02
2.161807571569415443e-01 4.257447963076110287e-01 3.033575398999329154e-01 3.125000000000000000e-02
7.861848646054765410e-01 5.651567813947279140e-01 5.554754207203458360e-01 3.125000000000000000e-02
8.959048471882322673e-01 3.943665374345270425e-01 8.504676671887982931e-01 3.125000000000000000e-02
8.131077911343422837e-01 1.889535682661701022e-01 7.542738715305408181e-01 3.125000000000000000e-02
4.266045963430509236e-02 2.693367839417145637e-01 2.464694793987029231e-01 3.125000000000000000e-02
5.139895643157204042e-01 7.233288659996094383e-01 2.456061415465114195e-01 3.125000000000000000e-02
6.660698226044601267e-01 4.684991997011037079e-01 4.068471467758749682e-02 3.125000000000000000e-02
8.558013903347470031e-01 4.148100447688089498e-01 5.999473280536055109e-02 3.125000000000000000e-02
2.596980080761551735e-01 4.653712627153401282e-01 7.374126121176658444e-01 3.125000000000000000e-02
2.523445850990332362e-01 4.888686764564909581e-01 6.308958527785077930e-01 3.125000000000000000e-02
9.205065323082884943e-01 6.052286733811272912e-01 8.265736904281306696e-01 3.125000000000000000e-02
4.910186641590079670e-01 1.679445828972948584e-01 9.648268371496577789e-01 3.125000000000000000e-02
3.593682909032833717e-01 2.188570208242479609e-01 2.799718667534819572e-01 3.125000000000000000e-02
1.505881488313200456e-01 4.190341028940831603e-01 1.642036959701351773e-01 3.125000000000000000e-02
5.400566058318238827e-02 3.484605384778456938e-01 6.426168076645053517e-01 3.125000000000000000e-02
8.311681026486057444e-01 3.818020268814107943e-01 9.398805047353299136e-01 3.125000000000000000e-02
3.622816963875106350e-02 3.962440727774201032e-02 5.105204258503311943e-01 3.125000000000000000e-02
8.365649746794299180e-01 1.433700800670575370e-01 3.187270492831670993e-02 3.125000000000000000e-02
6.795388510920643554e-01 1.115665073954780762e-01 2.793589981276252687e-01 3.125000000000000000e-02
5.230410007612118495e-01 2.924908060976063040e-01 1.440100109182527732e-01 3.125000000000000000e-02
7.389697851289702690e-01 6.839536152687071269e-01 1.252360100711080448e-01 3.125000000000000000e-02
7.427980200803205868e-01 4.383210861608441422e-02 9.378639856973933764e-01 3.125000000000000000e-02
6.078668943454026419e-01 4.386738060063294919e-01 3.087029689896197970e-01 3.125000000000000000e-02
9.547893868785611859e-01 6.090050260671693305e-01 5.178030503622798042e-01 3.125000000000000000e-02
1.847039948296704259e-01 3.567634307077085509e-01 2.776249590542084755e-01 3.125000000000000000e-02
5.206835193896228731e-01 5.718054404069321250e-02 8.808419560505789114e-01 3.125000000000000000e-02
9.668693758771799152e-01 7.598182623834754956e-01 5.968653052725730879e-01 3.125000000000000000e-02
1.512695660476406356e-01 4.613547128555146037e-01 3.318559585102035664e-02 3.125000000000000000e-02
2.177293762501809060e-01 7.363908301754704677e-01 3.410380368151661457e-01 3.125000000000000000e-02
6.297407241658892207e-01 2.383838772912789949e-01 9.198330191671152400e-01 3.125000000000000000e-02
7.142738093276438383e-01 2.743677287162917811e-01 7.735263323565976235e-01 3.125000000000000000e-02
6.722435443212934070e-01 1.068041328067986656e-01 4.034617177650069442e-01 3.125000000000000000e-02
2.906091220711152223e-01 4.046779030013055722e-01 3.592790754723864666e-01 3.125000000000000000e-02
9.270953693566444942e-01 2.647057798949764007e-01 8.063799409710085131e-01 3.125000000000000000e-02
4.395608192477501452e-01 6.202833210518782225e-01 8.969895670663500242e-01 3.125000000000000000e-02
3.117065417598275934e-01 3.176980364122151679e-01 4.871300809337326676e-01 3.125000000000000000e-02
3.964517256364707420e-01 2.257786687572158335e-01 9.168366110207413211e-01 3.125000000000000000e-02
6.543739873760362480e-01 3.432526496225143386e-01 2.178040061801412575e-01 3.125000000000000000e-02
3.757581146111818038e-01 5.525679594473400513e-01 6.401883351643408160e-01 3.125000000000000000e-02
5.457961881868481635e-01 6.324784675283249280e-01 1.236972206776353472e-01 3.125000000000000000e-02
7.883410663998814405e-01 6.886789026120741786e-02 6.192131669954921147e-01 3.125000000000000000e-02
9.521072912078225592e-01 7.633419076798965142e-01 1.424520484679055177e-01 3.125000000000000000e-02
2.054532014618709601e-01 1.084928786774538162e-01 1.405236991527486212e-01 3.125000000000000000e-02
6.539347860135772406e-01 3.274950364404417003e-01 1.116824379873454232e-01 3.125000000000000000e-02
5.690091377813895068e-01 7.355969272421337690e-01 9.493309249898538305e-01 3.125000000000000000e-02
6.641805442069595999e-01 4.700202866703187543e-02 1.271720148946196005e-01 3.125000000000000000e-02
3.051662798445519131e-01 7.562052060939067344e-01 1.622616676858952833e-01 3.125000000000000000e-02
3.900914555400982753e-01 4.951718030394589715e-02 8.103416693706670948e-01 3.125000000000000000e-02
1.252188475851153671e-01 6.707469744253263810e-01 3.071245288715834243e-01 3.125000000000000000e-02
4.393938746798347061e-01 6.178991884975321147e-01 6.664140837443845999e-01 3.125000000000000000e-02
9.104978510412866655e-01 4.893409900270326296e-01 1.229470263866119517e-01 3.125000000000000000e-02
8.603378405393284911e-01 5.985021996790859111e-01 6.986285477124893895e-01 3.125000000000000000e-02
9.522920778131654940e-01 3.265807943677435099e-01 6.555044359154749145e-01 3.125000000000000000e-02
2.539279418622028550e-01 2.313382496781188347e-01 2.731805117547567718e-01 3.125000000000000000e-02
3.819337109443678435e-01 3.364129121454712545e-01 6.747314656254433940e-01 3.125000000000000000e-02
3.086487278533189826e-01 2.549277920470037762e-01 3.648960824758138433e-01 3.125000000000000000e-02
7.909082014467802013e-01 4.572226914069696946e-01 1.018224498431885561e-01 3.125000000000000000e-02
3.004556683309337894e-01 4.355890079322898845e-01 5.406431002969714905e-01 3.125000000000000000e-02
6.892254527603902670e-01 5.351717028567481993e-02 8.499869636580346111e-01 3.125000000000000000e-02
3.294018415253623377e-01 7.378245437701582699e-01 9.366258856065131644e-01 3.125000000000000000e-02
5.486589620984951704e-02 6.939952804510963746e-01 5.348469949519132349e-01 3.125000000000000000e-02
1.457052564091879943e-01 2.227051722044944004e-01 8.757309154367934334e-02 3.125000000000000000e-02
2.279941942532580645e-01 1.288254352041338646e-01 2.124090241948963231e-01 3.125000000000000000e-02
1.570377856983946607e-01 2.646990767066238481e-01 3.113284164236946316e-01 3.125000000000000000e-02
2.703722987343494255e-01 5.847707819064070778e-01 9.668963635232192821e-01 3.125000000000000000e-02
5.318543034019960203e-01 7.275995044615323204e-01 4.030719801181856243e-01 3.125000000000000000e-02
4.938190271461044834e-01 5.158197117258620512e-01 4.634845804553826554e-01 3.125000000000000000e-02
4.903296053417648404e-01 1.283693703381619533e-01 4.034503126040313026e-01 3.125000000000000000e-02
7.742177240083593093e-01 6.475389527178133653e-01 4.844928107853343491e-01 3.125000000000000000e-02
8.573639856963499728e-01 7.071090203920652462e-01 2.858291519607325526e-01 3.125000000000000000e-02
2.154228048321443212e-01 5.265016763647467624e-01 8.215374653760164625e-01 3.125000000000000000e-02
5.138441600329871628e-01 1.348241470111515850e-01 6.995865337802247286e-01 3.125000000000000000e-02
6.691688893911679203e-02 7.367012772075788307e-01 6.567207694098345927e-01 3.125000000000000000e-02
9.351878932388576482e-01 4.232270302693395547e-01 7.831892411521380604e-01 3.125000000000000000e-02
3.822631098872562583e-01 2.921915365223227146e-01 3.858760785360618728e-01 3.125000000000000000e-02
4.501187378460135835e-01 6.485303944004042753e-01 2.392100286031213496e-01 3.125000000000000000e-02
4.943236771833137144e-01 7.168438203419814636e-01 6.567637876125077545e-01 3.125000000000000000e-02
5.831207700138820726e-01 6.481415154741126949e-02 2.168588749435576557e-01 3.125000000000000000e-02
4.185182430348933780e-01 5.549179999490704285e-01 7.717526591648046219e-01 3.125000000000000000e-02
3.286814349218588616e-01 7.534618020264162164e-01 6.403029642835958990e-01 3.125000000000000000e-02
8.571856819869979605e-01 4.412540454963475023e-01 7.265029129553034482e-01 3.125000000000000000e-02
5.546407101586704469e-01 3.471791534155690417e-01 8.967115823503815086e-01 3.125000000000000000e-02
1.004621389664829972e-01 3.933377093360999055e-01 7.039620314492430753e-01 3.125000000000000000e-02
7.232670740853653912e-01 6.997894173629666259e-01 7.811238458584165434e-01 3.125000000000000000e-02
1.610345387790794447e-01 1.743182132301455411e-01 4.822272951030056043e-01 3.125000000000000000e-02
3.108554362864181519e-01 6.673874467157699941e-01 5.808849889255793819e-01 3.125000000000000000e-02
6.317793064261422176e-01 5.391281337754887382e-01 7.105108318017733238e-02 3.125000000000000000e-02
6.957018133814216188e-02 2.213934995525456140e-01 7.252296853202718774e-01 3.125000000000000000e-02
8.738986430954537310e-01 4.639539100896352686e-01 5.826478160854735577e-01 3.125000000000000000e-02
6.337535033021515773e-02 7.676633510599113475e-01 1.546024975307579152e-01 3.125000000000000000e-02
7.253254968421174453e-01 6.367487064041778000e-01 3.809886212236280323e-01 3.125000000000000000e-02
6.213699003210801930e-01 5.712048866155298166e-01 8.657295700491941526e-01 3.125000000000000000e-02
7.134044182606141815e-02 3.152091601670017201e-02 2.878743400516852180e-01 3.125000000000000000e-02
4.204299264048067530e-01 4.147389300905660048e-01 4.548190794542006365e-01 3.125000000000000000e-02
1.043682667585855428e-01 6.248899844673563297e-01 9.368406147082922186e-02 3.125000000000000000e-02
9.309646615899158650e-01 2.084655860222479062e-01 7.466939658638683808e-01 3.125000000000000000e-02
1.182980122512199556e-01 1.540747786375053496e-01 8.292485672328162583e-01 3.125000000000000000e-02
2.388970426277728931e-01 6.388582884501131653e-02 4.355542314142795135e-01 3.125000000000000000e-02
6.618379430538705588e-01 6.422543617569155261e-01 8.306459428833775638e-01 3.125000000000000000e-02
6.197740746252817373e-02 2.113158124546985484e-01 3.491511766975653464e-01 3.125000000000000000e-02
2.081864477744242437e-01 6.234443415433303937e-01 7.507491528921336199e-01 3.125000000000000000e-02
5.157809753571600542e-01 7.561582775219435337e-01 1.663048822726646281e-01 3.125000000000000000e-02
2.480515184184579336e-01 2.583071472455171769e-01 9.175915347421303991e-01 3.125000000000000000e-02
3.953123435697993293e-01 1.006652966130687638e-01 4.939798729495405993e-01 3.125000000000000000e-02
8.053795517722778241e-01 6.348363446090681261e-01 1.066704833163129862e-01 3.125000000000000000e-02
5.949010228198626793e-01 6.467574567037869260e-01 2.543492590012206289e-01 3.125000000000000000e-02
2.257931881881579395e-01 6.127454354305255091e-01 2.875144405061287878e-01 3.125000000000000000e-02
6.142647419322172508e-01 4.211968648783429581e-01 4.712978329485809081e-01 3.125000000000000000e-02
7.432346107415400693e-01 1.626732042677102585e-01 1.917237951454611178e-01 3.125000000000000000e-02
4.361024849840995365e-01 2.678015880831476903e-01 1.007417355434600953e-01 3.125000000000000000e-02
2.433090320393809791e-01 4.285695175696609821e-02 3.367389143785589622e-01 3.125000000000000000e-02
5.023525596591918996e-01 5.216766399468036886e-02 5.555452812817881503e-01 3.125000000000000000e-02
8.508901015167783521e-01 5.509899933822942630e-01 6.152828027921602994e-01 3.125000000000000000e-02
5.996205370873826102e-01 7.607024555756796147e-01 7.982197343975271364e-01 3.125000000000000000e-02
3.505668536415799674e-01 1.433846809702612468e-01 7.663049510629569294e-01 3.125000000000000000e-02
7.286917068422577026e-01 7.444470090847508104e-01 8.514147143181302058e-01 3.125000000000000000e-02
7.617068042421067942e-01 3.930299279105254340e-01 6.028310610754262777e-01 3.125000000000000000e-02
2.306397582610894559e-01 3.827529935684029772e-01 1.363173883202329628e-01 3.125000000000000000e-02
9.032434646034658288e-01 1.649349008340337819e-01 4.075514812106754703e-01 3.125000000000000000e-02
4.574280005285776274e-01 1.858320125469317408e-01 3.569934388586070151e-01 3.125000000000000000e-02
3.585193831134457221e-01 1.744682281149334546e-01 4.185638485463419878e-01 3.125000000000000000e-02
5.213977652411072583e-01 6.402699884142268316e-02 1.679760930039225497e-01 3.125000000000000000e-02
3.377583591633037119e-01 1.085652278492725276e-01 1.095599267706097169e-01 3.125000000000000000e-02
8.399994293119559252e-01 2.187874960795412049e-01 6.555794475822650513e-01 3.125000000000000000e-02
7.969303315905231777e-01 4.790457220960167017e-01 9.288955094823587721e-01 3.125000000000000000e-02
7.045498682086098752e-01 6.226934647754158725e-01 5.592625182883580875e-02 3.125000000000000000e-02
6.918534676499393798e-01 7.118992893414580747e-01 6.097205099760546476e-01 3.125000000000000000e-02
8.037407131275270400e-01 4.229499191152683024e-02 4.600519051116978009e-01 3.125000000000000000e-02
6.022755293220719564e-01 1.677733367984325374e-01 3.706570129003065178e-02 3.125000000000000000e-02
3.995417234930663530e-02 4.236681517643711148e-01 9.151056964636189450e-01 3.125000000000000000e-02
2.440791610588042559e-01 1.235567227464904189e-01 9.351966468275419997e-01 3.125000000000000000e-02
3.573817366359891001e-02 4.396524793582314850e-01 1.380257232606532103e-01 3.125000000000000000e-02
7.081479977503246648e-01 5.461108270838384016e-01 1.965621007479585736e-01 3.125000000000000000e-02
6.348725344274344096e-01 4.013076838912096322e-01 7.920485662080154476e-01 3.125000000000000000e-02
3.486073369720087411e-01 4.571534386980278808e-01 8.306901480255710624e-01 3.125000000000000000e-02
3.595643299592904407e-01 2.288916533470098380e-01 8.927109579021476338e-02 3.125000000000000000e-02
7.616665568931457742e-01 6.250315203407804665e-01 7.524191740932082428e-01 3.125000000000000000e-02
7.085938320405519297e-01 2.073198950683907416e-01 9.160883647560766896e-01 3.125000000000000000e-02
7.997091927261267275e-01 3.914763192135785053e-01 1.571253347354607810e-01 3.125000000000000000e-02
2.731587094453949427e-01 3.803719726257925871e-01 8.132902405214721409e-01 3.125000000000000000e-02
7.249496019204123565e-01 7.443800116254658539e-01 4.197856486517384522e-01 3.125000000000000000e-02
3.644185766197355347e-01 6.359854195270712995e-02 2.039415373614004434e-01 3.125000000000000000e-02
2.536152800484461345e-01 1.665845444651121443e-01 7.388598998717792465e-01 3.125000000000000000e-02
5.336402949463546763e-01 5.236299285756196298e-01 8.004332757869128123e-01 3.125000000000000000e-02
8.827560185144508464e-01 3.329033647997450829e-01 3.427333591650753020e-01 3.125000000000000000e-02
9.589297652609629630e-01 5.065064786247972517e-01 3.743731498167320315e-01 3.125000000000000000e-02
1.268933106535694022e-01 6.122889656479856280e-01 6.950702501447727499e-01 3.125000000000000000e-02
8.955460617955296465e-01 1.914907771456561547e-01 1.389915781139674789e-01 3.125000000000000000e-02
5.359704110647022235e-01 4.534320358904600501e-01 2.419787453681230827e-01 3.125000000000000000e-02
3.297527511974258085e-01 5.688489259057744052e-01 5.648712239665104606e-01 3.125000000000000000e-02
6.516533699416348080e-01 9.059454818461484815e-02 5.395502694616890471e-01 3.125000000000000000e-02
3.650068059077252736e-01 7.594833049158178362e-01 4.405194355839928827e-02 3.125000000000000000e-02
4.928005564207670053e-02 4.515307115946716188e-01 3.074846018323875163e-01 3.125000000000000000e-02
4.681453848369212523e-01 6.879041888228897283e-01 5.774064028602196585e-02 3.125000000000000000e-02
6.161250549395501652e-01 3.555621674841004665e-01 4.117413086224382818e-02 3.125000000000000000e-02
9.358699465114342919e-01 7.407421493498463905e-01 2.352051971375360706e-01 3.125000000000000000e-02
1.044451757921602691e-01 2.696212108811135710e-01 8.875551485535846385e-01 3.125000000000000000e-02
7.006754235067683689e-01 4.122100065606571495e-01 1.560087407976558649e-01 3.125000000000000000e-02
7.563637545517930549e-01 3.308759664682626167e-01 9.341505220736817661e-01 3.125000000000000000e-02
8.015674385277200553e-01 4.353311907765481936e-01 6.709311678711489257e-01 3.125000000000000000e-02
6.973487455908111698e-01 4.037711609805823554e-01 4.800993470166013410e-01 3.125000000000000000e-02
2.511405331878414637e-01 2.798974713279017701e-01 2.096192271156241960e-01 3.125000000000000000e-02
6.151146819727111303e-01 6.494424452847731288e-01 9.082744661294576138e-01 3.125000000000000000e-02
4.799148673267341625e-01 4.553944483966133050e-01 9.650941627824107805e-01 3.125000000000000000e-02
1.420963706898746570e-01 2.035433819519402721e-01 1.642505560064924375e-01 3.125000000000000000e-02
5.303433753955787144e-02 4.229390310893638705e-01 2.232325268148616093e-01 3.125000000000000000e-02
8.155897464836478483e-02 4.645227869896459416e-01 7.555663846557523211e-01 3.125000000000000000e-02
9.223306587854224192e-01 5.714168598501992435e-02 9.067309638812323103e-01 3.125000000000000000e-02
3.089911917977196665e-01 3.331052927731369961e-01 1.219168083050202883e-01 3.125000000000000000e-02
4.183405783515513621e-01 4.657100398556400234e-01 5.598999848126667150e-02 3.125000000000000000e-02
4.721547698057941556e-02 3.100076495623714790e-01 9.488717541332646332e-01 3.125000000000000000e-02
9.375666348532680772e-01 4.255972786322376189e-01 5.432612002796052136e-02 3.125000000000000000e-02
5.553563830962007231e-01 4.082623207942326360e-01 7.755391091550876137e-01 3.125000000000000000e-02
3.850907986394317417e-01 5.255512193146623101e-01 4.734350620671397558e-01 3.125000000000000000e-02
2.730863545605487497e-01 5.894141608492158291e-01 7.185399723563733465e-01 3.125000000000000000e-02
6.590795945518754806e-01 1.908295969131347525e-01 8.391938819741465716e-01 3.125000000000000000e-02
9.280358336177447764e-01 4.233092908551253086e-01 6.400369349650492090e-01 3.125000000000000000e-02
3.250817400639811061e-01 1.720018780710635686e-01 8.768034055899852630e-01 3.125000000000000000e-02
9.116359592629049713e-01 1.952504335591974671e-01 5.501955870001264959e-01 3.125000000000000000e-02
8.234202082077747564e-02 1.722616203003686508e-01 5.975252500245403775e-01 3.125000000000000000e-02
6.520471745414090359e-01 4.597344162715142901e-01 8.465013274993341552e-01 3.125000000000000000e-02
8.313587500146474296e-01 2.939867184342008222e-01 7.410591666959990276e-01 3.125000000000000000e-02
9.882514752642204692e-02 9.736132612281853116e-02 4.260413364575757478e-01 3.125000000000000000e-02
4.528385284149769596e-01 2.412118739629424968e-01 1.764400771760741560e-01 3.125000000000000000e-02
8.395308753519005185e-01 4.059326999129276858e-01 4.635256252843975022e-01 3.125000000000000000e-02
1.798576724191240928e-01 3.332760382447212399e-01 1.033184316428560345e-01 3.125000000000000000e-02
5.540476385867847409e-01 2.656812248831506573e-01 6.070390647161012510e-01 3.125000000000000000e-02
3.817255336805113197e-01 6.102364545989067413e-01 4.206827726651816146e-01 3.125000000000000000e-02
5.826891660114081883e-01 7.560674698638457647e-01 4.994951460374136842e-01 3.125000000000000000e-02
2.493142601160165117e-01 3.920538057418164191e-01 4.831829869697514268e-01 3.125000000000000000e-02
6.022618587834844828e-01 1.675212489424993956e-01 7.407177555419404147e-01 3.125000000000000000e-02
8.150164838494166064e-01 5.078085063787662889e-01 2.247246986165224170e-01 3.125000000000000000e-02
3.664246319758699411e-01 6.815972371758093340e-01 3.773386204120809939e-01 3.125000000000000000e-02
6.397527479289080166e-01 6.625758102386821724e-01 1.186366944175100413e-01 3.125000000000000000e-02
4.562225491032101954e-01 3.515683037771559771e-01 2.923146519400306453e-01 3.125000000000000000e-02
3.598612812976937497e-02 1.686488435414375819e-01 9.498726110209729789e-01 3.125000000000000000e-02
8.443306973012718597e-01 2.277971710773295244e-01 9.347645535509809811e-01 3.125000000000000000e-02
3.993990377021786609e-01 4.380328460613673314e-01 1.465782117279633423e-01 3.125000000000000000e-02
7.983807263654010278e-01 3.980552987088010197e-01 2.509840179730371545e-01 3.125000000000000000e-02
5.869621048840094613e-01 6.162787382151215798e-01 3.383978272362272999e-01 3.125000000000000000e-02
7.540063311900608856e-01 2.940587906099904614e-01 4.788871162040194557e-02 3.125000000000000000e-02
2.454515521939816813e-01 5.699613497137541174e-01 8.923687141213064722e-01 3.125000000000000000e-02
9.040074793016619203e-01 3.816068458565116672e-01 7.056092827216570162e-01 3.125000000000000000e-02
1.004252966763259092e-01 4.578580167701664649e-01 4.035424915588124994e-01 3.125000000000000000e-02
7.446330192260526282e-01 8.121283765591708059e-02 7.661613849547195265e-01 3.125000000000000000e-02
9.085621057249664290e-01 2.760462619096064607e-01 7.009637349942435258e-02 3.125000000000000000e-02
8.952008260739049428e-01 3.701003386173563198e-02 5.834501459236985932e-01 3.125000000000000000e-02
1.753123838493243214e-01 3.590641209767806985e-01 4.954028067278500869e-01 3.125000000000000000e-02
9.591551626696479538e-01 6.251106455217333990e-02 3.135829989661967909e-01 3.125000000000000000e-02
4.860871543618582868e-01 1.037006611817702928e-01 6.322803472795232582e-02 3.125000000000000000e-02
6.542197350009175683e-01 6.711692918158297383e-01 3.477223776181528336e-01 3.125000000000000000e-02
8.522798510094680147e-01 1.175766606238860396e-01 2.543381392976339361e-01 3.125000000000000000e-02
8.126364461031654329e-01 2.349984671589160912e-01 2.755134109678274434e-01 3.125000000000000000e-02
3.901749739400011130e-01 6.010550718130752701e-02 3.895022564399284182e-01 3.125000000000000000e-02
4.292279449065966590e-01 6.667078208556929120e-01 7.804842575984782815e-01 3.125000000000000000e-02
9.483396229229174024e-01 6.228635916463347577e-01 2.889166195758701150e-01 3.125000000000000000e-02
7.709508558322887284e-01 5.420879641343788746e-01 4.058004187215796810e-01 3.125000000000000000e-02
2.642049576275461442e-01 7.671702624797192005e-01 6.818638812392605608e-01 3.125000000000000000e-02
4.786460756727573540e-01 4.519470590312962832e-01 6.039431783200963633e-01 3.125000000000000000e-02
8.207825941606192721e-01 6.646569708031926371e-01 5.988035754706589886e-01 3.125000000000000000e-02
4.384085669384599759e-01 5.188472146162921295e-01 1.503932567092784167e-01 3.125000000000000000e-02
9.540328696911467565e-01 3.387633114718276439e-01 9.439238356063434088e-01 3.125000000000000000e-02
3.308951056004581087e-02 2.416853181612426404e-01 7.945237812851440040e-01 3.125000000000000000e-02
5.555088138415986698e-01 5.341904344571504204e-01 1.815810737942076536e-01 3.125000000000000000e-02
8.573447131889114781e-01 6.924270557716993846e-01 3.756410001135964682e-01 3.125000000000000000e-02
3.607519135132672417e-01 4.087073380487022956e-01 3.892558309037744829e-02 3.125000000000000000e-02
7.845354670879501890e-01 5.818017592372118907e-01 5.293286250848742991e-02 3.125000000000000000e-02
2.425767066295892449e-01 2.683109595092199595e-01 3.384777183657682043e-02 3.125000000000000000e-02
2.170245311932484655e-01 2.110169475820441454e-01 7.975176092805678074e-01 3.125000000000000000e-02
5.753761876784041496e-01 3.724714149962150000e-01 2.184724326865928601e-01 3.125000000000000000e-02
5.580419916947458869e-01 2.787918879421797946e-01 4.614216706679145630e-01 3.125000000000000000e-02
5.423998368399959857e-02 3.495677220865563428e-01 7.821278644091474996e-01 3.125000000000000000e-02
6.383304055562680768e-01 4.464800795774350184e-01 1.921632655889194685e-01 3.125000000000000000e-02
7.765953540343947248e-01 3.035522043145055249e-01 3.243285461781376666e-01 3.125000000000000000e-02
7.615895655979862400e-02 1.722242142065043002e-01 2.657937567264350154e-01 3.125000000000000000e-02
2.726248232002574934e-01 7.382134043124171097e-01 7.981788092629913400e-01 3.125000000000000000e-02
8.096597056015576443e-01 1.772068571493140843e-01 1.294571270559043974e-01 3.125000000000000000e-02
8.459979931609248882e-02 5.685613358564481912e-01 6.455667943650950091e-01 3.125000000000000000e-02
4.524071420101131169e-01 6.709745080788135363e-01 3.149341505946743891e-01 3.125000000000000000e-02
3.693453065485634013e-01 6.516940489317293306e-01 9.434808521264639314e-01 3.125000000000000000e-02
7.604218124532406975e-01 8.367732671471320161e-02 3.522561552509591576e-01 3.125000000000000000e-02
4.803326613621567431e-01 7.283532321655361574e-01 8.733395009525040109e-01 3.125000000000000000e-02
8.092975298707710818e-01 5.081384775001873688e-01 7.530519863111476697e-01 3.125000000000000000e-02
9.635899356624919587e-01 3.074399883555696822e-01 4.631349323211509383e-01 3.125000000000000000e-02
7.416379300881997816e-01 3.037507655969085563e-01 4.767859424754702369e-01 3.125000000000000000e-02
3.459572923085881824e-01 5.325403220797327863e-01 6.188109847524954354e-02 3.125000000000000000e-02
2.065317317339040726e-01 5.287290817953302913e-01 2.909995275557295535e-01 3.125000000000000000e-02
9.140771875683897374e-01 3.226980722552563186e-01 8.788728604985439619e-01 3.125000000000000000e-02
3.453928837616656033e-01 2.706424993563771864e-01 9.647493801829022386e-01 3.125000000000000000e-02
2.164296934781656245e-01 4.205555414027731809e-01 6.607959924059209067e-01 3.125000000000000000e-02
2.615331052585357918e-01 7.031482746545030249e-01 6.889533315699469807e-02 3.125000000000000000e-02
9.634764075471298206e-01 2.777059820424094272e-01 1.815361409613433230e-01 3.125000000000000000e-02
7.867163991926457989e-01 6.448899770049434932e-02 9.350820450196491163e-02 3.125000000000000000e-02
3.101738557384682293e-01 6.620821879360508366e-02 9.647306411490365052e-01 3.125000000000000000e-02
4.033489425851871646e-01 1.661770553999325772e-01 8.543192280129056071e-01 3.125000000000000000e-02
7.565481022613047557e-01 6.550928770985766647e-01 8.410880087235875768e-01 3.125000000000000000e-02
4.416736708060185479e-01 6.577453711246780133e-01 5.907518915982699070e-01 3.125000000000000000e-02
4.993159592308703543e-01 6.445243428912924566e-01 3.850553110128022150e-01 3.125000000000000000e-02
5.758249245753262191e-02 3.455373028317581530e-01 1.109399649850306424e-01 3.125000000000000000e-02
6.938616139341352573e-01 4.333358829091943365e-01 3.282499791471493733e-01 3.125000000000000000e-02
9.118479309607302463e-01 4.294193253253472675e-01 1.952330983033682965e-01 3.125000000000000000e-02
5.017215656909850274e-01 4.022238456450426547e-01 1.166278609738750638e-01 3.125000000000000000e-02
6.907439311094357159e-02 4.081885264339150110e-01 5.797004462100526639e-02 3.125000000000000000e-02
9.323472892654959265e-01 3.941513441267339157e-01 5.638937657431605244e-01 3.125000000000000000e-02
6.685594439618069984e-01 2.279611206218081221e-01 6.403074303016014213e-01 3.125000000000000000e-02
6.783981695337112927e-02 1.006444191755590384e-01 5.567299068304848442e-01 3.125000000000000000e-02
5.772610291864814780e-01 1.796566018349336213e-01 4.514400535076996124e-01 3.125000000000000000e-02
6.165313037025113019e-01 7.634548295007426155e-01 6.409922636913464311e-01 3.125000000000000000e-02
6.054005787400625893e-01 1.167127970233038242e-01 5.975463347826589500e-01 3.125000000000000000e-02
1.204702312971723810e-01 1.312527023798774617e-01 9.442840231647533500e-01 3.125000000000000000e-02
2.534047046667161629e-01 6.600591735571431640e-01 8.837690858618597600e-01 3.125000000000000000e-02
7.716494716496118400e-01 6.811644173083335474e-01 3.300053301701831310e-01 3.125000000000000000e-02
9.052060925734255470e-01 5.609910184065756145e-01 4.524978096642613967e-01 3.125000000000000000e-02
5.773770983245125610e-01 2.708433455783851862e-01 2.520843940674598604e-01 3.125000000000000000e-02
7.211574456728573335e-01 1.886111282696249225e-01 7.862077394673466779e-01 3.125000000000000000e-02
4.375920792236054901e-01 3.522214463365634929e-01 7.486796191730442640e-01 3.125000000000000000e-02
8.823365421418991605e-01 3.644870382442231271e-01 1.253162507334544817e-01 3.125000000000000000e-02
7.100385930395113343e-01 6.179316843055916442e-01 6.275651630067500264e-01 3.125000000000000000e-02
8.323113517567316544e-01 1.352171542651393610e-01 3.362676750695672290e-01 3.125000000000000000e-02
5.802923146990728309e-01 3.338010227879913416e-01 7.278339617499196557e-01 3.125000000000000000e-02
3.890259448119618574e-02 1.194806209302585326e-01 3.315258405898652838e-01 3.125000000000000000e-02
8.329984890132552389e-01 1.446855789374286716e-01 8.990325648926602575e-01 3.125000000000000000e-02
6.516753553529424092e-01 2.404191198290916154e-01 2.758518024018600245e-01 3.125000000000000000e-02
4.618887132914837323e-01 5.229814753957178208e-01 8.668381305959940164e-01 3.125000000000000000e-02
7.473352224414895328e-01 4.166154014641845205e-01 8.363761620294164478e-01 3.125000000000000000e-02
2.419435982101538207e-01 4.278314015205673115e-01 8.695289222774018612e-01 3.125000000000000000e-02
5.320659398074222279e-01 1.503427007853303521e-01 8.313615753416061516e-01 3.125000000000000000e-02
5.511016224718562340e-01 1.693590631169696603e-01 3.365020616869639491e-01 3.125000000000000000e-02
7.972375023348116096e-01 4.529887999527711373e-01 5.183593365455982926e-01 3.125000000000000000e-02
1.523200174190786904e-01 5.396155746643161999e-01 7.634783822418448329e-01 3.125000000000000000e-02
3.346362246342480251e-01 3.331062799581563372e-01 7.747513359954628642e-01 3.125000000000000000e-02
7.307214407118390875e-01 3.969075363780323329e-01 5.364532362389530518e-02 3.125000000000000000e-02
5.508704495613307994e-01 7.477540596555779517e-01 7.213462805945625167e-01 3.125000000000000000e-02
1.823827552457853440e-01 3.424797675621875093e-01 6.346380056726117491e-01 3.125000000000000000e-02
8.241598970359867993e-01 6.265235873770690356e-01 2.550534372926704374e-01 3.125000000000000000e-02
5.722882765450646586e-02 2.557167120707456442e-01 5.195106781147151853e-01 3.125000000000000000e-02
5.649744061204556855e-01 5.861201505838523618e-01 6.827672072928760993e-01 3.125000000000000000e-02
4.891600660104991061e-01 2.684171548728855328e-01 6.747696749581786335e-01 3.125000000000000000e-02
4.232528484824885084e-02 1.005926118808659481e-01 8.298911835613186350e-01 3.125000000000000000e-02
7.585764197776430073e-01 5.755201911045506602e-01 6.774651904150960080e-01 3.125000000000000000e-02
7.497612349604398929e-01 2.559767039301296121e-01 8.492781476839854626e-01 3.125000000000000000e-02
4.847860366721333802e-01 2.658534405524275446e-01 4.209423654366478140e-01 3.125000000000000000e-02
6.312926989273663914e-01 5.226262138750021879e-01 6.294141953334219108e-01 3.125000000000000000e-02
1.043718472447931617e-01 5.909895333891596048e-01 7.975854767665017109e-01 3.125000000000000000e-02
4.004907102437081923e-01 4.057665623270895749e-01 2.296101889458675993e-01 3.125000000000000000e-02
9.328145543213781643e-01 9.613462641774372930e-02 5.279004358763073057e-01 3.125000000000000000e-02
7.993067336053742977e-01 3.413880440428353480e-01 6.856686686679438480e-01 3.125000000000000000e-02
5.919568601116644846e-01 2.157420576240774990e-01 9.823332311758571633e-02 3.125000000000000000e-02
9.671844151231636655e-01 1.137556382293935797e-01 3.324255764049475342e-02 3.125000000000000000e-02
4.344003788300350721e-01 1.977774350192292585e-01 6.909196327737402443e-01 3.125000000000000000e-02
2.376673686467197233e-01 9.130597873017430588e-02 8.176224484999744524e-01 3.125000000000000000e-02
3.022892374347900812e-01 5.321469703688385122e-01 8.230105133723140121e-01 3.125000000000000000e-02
5.870916522509520563e-01 4.169511906432799009e-01 1.340084490031150932e-01 3.125000000000000000e-02
8.550792978745397344e-01 7.135526828032713320e-01 7.337532972676501508e-01 3.125000000000000000e-02
4.224729688915682679e-01 3.355452173625522727e-01 4.562283636935752229e-01 3.125000000000000000e-02
2.855622562664044128e-01 6.310224369541309608e-01 4.303986019401782187e-02 3.125000000000000000e-02
6.197267605269859425e-01 6.853409843342469498e-01 4.929744587966466973e-01 3.125000000000000000e-02
1.857170967078168033e-01 4.741602167976018967e-01 9.532558793795384844e-01 3.125000000000000000e-02
1.526276772985558361e-01 4.261225379734307622e-02 3.938209400821222061e-01 3.125000000000000000e-02
2.497593370800564871e-01 2.263202481649997655e-01 4.276276863863426314e-01 3.125000000000000000e-02
4.134984529468169745e-01 2.025990400827072657e-01 7.733916760573946725e-01 3.125000000000000000e-02
1.200015527272506322e-01 6.043897475977236811e-01 8.765852970711636161e-01 3.125000000000000000e-02
5.025667970010674335e-01 2.255340169575726084e-01 1.044382554686313636e-01 3.125000000000000000e-02
7.550960245210782684e-01 1.270695891288393664e-01 9.563135535881802651e-01 3.125000000000000000e-02
6.741860237608257034e-01 4.016881791952892078e-01 6.592563173664020004e-01 3.125000000000000000e-02
7.895792755402141205e-01 7.590008123486050584e-01 4.821476413331085564e-01 3.125000000000000000e-02
5.114594802296117404e-01 3.792848188460241632e-01 3.919205589317760752e-01 3.125000000000000000e-02
4.573069501127434433e-02 5.084776702669766557e-01 5.055275436044524007e-01 3.125000000000000000e-02
2.816514080470905457e-01 1.255020218661148657e-01 5.086385933342820742e-01 3.125000000000000000e-02
9.647320540656955101e-01 6.364860272783184891e-01 8.998235421234483944e-01 3.125000000000000000e-02
6.095822939873273283e-01 2.218425914011793176e-01 3.607578682268581249e-01 3.125000000000000000e-02
7.935187046854416670e-02 5.365734384538323187e-02 1.332200653871863649e-01 3.125000000000000000e-02
7.431710567537457290e-01 4.949500413612822891e-02 2.104224004099564116e-01 3.125000000000000000e-02
3.201684595793700683e-01 3.255713480288743855e-02 5.744508517677634485e-01 3.125000000000000000e-02
4.943560975258284168e-02 4.724918179091127102e-01 6.655397844945112329e-01 3.125000000000000000e-02
2.152274196400074946e-01 6.494308064619770393e-01 6.179669508960202728e-01 3.125000000000000000e-02
8.114604700749479260e-01 2.556829809490369088e-01 8.550489851457102053e-02 3.125000000000000000e-02
5.303141197171963306e-01 7.612129550560990665e-02 3.071267588409446470e-01 3.125000000000000000e-02
1.908612152902373071e-01 1.204337495043889400e-01 8.762714034553971132e-01 3.125000000000000000e-02
3.976755011492860703e-01 4.954960728582240015e-01 5.808685224076276521e-01 3.125000000000000000e-02
7.316650527760587552e-01 1.948824340354659845e-01 8.233452700665906676e-02 3.125000000000000000e-02
4.035444069057636529e-01 2.476235076768382448e-01 6.344928586656117808e-01 3.125000000000000000e-02
2.103869397965623111e-01 5.790999434742840624e-01 5.577467132340792055e-01 3.125000000000000000e-02
8.095774861595870231e-01 7.650247346097706069e-01 1.758469873966266028e-01 3.125000000000000000e-02
7.975793283114098742e-01 3.090214777390979384e-01 4.052513027433310433e-01 3.125000000000000000e-02
5.136890674695533399e-01 1.403812502879295820e-01 6.110761964631090670e-01 3.125000000000000000e-02
3.684208259547795405e-01 4.927580297989290203e-01 9.609559435255911053e-01 3.125000000000000000e-02
2.454140358999002680e-01 3.510301742593997798e-02 2.032315616035780259e-01 3.125000000000000000e-02
9.479142313992429125e-01 3.295332709153868389e-02 4.614790688482550141e-01 3.125000000000000000e-02
4.354926876128703550e-01 1.855122521248744050e-01 4.320561072028844540e-01 3.125000000000000000e-02
3.541264703055614915e-01 2.559328213508861305e-01 7.997909027264806792e-01 3.125000000000000000e-02
5.386673419486335268e-01 6.922753003542946315e-01 5.866041839652417211e-01 3.125000000000000000e-02
4.032555147294272224e-01 4.942805547783197251e-01 7.221952175824717379e-01 3.125000000000000000e-02
9.620817176217751898e-01 6.807879930948389502e-01 9.516900563028279914e-02 3.125000000000000000e-02
2.471422459383346704e-01 5.049171875670976917e-01 2.176279596902765956e-01 3.125000000000000000e-02
1.288251846350433605e-01 1.604718812191084920e-01 7.371488028720942776e-01 3.125000000000000000e-02
1.534922144871311844e-01 2.319069589683644683e-01 6.454347523234106321e-01 3.125000000000000000e-02
6.485745237810511821e-01 4.946902951922182989e-01 2.554279768804288420e-01 3.125000000000000000e-02
6.656576999091927682e-01 2.704902044204518519e-01 8.556538409025044034e-01 3.125000000000000000e-02
1.656949252144440110e-01 5.384955470255491788e-02 8.839165107982720204e-02 3.125000000000000000e-02
9.642189692083596997e-01 4.385389162947193609e-01 2.569876634207503008e-01 3.125000000000000000e-02
2.865408101186548429e-01 6.375436058933879879e-01 8.085452078588586389e-01 3.125000000000000000e-02
8.378945312118026845e-01 6.724095836193854092e-01 1.788086085525816271e-01 3.125000000000000000e-02
3.720888073516813443e-02 6.010793139436697574e-01 3.240299535085757743e-01 3.125000000000000000e-02
2.459009451090496123e-01 4.570664688317459257e-02 8.953501043072671362e-01 3.125000000000000000e-02
9.844210181993282016e-02 4.828815987434314505e-01 1.044242378280531708e-01 3.125000000000000000e-02
6.227218710257790418e-02 7.462946654631930077e-01 7.842368557253949213e-01 3.125000000000000000e-02
4.778639692232168890e-01 2.748463541272117006e-01 5.146910482789925911e-01 3.125000000000000000e-02
8.679221095599554125e-01 4.958460217662236102e-01 3.776835782206722780e-01 3.125000000000000000e-02
3.742129093147491536e-01 7.369811628660736247e-01 4.349526595832133302e-01 3.125000000000000000e-02
7.436786149895583398e-01 7.662520456260575319e-01 3.230191190981204080e-02 3.125000000000000000e-02
9.627111476846373916e-01 6.209283983915468985e-01 1.639521614163031715e-01 3.125000000000000000e-02
3.474177927733003712e-01 1.497905733649176341e-01 1.934861948566453105e-01 3.125000000000000000e-02
5.523221576013320755e-01 3.190333642003715386e-01 5.435942465446584881e-01 3.125000000000000000e-02
8.843472090915635575e-02 7.624246914956991361e-01 5.659781727701030940e-01 3.125000000000000000e-02
4.615662713271597162e-01 4.584470523938417169e-02 4.328760963654769700e-01 3.125000000000000000e-02
5.463661736725600182e-01 5.031240010424942177e-01 8.647294103962509249e-02 3.125000000000000000e-02
3.552319148072868860e-02 6.623027723112465681e-01 9.569353183694323528e-01 3.125000000000000000e-02
8.818439995173243950e-01 3.502361976481548761e-02 7.425907762839811799e-01 3.125000000000000000e-02
3.017332368328558001e-01 3.876143684490209601e-02 2.569819798093003760e-01 3.125000000000000000e-02
6.356355344210656844e-01 6.689146324202727145e-01 3.760038194604517492e-02 3.125000000000000000e-02
5.725158216700777097e-02 4.170843984118153269e-01 4.681395575390576158e-01 3.125000000000000000e-02
8.227369400657427168e-01 6.868308975863662846e-01 8.797425784018577666e-01 3.125000000000000000e-02
3.583551385932034344e-02 7.312912943968038482e-01 8.218346058051120839e-02 3.125000000000000000e-02
7.783355590249341205e-01 7.662639176614232106e-01 5.639538852037917493e-01 3.125000000000000000e-02
3.472313399795936006e-01 6.811627089727039230e-01 2.213163261642170088e-01 3.125000000000000000e-02
2.134496605076459663e-01 4.532976389766176784e-01 3.816104556281687543e-01 3.125000000000000000e-02
9.687293297944276071e-01 4.136963116608782798e-01 9.150810471967055770e-01 3.125000000000000000e-02
2.805373942856099201e-01 3.369047343474271816e-01 9.108277537912998767e-01 3.125000000000000000e-02
8.423339852485653423e-02 5.793931958890209399e-01 5.532181959533251092e-01 3.125000000000000000e-02
9.948410927405820781e-02 6.350592144519947579e-01 4.090496059116238703e-01 3.125000000000000000e-02
3.800788582126022885e-01 4.460506896477983707e-01 3.699085731324581183e-01 3.125000000000000000e-02
9.508051916429126615e-01 6.144156669456766195e-01 4.042619902437301072e-01 3.125000000000000000e-02
9.376273297051843647e-01 6.822127387605406712e-01 5.632637043654793452e-01 3.125000000000000000e-02
7.167504365398610355e-01 4.228298538033800624e-02 4.795787859723908420e-01 3.125000000000000000e-02
9.532770428549164343e-01 9.379064873907339006e-02 6.555957669779198804e-01 3.125000000000000000e-02
7.916494900223514097e-02 4.181317371855133164e-02 4.056723615331163380e-02 3.125000000000000000e-02
8.906479177053958640e-01 3.387690349896770314e-01 7.923735743673031573e-01 3.125000000000000000e-02
8.920824768415683281e-02 6.700098182697756810e-01 6.174689419877551488e-01 3.125000000000000000e-02
5.849929167347281966e-01 5.387105575966566473e-01 3.927688714972757400e-01 3.125000000000000000e-02
1.700275121075190687e-01 7.281538468918498097e-01 9.589098163745637393e-01 3.125000000000000000e-02
1.312181265123591456e-01 5.384645484761080292e-01 3.146764020268898454e-01 3.125000000000000000e-02
7.656825785048855249e-01 3.016815030623580807e-01 1.572556577561085855e-01 3.125000000000000000e-02
6.281519438383290632e-01 6.950336079589386484e-01 7.568306944361529176e-01 3.125000000000000000e-02
3.254353597815227150e-01 5.485493032884031228e-01 9.125916535177989175e-01 3.125000000000000000e-02
3.296950920923450434e-01 2.440357571114992186e-01 1.902805608898124057e-01 3.125000000000000000e-02
4.097015058718705971e-01 3.384900588773397112e-02 5.465968314332309008e-02 3.125000000000000000e-02
6.480262178748296131e-01 7.524622469841795169e-01 3.659716230785903246e-01 3.125000000000000000e-02
1.510243164963059326e-01 7.674923385143975763e-01 3.982765166618204011e-01 3.125000000000000000e-02
4.009189728428086408e-01 1.233921547528494533e-01 9.543675377942998361e-01 3.125000000000000000e-02
6.859049282386654456e-01 6.908601934171045844e-01 8.901164578338368605e-01 3.125000000000000000e-02
1.927337163174023815e-01 6.619450396926439550e-01 3.515902628098976912e-01 3.125000000000000000e-02
5.715190920849309020e-01 5.948343186583678055e-02 6.995789340412228441e-01 3.125000000000000000e-02
2.114373599918316360e-01 7.075368127575980548e-01 2.625672382876050870e-01 3.125000000000000000e-02
2.716013097361558160e-01 6.881396395770283947e-01 3.808956160189421181e-01 3.125000000000000000e-02
8.190171784598848648e-01 5.895449750817031154e-01 9.644291018671711235e-01 3.125000000000000000e-02
7.957642938560813839e-01 3.036632442135190901e-01 5.962259068426176700e-01 3.125000000000000000e-02
7.224604453758877165e-01 1.973338469399066597e-01 2.840918007751584984e-01 3.125000000000000000e-02
5.341036682760920140e-01 4.360460333912177244e-01 8.701765293216821018e-01 3.125000000000000000e-02
3.486179934419812443e-01 2.584782758540140613e-01 6.958440074142171472e-01 3.125000000000000000e-02
4.035793751926395334e-01 5.905917715258943712e-01 5.355071325348758488e-02 3.125000000000000000e-02
8.710278297418883042e-01 5.155517407792015866e-02 2.936803238132492666e-01 3.125000000000000000e-02
4.263152915052304676e-02 4.712942742403462559e-01 8.477112307689315118e-01 3.125000000000000000e-02
6.860079005580720368e-01 4.917035191200265776e-01 4.360541799568842247e-01 3.125000000000000000e-02
6.838222919177872061e-01 2.466078739394560737e-01 3.229166411619959626e-02 3.125000000000000000e-02
6.291609927152775894e-01 3.811970306627517902e-01 3.659234311755403812e-01 3.125000000000000000e-02
1.923855154170848458e-01 2.040653878827727863e-01 8.718233232270666822e-01 3.125000000000000000e-02
3.936469839332021325e-01 7.663174874302044470e-01 7.527682848002238414e-01 3.125000000000000000e-02
3.710482228943869920e-01 3.519524915688696520e-01 9.475367244754830942e-01 3.125000000000000000e-02
5.608884356704840757e-01 1.086586891755436379e-01 9.316475382680965145e-02 3.125000000000000000e-02
8.120360034058077270e-01 1.689829392296601784e-01 4.271554504502290128e-01 3.125000000000000000e-02
8.783539756533398357e-01 6.226895301275292560e-01 5.017742767102257861e-01 3.125000000000000000e-02
1.778798114419414267e-01 6.532930661002149808e-01 8.380897144018077949e-01 3.125000000000000000e-02
5.622016520616184287e-01 1.926186763618681907e-01 9.209403650168900279e-01 3.125000000000000000e-02
2.849095796632558075e-01 5.986708185610251087e-01 6.250435761632917586e-01 3.125000000000000000e-02
5.717347923155692568e-02 7.129183814828461419e-01 4.436344689531601659e-01 3.125000000000000000e-02
8.786372302221429065e-01 6.401557684442169549e-01 3.822483935047892023e-02 3.125000000000000000e-02
4.585977479020919567e-01 5.346411286219103776e-01 6.666943416605867201e-01 3.125000000000000000e-02
4.548170756492403988e-01 2.865493518743976176e-01 8.404726501624377732e-01 3.125000000000000000e-02
2.458152461904296315e-01 1.920847934270255575e-01 5.175864239691595897e-02 3.125000000000000000e-02
4.714180396448223176e-01 6.096027079240083912e-01 5.252976742251501685e-01 3.125000000000000000e-02
6.587990871299389539e-01 7.677792175244734230e-01 9.174466403657317581e-01 3.125000000000000000e-02
6.086408618531641279e-01 5.812883007043767591e-01 9.476133184456682068e-01 3.125000000000000000e-02
6.012742860599791517e-02 7.583216003482888823e-01 9.121002224675581749e-01 3.125000000000000000e-02
8.898798409490055183e-01 5.484851597630812509e-02 5.194108027840105279e-02 3.125000000000000000e-02
7.417631643913877859e-01 5.421318968867296917e-01 4.790374360113643926e-01 3.125000000000000000e-02
7.440454304745395264e-01 3.834723675285595101e-01 4.129640200750192558e-01 3.125000000000000000e-02
4.797903493921975016e-01 3.750979794024575931e-01 9.305648176399106131e-01 3.125000000000000000e-02
7.311378515923802057e-01 1.802613076589814067e-01 4.298271271267224969e-01 3.125000000000000000e-02
9.628456741271550490e-01 2.213525467636991428e-01 3.695564292516517191e-01 3.125000000000000000e-02
8.556263972171399557e-01 5.644774531034912890e-01 7.829427665900697830e-01 3.125000000000000000e-02
2.559272936005956289e-01 5.569399618581205580e-01 5.286491867146106416e-02 3.125000000000000000e-02
2.693852950309888472e-01 6.776929039429507862e-01 7.230799605164669464e-01 3.125000000000000000e-02
5.980065361089426101e-02 5.376198357352408586e-01 7.335935897911787240e-01 3.125000000000000000e-02
4.657846083059589692e-01 4.614019475345560450e-01 7.567198937445673845e-01 3.125000000000000000e-02
4.601149292030249360e-01 3.438754655891468892e-01 1.838297537585196761e-01 3.125000000000000000e-02
9.347916102330627863e-01 5.460150014825387865e-01 6.756754939697542373e-01 3.125000000000000000e-02
3.981830888202680940e-01 7.014558801052988013e-01 6.813397670893375224e-01 3.125000000000000000e-02
9.678311205492330371e-01 5.595154962198074511e-01 6.047756698139742371e-01 3.125000000000000000e-02
6.090692811823051889e-01 3.848238379968167422e-01 9.529987517190774415e-01 3.125000000000000000e-02
6.592013667701631663e-01 7.400677260223201825e-01 1.071103595023964461e-01 3.125000000000000000e-02
5.707940865120805229e-01 4.499948004085875253e-01 4.112406317833794955e-01 3.125000000000000000e-02
7.842775179252512441e-01 4.068172789935036726e-01 3.277069489060673302e-01 3.125000000000000000e-02
7.521252561731953667e-01 6.843943865200702303e-01 6.822279699131229558e-01 3.125000000000000000e-02
6.477111866858669131e-01 4.642302691177627866e-02 7.477446803268085196e-01 3.125000000000000000e-02
4.084996357282131840e-01 4.845033665352350971e-02 5.882370015997265833e-01 3.125000000000000000e-02
9.086844976516784689e-01 7.497794627939107226e-01 7.403496760575384306e-02 3.125000000000000000e-02
5.458229297372202415e-02 3.168761691933885127e-01 4.174041783742612477e-01 3.125000000000000000e-02
2.787944806986080715e-01 3.936612129896543966e-02 6.461910975210082286e-01 3.125000000000000000e-02
3.745600458217645534e-01 4.230970458857225697e-02 9.092164353815647138e-01 3.125000000000000000e-02
7.202790090093562636e-01 4.728233402633198468e-01 5.398285043920215687e-01 3.125000000000000000e-02
4.565766152237237252e-01 1.994512189360767851e-01 5.112126582498592864e-01 3.125000000000000000e-02
6.916826077392127514e-01 6.997474009219925017e-01 1.971311548537314218e-01 3.125000000000000000e-02
6.239579535214868633e-01 6.080934433067465283e-01 6.255306719150602879e-01 3.125000000000000000e-02
9.516782995730814765e-01 5.763622629470894765e-01 7.466032644693072484e-01 3.125000000000000000e-02
8.700290025927639448e-01 3.670760331097124018e-02 8.291464838083469902e-01 3.125000000000000000e-02
9.007157898008827379e-01 6.972767218825756119e-01 4.489461299702451891e-01 3.125000000000000000e-02
4.805692105909681877e-01 4.371247792607996785e-01 5.094446850104905611e-01 3.125000000000000000e-02
3.942219615194399451e-01 3.405483524221797897e-01 5.403804261420056543e-01 3.125000000000000000e-02
8.708799533241766699e-01 2.149233916440477232e-01 2.180478255385816244e-01 3.125000000000000000e-02
6.580468693084625675e-01 6.893914909564335947e-01 6.769005477612821675e-01 3.125000000000000000e-02
3.760746006423464904e-01 7.624115045340659202e-01 5.130632236547005842e-01 3.125000000000000000e-02
2.539944360215343755e-01 2.540556174338826079e-01 5.986472154938443646e-01 3.125000000000000000e-02
6.327975726615143737e-01 7.158014144362770947e-01 2.640935694790923494e-01 3.125000000000000000e-02
8.578942675556625597e-01 4.939595153210429301e-01 6.679503665426773651e-01 3.125000000000000000e-02
9.664730984622664778e-01 3.061021948836625262e-01 5.792647997791219305e-01 3.125000000000000000e-02
1.024616330270627373e-01 3.094116070158586251e-01 5.687280623790107459e-01 3.125000000000000000e-02
8.985916751144120695e-01 7.520197321808790303e-01 5.073650989905322817e-01 3.125000000000000000e-02
7.301843244140732159e-01 3.793995992377505178e-02 5.670944197791292218e-01 3.125000000000000000e-02
5.491339495185391106e-01 7.009668932848324152e-01 8.198352848541636817e-01 3.125000000000000000e-02
7.853014710375050278e-01 7.671112576594298904e-01 6.461939006011130360e-01 3.125000000000000000e-02
9.493960330824564586e-01 7.565367956226214385e-01 7.949025461521930236e-01 3.125000000000000000e-02
3.189136283119526349e-01 1.473041137557987434e-01 5.931871990137220774e-01 3.125000000000000000e-02
1.276039704620827997e-01 1.105411413137395715e-01 1.637027375895567793e-01 3.125000000000000000e-02
9.302913173734893570e-01 1.386465113859062237e-01 2.217239841294158798e-01 3.125000000000000000e-02
7.340413855840038915e-01 1.590825575270458092e-01 6.857558360219710991e-01 3.125000000000000000e-02
9.094746220201926912e-01 7.291192885968496018e-01 6.727229858484192748e-01 3.125000000000000000e-02
9.285548272289663174e-01 4.305571907227519479e-01 3.346783792685561476e-01 3.125000000000000000e-02
5.069781880209880409e-01 6.239659663304255588e-01 3.229296968630838982e-02 3.125000000000000000e-02
5.444725342121289335e-01 2.220553214397498754e-01 7.065717373452836680e-01 3.125000000000000000e-02
9.398534790778172443e-01 3.285558817200626147e-02 1.168959122888044155e-01 3.125000000000000000e-02
3.913736134425940816e-02 5.116177633064282748e-01 1.777745256307547150e-01 3.125000000000000000e-02
4.414761804746961671e-01 5.189248511332068547e-01 3.054425074002735663e-01 3.125000000000000000e-02
5.280747166368815471e-01 3.713081155601881123e-01 4.777089125212264920e-01 3.125000000000000000e-02
4.417212827797178942e-01 2.015054577070005681e-01 5.663426621474781236e-02 3.125000000000000000e-02
3.017568692451467194e-01 4.515269341993539132e-01 7.904502305826945074e-02 3.125000000000000000e-02
8.358689034901013448e-01 3.384984175560920017e-01 6.261608687516198590e-02 3.125000000000000000e-02
5.291044312794705717e-02 7.616447659393038583e-01 3.810529113331244666e-01 3.125000000000000000e-02
2.707263834617441578e-01 4.851844989266250741e-01 9.661200393163298372e-01 3.125000000000000000e-02
2.469833253299957287e-01 1.573708612659386052e-01 3.807190848988650234e-01 3.125000000000000000e-02
6.449381041585446894e-01 2.309195951311709960e-01 7.721905671309595709e-01 3.125000000000000000e-02
4.432466265909882908e-01 7.574652571722257921e-01 2.471485447999287322e-01 3.125000000000000000e-02
4.490501079786612948e-02 7.036540839159728389e-01 2.539080866447965823e-01 3.125000000000000000e-02
8.069248059421240127e-01 6.255338040077906836e-01 3.988992815483827781e-01 3.125000000000000000e-02
6.942481393493362685e-01 6.061772133371552407e-01 9.632616388945541841e-01 3.125000000000000000e-02
3.800846014231616665e-02 3.245316809284683190e-02 4.131657084748657227e-01 3.125000000000000000e-02
5.779024272902892889e-01 3.500262927984098549e-01 4.217084271608945167e-01 3.125000000000000000e-02
9.341581617549510330e-01 7.077289525715438900e-01 9.675235539696213083e-01 3.125000000000000000e-02
6.620668766073304345e-01 8.749083698330484271e-02 9.285393200737037667e-01 3.125000000000000000e-02
7.003741988968790189e-01 3.407173690251467935e-02 3.937978709750866169e-01 3.125000000000000000e-02
5.010376156341957987e-01 7.584844208192879078e-01 5.008995637022071179e-01 3.125000000000000000e-02
6.602325684009699991e-01 5.994206201828398139e-01 1.619704918833581586e-01 3.125000000000000000e-02
8.906093191488478888e-02 3.632482284023305086e-01 8.516945405094819010e-01 3.125000000000000000e-02
8.548613037016549177e-01 5.773541726158383236e-01 8.910277436615620106e-01 3.125000000000000000e-02
3.275790059964486106e-02 1.092143203864487794e-01 4.700490842222746490e-01 3.125000000000000000e-02
6.899438765987616629e-01 2.854792924890705019e-01 9.518651832908581190e-01 3.125000000000000000e-02
7.085742703111698182e-01 1.139969460715038602e-01 6.492092810310216844e-02 3.125000000000000000e-02
1.541327971943685093e-01 5.786601001369773289e-01 4.991716699648190980e-01 3.125000000000000000e-02
6.969872344391050412e-01 3.077955741381011578e-01 5.597465262155274512e-01 3.125000000000000000e-02
3.831044682916171507e-01 1.437099064327792552e-01 3.488136209599143611e-01 3.125000000000000000e-02
1.824241049508124601e-01 5.936671529261139391e-01 2.177233193958360569e-01 3.125000000000000000e-02
7.581637004735375385e-01 4.654081321237104052e-01 1.801322633365377845e-01 3.125000000000000000e-02
2.291124267229086020e-01 4.130434585174476703e-01 5.762809375660227218e-01 3.125000000000000000e-02
6.452203597441817928e-01 5.710890594874292736e-01 4.349188429733820693e-01 3.125000000000000000e-02
2.024678660384188755e-01 1.245064617965998682e-01 5.469120064366309042e-02 3.125000000000000000e-02
9.669308996738160689e-01 6.284414289841211421e-02 2.294403880825229558e-01 3.125000000000000000e-02
7.154160673335033804e-01 3.513625240913049175e-01 2.825914220687666956e-01 3.125000000000000000e-02
1.650644834068750177e-01 7.631412520653196863e-01 1.501012515261654912e-01 3.125000000000000000e-02
3.635629386628915771e-01 2.935836692614428589e-01 3.051422362172462877e-01 3.125000000000000000e-02
4.983298846424404904e-01 3.165449425194883926e-01 4.812902672067483067e-02 3.125000000000000000e-02
5.270249755136812569e-02 7.864055138110102872e-02 9.599360491039661269e-01 3.125000000000000000e-02
2.488271677610064958e-01 5.514881239180027261e-01 4.043388966391163186e-01 3.125000000000000000e-02
1.706752975666462890e-01 7.171688326370465605e-01 6.230305313706390180e-01 3.125000000000000000e-02
4.927797586347047454e-01 5.761753586469579025e-01 2.018011381401937365e-01 3.125000000000000000e-02
5.959557289328326624e-01 2.965360206549934041e-01 9.681857025621285473e-01 3.125000000000000000e-02
2.474707706478707081e-01 7.683067623099086862e-01 9.582194177466568652e-01 3.125000000000000000e-02
3.352720020504546677e-02 6.616076956500653861e-01 3.753024062204624589e-01 3.125000000000000000e-02
8.368318583610909744e-01 4.332174994539769730e-01 8.072376063313945194e-01 3.125000000000000000e-02
9.684222116728036234e-01 3.436717318299634116e-01 7.314436496159609780e-01 3.125000000000000000e-02
5.581785213548002833e-01 6.440411016617715312e-01 5.262705617454108697e-01 3.125000000000000000e-02
2.733936036811857595e-01 5.809249364759482281e-01 1.363452667266924490e-01 3.125000000000000000e-02
9.556343693010920237e-01 4.852229044576824579e-01 5.520388503088033971e-01 3.125000000000000000e-02
1.199296445597558963e-01 3.345624005368003778e-02 5.996747665607049527e-01 3.125000000000000000e-02
8.520564240526423694e-02 5.835794626186123768e-01 2.354535003763184586e-01 3.125000000000000000e-02
6.003105680218209228e-01 1.828459473943390423e-01 6.404462175943723690e-01 3.125000000000000000e-02
8.333596919508897694e-01 4.982755704414109643e-01 4.613861231557933040e-01 3.125000000000000000e-02
3.618591254149320924e-01 5.918936941798662588e-01 8.141779574548690945e-01 3.125000000000000000e-02
9.874505132417656095e-02 6.386693543283645802e-01 4.991517201453860575e-01 3.125000000000000000e-02
1.723219284375694937e-01 5.153187543991478714e-01 9.324886440680837940e-02 3.125000000000000000e-02
1.801612738846267991e-01 1.162224607065234505e-01 4.309986234320284937e-01 3.125000000000000000e-02
6.916771371036961602e-02 1.586767096847920000e-01 1.304953843604020891e-01 3.125000000000000000e-02
1.345102481379861215e-01 2.475197571938663188e-01 3.949948009850994257e-01 3.125000000000000000e-02
7.749846756944094306e-01 7.614576271297525123e-01 3.246689866071301722e-01 3.125000000000000000e-02
2.429093744377229247e-01 3.992815484821320426e-01 9.469770378333225436e-01 3.125000000000000000e-02
4.300843393695663597e-01 3.539125811798303212e-01 9.584237965009724525e-02 3.125000000000000000e-02
8.952781603890104245e-01 4.565981264322811484e-01 4.872587163821441303e-01 3.125000000000000000e-02
5.137097315148115850e-01 6.501245113535750741e-01 7.265951057345700903e-01 3.125000000000000000e-02
3.461400625384734170e-02 4.115655550287822262e-01 5.636250537995447507e-01 3.125000000000000000e-02
3.104566081834729818e-01 1.360869926276665753e-01 6.830534074311324089e-01 3.125000000000000000e-02
4.563380620894392226e-01 5.753001346956918560e-01 4.065270474197180683e-01 3.125000000000000000e-02
9.350610524388407452e-01 1.943366856581713320e-01 4.191546408918359057e-02 3.125000000000000000e-02
4.386442963326118299e-02 3.533660336658655532e-01 1.880088255491449423e-01 3.125000000000000000e-02
1.482375318321046964e-01 4.171502029452711646e-01 3.459291689907601497e-01 3.125000000000000000e-02
9.685639906360318241e-01 2.175596418332830517e-01 1.314437150953887690e-01 3.125000000000000000e-02
1.361810099721190437e-01 3.938519203238945443e-01 9.538598549451162700e-01 3.125000000000000000e-02
2.975519047942828399e-01 1.590054486795987876e-01 2.615294096248870215e-01 3.125000000000000000e-02
6.272037801338338214e-01 4.838615557639278641e-01 7.661636282686190569e-01 3.125000000000000000e-02
8.536499463140732047e-01 3.789539818430648355e-01 6.241382158174346717e-01 3.125000000000000000e-02
5.936148217806649363e-01 2.931575595035115223e-01 8.230729285519843286e-01 3.125000000000000000e-02
4.944364783321456708e-02 2.570955057080009931e-01 4.351328629123366737e-02 3.125000000000000000e-02
4.612914679163411802e-01 4.912313748507741162e-01 2.218424122935405696e-01 3.125000000000000000e-02
4.946132789854356115e-01 1.273438936401972144e-01 5.280974028576619350e-01 3.125000000000000000e-02
1.643574895951642190e-01 7.685003686811838763e-01 7.910230095605558231e-01 3.125000000000000000e-02
8.869265471840580561e-01 7.622436029830271798e-01 5.982082083878631495e-01 3.125000000000000000e-02
8.418353880853920446e-01 8.036796702577848894e-02 6.815743359626481590e-01 3.125000000000000000e-02
7.694926851887315955e-01 4.968131141234594095e-01 6.124508744997549936e-01 3.125000000000000000e-02
5.696577458466985933e-01 7.045172801990081668e-01 3.316627470955194057e-01 3.125000000000000000e-02
3.186248267123943934e-01 4.159911314958811834e-01 1.836155428423797420e-01 3.125000000000000000e-02
7.600346823460145673e-01 5.910334460477746354e-01 3.149955323043329147e-01 3.125000000000000000e-02
2.065293886771096543e-01 1.342748040255578590e-01 3.131396859956006029e-01 3.125000000000000000e-02
3.522685190351597384e-02 6.506736957695792301e-01 6.877712428606013173e-01 3.125000000000000000e-02
6.524858033846023808e-01 1.637103858935559375e-01 9.617411635252678392e-01 3.125000000000000000e-02
6.265463497053270769e-01 1.395965281915708123e-01 3.438896573114260669e-01 3.125000000000000000e-02
4.378552460497298071e-02 6.627724841049278393e-01 7.852009953113677776e-01 3.125000000000000000e-02
1.140351206939361484e-01 2.422012032507966373e-01 9.667713412964731301e-01 3.125000000000000000e-02
6.270977699520252635e-01 3.325032248047735117e-01 5.081858615812644420e-01 3.125000000000000000e-02
4.498375015339434180e-02 3.145879843674462967e-02 2.094126152522838569e-01 3.125000000000000000e-02
3.311131965981253256e-01 3.771353818817421710e-01 5.940738911852394555e-01 3.125000000000000000e-02
6.504727794246292216e-01 1.441165349078399327e-01 4.716281154707291368e-01 3.125000000000000000e-02
6.446333018781194024e-01 4.150925893882395079e-01 5.497486128890096690e-01 3.125000000000000000e-02
1.170998120429903033e-01 5.357379401781967587e-01 9.459493389715598610e-01 3.125000000000000000e-02
5.204890604459000425e-01 7.663458703113017467e-01 4.727265284379462973e-02 3.125000000000000000e-02
7.672930354879592407e-01 1.163372022932608468e-01 4.642910519280205595e-01 3.125000000000000000e-02
1.334089092299778900e-01 2.248658258687069866e-01 7.919577064964300472e-01 3.125000000000000000e-02
4.636903748292620087e-01 1.168338908417899807e-01 1.992744945348332852e-01 3.125000000000000000e-02
1.950910269347391757e-01 4.553790643844226049e-01 7.883498110680300375e-01 3.125000000000000000e-02
9.105441981879126567e-01 7.188447984314742800e-02 3.973194127343467885e-01 3.125000000000000000e-02
3.891594393765612780e-02 1.283340639969573482e-01 7.430907957757293403e-01 3.125000000000000000e-02
8.812725460619714735e-01 7.566265324672666326e-01 8.522590043176007102e-01 3.125000000000000000e-02
6.666540533116133149e-01 3.284456768267359633e-02 2.759932385885549011e-01 3.125000000000000000e-02
4.836886162873160755e-01 7.647161887503201028e-01 9.569693083863631822e-01 3.125000000000000000e-02
7.515864755438924627e-01 1.426846914291914625e-01 8.737707808037102897e-01 3.125000000000000000e-02
1.879900720583853602e-01 3.495024863837868367e-01 1.984131671291339827e-01 3.125000000000000000e-02
4.963792531818276288e-01 7.341092703126453345e-02 9.530810064743688859e-01 3.125000000000000000e-02
3.356459010981559243e-02 5.041836123249627821e-01 4.112200823723899390e-01 3.125000000000000000e-02
6.031959410671824395e-01 1.410954821381772417e-01 2.611700526683380374e-01 3.125000000000000000e-02
7.182027173371512418e-01 5.230808068428818292e-01 7.160134135627435614e-02 3.125000000000000000e-02
1.911990701091496048e-01 1.937431102928732496e-01 9.677831409607574598e-01 3.125000000000000000e-02
5.779092197488047006e-02 2.056093725607685829e-01 8.598448804469953632e-01 3.125000000000000000e-02
6.047590452977684716e-01 4.315311243797047280e-02 8.835047819270839264e-01 3.125000000000000000e-02
9.559892878062401511e-01 1.352796814248911628e-01 9.649982597470809775e-01 3.125000000000000000e-02
5.645685864305253210e-01 2.738005478771283752e-01 4.462098809305145575e-02 3.125000000000000000e-02
4.276630169050208430e-01 3.276217093447600370e-02 1.360548692417470340e-01 3.125000000000000000e-02
4.960699360632976340e-01 5.640627222979891497e-01 7.302109695954064339e-01 3.125000000000000000e-02
7.521612549668361680e-01 2.335256335430470065e-01 5.542158503326836128e-01 3.125000000000000000e-02
7.719236229034188712e-01 3.528045354924071453e-01 5.292709532054280519e-01 3.125000000000000000e-02
4.463185865663250040e-01 7.684972722436069770e-01 3.804928422060966375e-01 3.125000000000000000e-02
5.032233118223479185e-01 7.685808201229366032e-01 7.974197847521814486e-01 3.125000000000000000e-02
3.659837382502393321e-01 1.428055123217584210e-01 3.421379939418760924e-02 3.125000000000000000e-02
4.892099410079371880e-01 5.296232745270759157e-01 5.510145210554768802e-01 3.125000000000000000e-02
8.941900209311518521e-01 6.792284884878423412e-01 8.184259348748502694e-01 3.125000000000000000e-02
7.018150039538076923e-01 3.606885421628460153e-01 7.306600307159032415e-01 3.125000000000000000e-02
4.444339352618840167e-01 5.445240358083485166e-01 9.543412922060635628e-01 3.125000000000000000e-02
3.711805453609364203e-01 4.483466350444123005e-01 5.085674377774462851e-01 3.125000000000000000e-02
9.567272447752225295e-01 3.622151586201538542e-01 2.097008899417438510e-01 3.125000000000000000e-02
3.214767287026224496e-01 1.470383170740220957e-01 9.662812876130705275e-01 3.125000000000000000e-02
4.917366869663796769e-01 6.691214267678344263e-02 6.464655536391639146e-01 3.125000000000000000e-02
8.626159975970524307e-01 1.230007262816884966e-01 7.544963135834502621e-01 3.125000000000000000e-02
3.382179457523411537e-01 2.760735747881755686e-01 8.793436983598476031e-01 3.125000000000000000e-02
8.419701758735652630e-01 2.801142203388053420e-01 1.530645051656104316e-01 3.125000000000000000e-02
4.051558030769550900e-01 5.904205804257108836e-01 3.344979513598856924e-01 3.125000000000000000e-02
4.424413832120226153e-02 1.646329288368629795e-01 6.701084339435469106e-01 3.125000000000000000e-02
3.000163118766996373e-01 6.500163735814630250e-01 3.128041511537612562e-01 3.125000000000000000e-02
9.589765190783214877e-01 3.276940033093953542e-01 3.143451384129185983e-02 3.125000000000000000e-02
6.629260709919475580e-01 9.849891178352375432e-02 1.970665299508657653e-01 3.125000000000000000e-02
5.064175322640460664e-01 4.469601014739638112e-01 3.188478804111716247e-01 3.125000000000000000e-02
3.826726743812826625e-01 7.589480824024394945e-01 1.802660435005471740e-01 3.125000000000000000e-02
3.679106028669437006e-02 1.090329665280064669e-01 7.372994124214091172e-02 3.125000000000000000e-02
3.570507796996485461e-01 5.380296048765879913e-02 7.199714727694249694e-01 3.125000000000000000e-02
7.747104165220821681e-01 1.096273839390862759e-01 2.672683099699163511e-01 3.125000000000000000e-02
8.721443517373949073e-01 2.931145400851475347e-01 6.724000655848104691e-01 3.125000000000000000e-02
5.653795668812575670e-01 3.746758526127364486e-01 2.957569214167826699e-01 3.125000000000000000e-02
4.916289448565078768e-01 2.197591271555281445e-01 7.716771744275096045e-01 3.125000000000000000e-02
3.887643272846552089e-01 3.040594977656257969e-01 1.582897947376435410e-01 3.125000000000000000e-02
8.911477231678341937e-01 4.611201134525438894e-01 9.154200425510367056e-01 3.125000000000000000e-02
9.425499128312760933e-01 7.618358197998585934e-01 3.144444375462135954e-01 3.125000000000000000e-02
2.487843658796058677e-01 6.671062288382409999e-01 9.664177703937768538e-01 3.125000000000000000e-02
3.296456343749728513e-01 3.508644837338828482e-02 5.419084976253388947e-02 3.125000000000000000e-02
3.321968091179100524e-01 3.510619770157507036e-01 4.172054298204571632e-01 3.125000000000000000e-02
2.252663348045799707e-01 1.917877765164436865e-01 5.405441679112013009e-01 3.125000000000000000e-02
7.049403903145505801e-01 3.273528767128061623e-02 3.329401418796969214e-02 3.125000000000000000e-02
1.490448905811807556e-01 1.331095262250081568e-01 6.615798766462351876e-01 3.125000000000000000e-02
1.874295629059706536e-01 4.331324869802720134e-01 4.530972382759548278e-01 3.125000000000000000e-02
1.874177208897587765e-01 7.610802362848900771e-01 4.028077933847081654e-02 3.125000000000000000e-02
1.885276453609850689e-01 2.225079242605562391e-01 2.294749662956341030e-01 3.125000000000000000e-02
4.379929510967950912e-01 9.783268344925882820e-02 8.745768111549541146e-01 3.125000000000000000e-02
1.829558965058092901e-01 5.607254416251207518e-02 9.563557194868366196e-01 3.125000000000000000e-02
7.560463617269811420e-01 3.824154355356330914e-02 6.988422818817225934e-01 3.125000000000000000e-02
4.398492002080697794e-02 3.150394640880793684e-02 7.601184900763577890e-01 3.125000000000000000e-02
5.172935391403417349e-02 5.794633968728216677e-01 9.685164099147649530e-01 3.125000000000000000e-02
6.608898964230771611e-01 3.277583668201238254e-01 7.947738205667826961e-01 3.125000000000000000e-02
5.893464166631547929e-01 6.700935706060181518e-01 4.031393318326880748e-01 3.125000000000000000e-02
4.050797937850904584e-01 4.101866963674807853e-01 6.064283695397869600e-01 3.125000000000000000e-02
2.003289633023406791e-01 7.468195729611029066e-01 8.662765438952717556e-01 3.125000000000000000e-02
8.513195743977142183e-01 7.602456014899499070e-01 4.181464236398163004e-01 3.125000000000000000e-02
1.373928376727580059e-01 8.333504683373599287e-02 5.037249419299902886e-01 3.125000000000000000e-02
4.659295407130483180e-01 7.427388880201315491e-01 7.277182696950872387e-01 3.125000000000000000e-02
8.835736781107760285e-01 3.262283307746016159e-01 4.297173469833256432e-01 3.125000000000000000e-02
3.199266690884901010e-01 7.535403318023851937e-02 8.486185358154511027e-01 3.125000000000000000e-02
1.149887984740721736e-01 4.990550899132885077e-01 8.245717005504191732e-01 3.125000000000000000e-02
5.381438613845122010e-01 3.751045986387048503e-02 4.002673562803785723e-01 3.125000000000000000e-02
6.016372163164557252e-01 7.250311549861657712e-01 8.749470266488511561e-01 3.125000000000000000e-02
6.040172438062401117e-01 5.700145402135637918e-01 2.334633674758664068e-01 3.125000000000000000e-02
3.508177032220259339e-01 6.762574246772764530e-01 4.705610283191799526e-02 3.125000000000000000e-02
4.575727181766551244e-01 3.298812050902180104e-01 6.291503862988530038e-01 3.125000000000000000e-02
2.949848283537065408e-01 7.552578518469926783e-01 5.387215238246344517e-01 3.125000000000000000e-02
3.167321952470662783e-02 1.773773474846750686e-01 5.292927327115994895e-01 3.125000000000000000e-02
5.156731891011102631e-01 6.267653097315090127e-01 6.355217604055802827e-01 3.125000000000000000e-02
3.600187433092546380e-02 6.523142096744422025e-01 6.103237953381965286e-02 3.125000000000000000e-02
8.902145261994534042e-01 2.612460377877328099e-01 5.932861705975189803e-01 3.125000000000000000e-02
4.963406028315148766e-01 6.009318448418732306e-01 3.053252121533165386e-01 3.125000000000000000e-02
6.127638929225377451e-01 2.877056365239635261e-01 1.734060137601576845e-01 3.125000000000000000e-02
8.254456615583785073e-01 4.168139812796387011e-02 2.307136724908344649e-01 3.125000000000000000e-02
4.228918696287121137e-01 7.654796276766721030e-01 8.360431601453899297e-01 3.125000000000000000e-02
0.5 1.0 0.5 100 0.2 100
