z0 z1 k0 cx0 cz0 k1 cx1 cz1
0.477277626528 0.522689359733 2.00116225034 0.49609375 0.596784098202 2.00874535158 0.49609375 0.402917043421
0.47668081933 0.523319180678 2.00109923664 0.49609375 0.596908390789 2.00765794913 0.49609375 0.402847433173
0.47518419554 0.52481580446 84.8901570592 0.49609375 0.543811647515 2.00533113604 0.49609375 0.40268886313
0.466976579833 0.533023420132 2.0 0.49609375 0.59803354354 2.0 0.49609375 0.401966456512
0.460214099618 0.539785858752 2.0 0.49609375 0.605288205738 2.0 0.49609375 0.394711758481
0.455341783257 0.54465819573 92.3044126172 0.49609375 0.555464350754 92.3039649845 0.49609375 0.444535631152
0.45072376731 0.549276385038 55.3366554028 0.49609375 0.56734487275 55.336467739 0.49609375 0.432655059621
0.446674803006 0.553325154617 2.0 0.49609375 0.61861668641 2.0 0.49609375 0.38138357296
0.442570151614 0.557429541868 37.1524151202 0.49609375 0.584299887589 36.8578494128 0.49609375 0.415313281705
0.439248444754 0.560755846136 31.8092747996 0.49609375 0.592459294617 31.7845414652 0.49609375 0.407513035458
0.436205184269 0.563795283717 26.6369587574 0.49609375 0.601853001109 26.6404653617 0.49609375 0.398152975658
0.43292732794 0.567065363286 24.4444293592 0.49609375 0.608115004294 24.7193537958 0.49609375 0.392390984437
0.429809925247 0.570188394727 21.7017909971 0.49609375 0.61641801359 21.701356558 0.49609375 0.383580954315
0.427069554111 0.572935488922 19.357635819 0.49609375 0.62467878898 19.3563693887 0.49609375 0.375316704512
0.42410297524 0.575898016746 17.0086984356 0.49609375 0.634884760243 17.0077630015 0.49609375 0.365108068373
0.421757714681 0.578244367606 15.5264139816 0.49609375 0.64288084951 15.547087995 0.49609375 0.357213882778
0.419326312726 0.580676120308 13.8913724207 0.49609375 0.65299837756 13.891397974 0.49609375 0.347000654315
0.416935171448 0.583060047769 12.5381245315 0.49609375 0.663356423154 12.5366525309 0.49609375 0.336627941917
0.414500627681 0.58549462244 11.3610263604 0.49609375 0.673794288532 11.3589033673 0.49609375 0.326191679162
0.412275080231 0.587717761916 10.4436731652 0.49609375 0.683442741815 10.4407590865 0.49609375 0.316530344274
0.410296549762 0.589698684121 9.41608378253 0.49609375 0.696268615633 9.41348657452 0.49609375 0.303691952127
0.408233340981 0.591754437859 8.65128125617 0.49609375 0.707590389003 8.65051041805 0.49609375 0.292392432462
0.406099911241 0.593883037051 7.80201626568 0.49609375 0.722390402747 7.80188831702 0.49609375 0.27760595382
0.404300914234 0.595708321664 7.19926262009 0.49609375 0.73491783915 7.20052976499 0.49609375 0.265111364684
0.402431823506 0.597603193128 6.6285552036 0.49609375 0.748612220283 6.63112680587 0.49609375 0.251455762469
0.400328523878 0.599672114802 5.98918478231 0.49609375 0.766733175445 5.99043132209 0.49609375 0.233304203127
0.398594865386 0.601390849606 5.50622969513 0.49609375 0.783051395762 5.50664130537 0.49609375 0.21696282546
0.396772190448 0.603228258138 4.96965894304 0.49609375 0.804552857806 4.97031835243 0.49609375 0.195476113535
0.395057030842 0.604953689274 4.55767822528 0.49609375 0.824391337153 4.55785133036 0.49609375 0.175615346996
0.39333143525 0.60666283105 4.16900471919 0.49609375 0.846478747111 4.16857871943 0.49609375 0.15349224326
0.391459940169 0.6085228901 3.74092448098 0.49609375 0.771377867684 3.74018864939 0.49609375 0.228699200551
0.389876086495 0.610102151642 3.40703655855 0.49609375 0.743542795655 3.40671555321 0.49609375 0.256474995376
0.388074949903 0.611901580367 3.0315252184 0.49609375 0.721950128711 3.03139070968 0.49609375 0.278051165776
0.38648211804 0.613488180264 2.73905795952 0.49609375 0.708616496379 2.73875649631 0.49609375 0.291390044939
0.384937457384 0.615036422603 2.46097525359 0.49609375 0.697659450958 2.46084979693 0.49609375 0.302337873471
0.383269744467 0.616711924519 2.16677071873 0.49609375 0.687354811636 2.16661820507 0.49609375 0.312643463662
0.38184890073 0.618142581598 1.91902456066 0.49609375 0.679451999433 1.91853583055 0.49609375 0.320558028549
0.380241391718 0.619750952245 1.61415587448 0.49609375 0.670321893685 1.61233674312 0.49609375 0.329729467727
0.378809289381 0.621178455558 1.36826633401 0.49609375 0.663444878164 1.34966177369 0.49609375 0.337120143509
0.377430199693 0.622559063241 1.13534382083 0.49609375 0.657243343464 1.13403599563 0.49609375 0.342787375847
0.375916968977 0.624070501003 0.887483747873 0.49609375 0.650916848603 0.886287986366 0.49609375 0.3491096594
