9.765625000000000000e-04 8.203798056277818163e-02
2.929687500000000000e-03 5.523406692896359882e-02
4.882812500000000000e-03 2.955181648909704917e-02
6.835937500000000000e-03 5.031213415399665712e-03
8.789062500000000000e-03 -1.827979020772889374e-02
1.074218750000000000e-02 -4.033565423135486439e-02
1.269531250000000000e-02 -6.110050780445593077e-02
1.464843750000000000e-02 -8.055383049461582734e-02
1.660156250000000000e-02 2.994419713576071396e-02
1.855468750000000000e-02 1.309970773616836448e-02
2.050781250000000000e-02 -2.487286587416870365e-03
2.246093750000000000e-02 -1.687251751815244116e-02
2.441406250000000000e-02 -3.012702040433204442e-02
2.636718750000000000e-02 -4.233331100425899440e-02
2.832031250000000000e-02 -5.358174879502772270e-02
3.027343750000000000e-02 -6.396636458643270573e-02
3.222656250000000000e-02 -2.565046768408074662e-03
3.417968750000000000e-02 -1.150139334232669341e-02
3.613281250000000000e-02 -1.984429485113192726e-02
3.808593750000000000e-02 -2.767107704507160149e-02
4.003906250000000000e-02 -3.504993318398308411e-02
4.199218750000000000e-02 -4.203921189948628401e-02
4.394531250000000000e-02 -4.868733288749388377e-02
4.589843750000000000e-02 -5.503308183200406045e-02
4.785156250000000000e-02 -1.636595790025952013e-02
4.980468750000000000e-02 -2.218877635827637418e-02
5.175781250000000000e-02 -2.777624444857057506e-02
5.371093750000000000e-02 -3.313773046659124200e-02
5.566406250000000000e-02 -3.827806720793269779e-02
5.761718750000000000e-02 -4.319850302956790289e-02
5.957031250000000000e-02 -4.789770182509955898e-02
6.152343750000000000e-02 -5.237255168466364852e-02
6.347656250000000000e-02 -2.492266216094923825e-02
6.542968750000000000e-02 -2.893568177346800274e-02
6.738281250000000000e-02 -3.271065717329735278e-02
6.933593750000000000e-02 -3.624304009606893473e-02
7.128906250000000000e-02 -3.952888032218732084e-02
7.324218750000000000e-02 -4.256491029164222173e-02
7.519531250000000000e-02 -4.534865634304502402e-02
7.714843750000000000e-02 -4.787866832022225072e-02
7.910156250000000000e-02 -3.053556732212669989e-02
8.105468750000000000e-02 -3.255737732075997259e-02
8.300781250000000000e-02 -3.432675029643073028e-02
8.496093750000000000e-02 -3.584602099702854927e-02
8.691406250000000000e-02 -3.711841708654783911e-02
8.886718750000000000e-02 -3.814808936233221592e-02
9.082031250000000000e-02 -3.894000666600899718e-02
9.277343750000000000e-02 -3.949984709160569984e-02
9.472656250000000000e-02 -3.274405674458708004e-02
9.667968750000000000e-02 -3.285964133972774093e-02
9.863281250000000000e-02 -3.276423040580017654e-02
1.005859375000000000e-01 -3.246592858925917424e-02
1.025390625000000000e-01 -3.197328898496698546e-02
1.044921875000000000e-01 -3.129524132447486506e-02
1.064453125000000000e-01 -3.044102112341573463e-02
1.083984375000000000e-01 -2.942011434063435127e-02
1.103515625000000000e-01 -3.227082561488792134e-02
1.123046875000000000e-01 -3.094557357773269901e-02
1.142578125000000000e-01 -2.948279796079134041e-02
1.162109375000000000e-01 -2.789227311282571620e-02
1.181640625000000000e-01 -2.618368124299602639e-02
1.201171875000000000e-01 -2.436658580237804905e-02
1.220703125000000000e-01 -2.245039934253745262e-02
1.240234375000000000e-01 -2.044430239884392764e-02
1.259765625000000000e-01 -3.054309149795303435e-02
1.279296875000000000e-01 -2.838358263499901613e-02
1.298828125000000000e-01 -2.615992420412244224e-02
1.318359375000000000e-01 -2.388003869255955758e-02
1.337890625000000000e-01 -2.155142231973239397e-02
1.357421875000000000e-01 -1.918116487211385390e-02
1.376953125000000000e-01 -1.677597297088651018e-02
1.396484375000000000e-01 -1.434207146898419660e-02
1.416015625000000000e-01 -2.878798189282194553e-02
1.435546875000000000e-01 -2.631363504540923381e-02
1.455078125000000000e-01 -2.382665430235364479e-02
1.474609375000000000e-01 -2.133149039633192023e-02
1.494140625000000000e-01 -1.883220078273267761e-02
1.513671875000000000e-01 -1.633241134214935553e-02
1.533203125000000000e-01 -1.383529528773469464e-02
1.552734375000000000e-01 -1.134369270052060230e-02
1.572265625000000000e-01 -2.753952541119847330e-02
1.591796875000000000e-01 -2.506592121951950469e-02
1.611328125000000000e-01 -2.260412065968575579e-02
1.630859375000000000e-01 -2.015557673021584062e-02
1.650390625000000000e-01 -1.772144630902616758e-02
1.669921875000000000e-01 -1.530261903480117924e-02
1.689453125000000000e-01 -1.289974886195072168e-02
1.708984375000000000e-01 -1.051325705142558409e-02
1.728515625000000000e-01 -2.671399798073192944e-02
1.748046875000000000e-01 -2.436078062418300938e-02
1.767578125000000000e-01 -2.202414249516404521e-02
1.787109375000000000e-01 -1.970384430618105087e-02
1.806640625000000000e-01 -1.739951070618311890e-02
1.826171875000000000e-01 -1.511071354629628383e-02
1.845703125000000000e-01 -1.283692124660046341e-02
1.865234375000000000e-01 -1.057753726929266946e-02
1.884765625000000000e-01 -2.600738951379144570e-02
1.904296875000000000e-01 -2.377484590933437447e-02
1.923828125000000000e-01 -2.155467839237085181e-02
1.943359375000000000e-01 -1.934616908636416222e-02
1.962890625000000000e-01 -1.714858273870661920e-02
1.982421875000000000e-01 -1.496121389316718009e-02
2.001953125000000000e-01 -1.278335460950641433e-02
2.021484375000000000e-01 -1.061430300909749214e-02
2.041015625000000000e-01 -2.520742414538201803e-02
2.060546875000000000e-01 -2.305403270271827454e-02
2.080078125000000000e-01 -2.090751399498907981e-02
2.099609375000000000e-01 -1.876730778769253316e-02
2.119140625000000000e-01 -1.663287423156983857e-02
2.138671875000000000e-01 -1.450371017127949358e-02
2.158203125000000000e-01 -1.237933706725818928e-02
2.177734375000000000e-01 -1.025932239797100465e-02
2.197265625000000000e-01 -2.427581069564521687e-02
2.216796875000000000e-01 -2.216332699363021685e-02
2.236328125000000000e-01 -2.005413162188185439e-02
2.255859375000000000e-01 -1.794791603135098557e-02
2.275390625000000000e-01 -1.584441801501629277e-02
2.294921875000000000e-01 -1.374341113291688288e-02
2.314453125000000000e-01 -1.164470927962929503e-02
2.333984375000000000e-01 -9.548117649295140286e-03
2.353515625000000000e-01 -2.327420813887692841e-02
2.373046875000000000e-01 -2.118144067696536847e-02
2.392578125000000000e-01 -1.909039935367207175e-02
2.412109375000000000e-01 -1.700099623183670694e-02
2.431640625000000000e-01 -1.491318432425042806e-02
2.451171875000000000e-01 -1.282688562339412419e-02
2.470703125000000000e-01 -1.074205280342938051e-02
2.490234375000000000e-01 -8.658689205964464897e-03
2.509765625000000000e-01 -2.227267514864880726e-02
2.529296875000000000e-01 -2.019216693948108765e-02
2.548828125000000000e-01 -1.811308038776185403e-02
2.568359375000000000e-01 -1.603542873185184736e-02
2.587890625000000000e-01 -1.395921320137136212e-02
2.607421875000000000e-01 -1.188444704263794116e-02
2.626953125000000000e-01 -9.811168374189188635e-03
2.646484375000000000e-01 -7.739387669967151551e-03
2.666015625000000000e-01 -2.130643386171920950e-02
2.685546875000000000e-01 -1.923769636793251636e-02
2.705078125000000000e-01 -1.717052283544923119e-02
2.724609375000000000e-01 -1.510492630576848461e-02
2.744140625000000000e-01 -1.304091699054987785e-02
2.763671875000000000e-01 -1.097852338440674647e-02
2.783203125000000000e-01 -8.917767385909131095e-03
2.802734375000000000e-01 -6.858663037385831496e-03
2.822265625000000000e-01 -2.037857825281433333e-02
2.841796875000000000e-01 -1.832281453417769490e-02
2.861328125000000000e-01 -1.626876042052874394e-02
2.880859375000000000e-01 -1.421641606137202807e-02
2.900390625000000000e-01 -1.216578115800534543e-02
2.919921875000000000e-01 -1.011688543532968110e-02
2.939453125000000000e-01 -8.069717535237552752e-03
2.958984375000000000e-01 -6.024287557852364694e-03
2.978515625000000000e-01 -1.947757817671078029e-02
2.998046875000000000e-01 -1.743562835992021331e-02
3.017578125000000000e-01 -1.539541867015961629e-02
3.037109375000000000e-01 -1.335694722650090926e-02
3.056640625000000000e-01 -1.132020985296597337e-02
3.076171875000000000e-01 -9.285190999917397603e-03
3.095703125000000000e-01 -7.251896095664789321e-03
3.115234375000000000e-01 -5.220312660101700253e-03
3.134765625000000000e-01 -1.859228236652454846e-02
3.154296875000000000e-01 -1.656408099738185258e-02
3.173828125000000000e-01 -1.453756401991129765e-02
3.193359375000000000e-01 -1.251270227368711518e-02
3.212890625000000000e-01 -1.048948174381028609e-02
3.232421875000000000e-01 -8.467899935624717545e-03
3.251953125000000000e-01 -6.447939412677156090e-03
3.271484375000000000e-01 -4.429578629599167927e-03
3.291015625000000000e-01 -1.771610534847298246e-02
3.310546875000000000e-01 -1.570091170543147507e-02
3.330078125000000000e-01 -1.368728488200768312e-02
3.349609375000000000e-01 -1.167519965477870070e-02
3.369140625000000000e-01 -9.664634499544244584e-03
3.388671875000000000e-01 -7.655573781367414066e-03
3.408203125000000000e-01 -5.647989704413186596e-03
3.427734375000000000e-01 -3.641857538155351959e-03
3.447265625000000000e-01 -1.684659354075052073e-02
3.466796875000000000e-01 -1.484335058386440642e-02
3.486328125000000000e-01 -1.284151691171192544e-02
3.505859375000000000e-01 -1.084107408648921078e-02
3.525390625000000000e-01 -8.842012551952965760e-03
3.544921875000000000e-01 -6.844308756816824824e-03
3.564453125000000000e-01 -4.847944083280042449e-03
3.583984375000000000e-01 -2.852902966138909369e-03
3.603515625000000000e-01 -1.598304594646446364e-02
3.623046875000000000e-01 -1.399059538791092017e-02
3.642578125000000000e-01 -1.199940653636794030e-02
3.662109375000000000e-01 -1.000946228712557007e-02
3.681640625000000000e-01 -8.020748751264183962e-03
3.701171875000000000e-01 -6.033242144571016041e-03
3.720703125000000000e-01 -4.046928200922117469e-03
3.740234375000000000e-01 -2.061776170245332995e-03
3.759765625000000000e-01 -1.512530678526419203e-02
3.779296875000000000e-01 -1.314245661014226685e-02
3.798828125000000000e-01 -1.116072233466436359e-02
3.818359375000000000e-01 -9.180076294030975470e-03
3.837890625000000000e-01 -7.200518085111490274e-03
3.857421875000000000e-01 -5.222036792447315445e-03
3.876953125000000000e-01 -3.244599557024635539e-03
3.896484375000000000e-01 -1.268180389522879925e-03
3.916015625000000000e-01 -1.427287261610893365e-02
3.935546875000000000e-01 -1.229846081037090644e-02
3.955078125000000000e-01 -1.032501075401867641e-02
3.974609375000000000e-01 -8.352503553605714059e-03
3.994140625000000000e-01 -6.380921377204029632e-03
4.013671875000000000e-01 -4.410243320865994687e-03
4.033203125000000000e-01 -2.440454470085964833e-03
4.052734375000000000e-01 -4.715303154611827363e-04
4.072265625000000000e-01 -1.342464388116958174e-02
4.091796875000000000e-01 -1.145739564214026673e-02
4.111328125000000000e-01 -9.490959684891581150e-03
4.130859375000000000e-01 -7.525325595336779250e-03
4.150390625000000000e-01 -5.560462977628202741e-03
4.169921875000000000e-01 -3.596348401137844375e-03
4.189453125000000000e-01 -1.632970815623607796e-03
4.208984375000000000e-01 3.296906620906397967e-04
4.228515625000000000e-01 -1.257890493306922097e-02
4.248046875000000000e-01 -1.061760332295938469e-02
4.267578125000000000e-01 -8.656960270959843107e-03
4.287109375000000000e-01 -6.696942513563383659e-03
4.306640625000000000e-01 -4.737526676924730396e-03
4.326171875000000000e-01 -2.778697505245869559e-03
4.345703125000000000e-01 -8.204348229307323326e-04
4.365234375000000000e-01 1.137279401068058693e-03
4.384765625000000000e-01 -1.173385824359027274e-02
4.404296875000000000e-01 -9.777165821093364295e-03
4.423828125000000000e-01 -7.820957416099949544e-03
4.443359375000000000e-01 -5.865206888898702453e-03
4.462890625000000000e-01 -3.909890642059390964e-03
4.482421875000000000e-01 -1.954994491467590412e-03
4.501953125000000000e-01 -4.946554049145568399e-07
4.521484375000000000e-01 1.953634854394807607e-03
4.541015625000000000e-01 -1.088749958544289048e-02
4.560546875000000000e-01 -8.934033996614569595e-03
4.580078125000000000e-01 -6.980870040756766148e-03
4.599609375000000000e-01 -5.027983787359753542e-03
4.619140625000000000e-01 -3.075353828610308260e-03
4.638671875000000000e-01 -1.122953930381365151e-03
4.658203125000000000e-01 8.292372204162373750e-04
4.677734375000000000e-01 2.781236727213753923e-03
4.697265625000000000e-01 -1.003727059233879698e-02
4.716796875000000000e-01 -8.085563391421628221e-03
4.736328125000000000e-01 -6.133971099676137351e-03
4.755859375000000000e-01 -4.182467286358598768e-03
4.775390625000000000e-01 -2.231027709071145559e-03
4.794921875000000000e-01 -2.796268246921043699e-04
4.814453125000000000e-01 1.671754960354911168e-03
4.833984375000000000e-01 3.623146998132455859e-03
4.853515625000000000e-01 -9.178511174492365310e-03
4.873046875000000000e-01 -7.227029803377651995e-03
4.892578125000000000e-01 -5.275477880756017368e-03
4.912109375000000000e-01 -3.323811238071853330e-03
4.931640625000000000e-01 -1.372023451784831760e-03
4.951171875000000000e-01 5.799199936175579440e-04
4.970703125000000000e-01 2.532047556628991974e-03
4.990234375000000000e-01 4.484381782043259101e-03
5.009765625000000000e-01 -8.310706618954744399e-03
5.029296875000000000e-01 -6.357887977306016930e-03
5.048828125000000000e-01 -4.404785557919229516e-03
5.068359375000000000e-01 -2.451372666043489731e-03
5.087890625000000000e-01 -4.976244506212793364e-04
5.107421875000000000e-01 1.456483380867245898e-03
5.126953125000000000e-01 3.410981236891884143e-03
5.146484375000000000e-01 5.365879472972347533e-03
5.166015625000000000e-01 -7.444000987679721959e-03
5.185546875000000000e-01 -5.488206589605565573e-03
5.205078125000000000e-01 -3.531914706634932573e-03
5.224609375000000000e-01 -1.575111131367355061e-03
5.244140625000000000e-01 3.822389111733728861e-04
5.263671875000000000e-01 2.340160444584080471e-03
5.283203125000000000e-01 4.298685168208686569e-03
5.302734375000000000e-01 6.257838942870552409e-03
5.322265625000000000e-01 -6.571651850060897943e-03
5.341796875000000000e-01 -4.611172598961914976e-03
5.361328125000000000e-01 -2.649988539494031736e-03
5.380859375000000000e-01 -6.880704637263201917e-04
5.400390625000000000e-01 1.274603599343879234e-03
5.419921875000000000e-01 3.238059595358427217e-03
5.439453125000000000e-01 5.202329296081231041e-03
5.458984375000000000e-01 7.167445583709967233e-03
5.478515625000000000e-01 -5.708504117021263868e-03
5.498046875000000000e-01 -3.741618491267931224e-03
5.517578125000000000e-01 -1.773806753019038784e-03
5.537109375000000000e-01 1.949587603845004402e-04
5.556640625000000000e-01 2.164705632986374528e-03
5.576171875000000000e-01 4.135464126405495600e-03
5.595703125000000000e-01 6.107262746670713560e-03
5.615234375000000000e-01 8.080127683446312881e-03
5.634765625000000000e-01 -4.849942524637197716e-03
5.654296875000000000e-01 -2.874855041090640384e-03
5.673828125000000000e-01 -8.986123135721127420e-04
5.693359375000000000e-01 1.078816643775480644e-03
5.712890625000000000e-01 3.057457310035031905e-03
5.732421875000000000e-01 5.037340281425953248e-03
5.751953125000000000e-01 7.018491298955147062e-03
5.771484375000000000e-01 9.000940198319706820e-03
5.791015625000000000e-01 -3.994785079551671503e-03
5.810546875000000000e-01 -2.009647809950401709e-03
5.830078125000000000e-01 -2.312216016581158939e-05
5.849609375000000000e-01 1.964815713814155318e-03
5.869140625000000000e-01 3.954201553676178760e-03
5.888671875000000000e-01 5.945062487322724798e-03
5.908203125000000000e-01 7.937431464972360962e-03
5.927734375000000000e-01 9.931339208095676940e-03
5.947265625000000000e-01 -3.140960912780960124e-03
5.966796875000000000e-01 -1.143884476753398438e-03
5.986328125000000000e-01 8.548133906526866888e-04
6.005859375000000000e-01 2.855172090179922129e-03
6.025390625000000000e-01 4.857212046861042465e-03
6.044921875000000000e-01 6.860960107863023349e-03
6.064453125000000000e-01 8.866451744807712920e-03
6.083984375000000000e-01 1.087372890110174795e-02
6.103515625000000000e-01 -2.286252245713576992e-03
6.123046875000000000e-01 -2.753347162282177019e-04
6.142578125000000000e-01 1.737441253729946067e-03
6.162109375000000000e-01 3.752115605484787619e-03
6.181640625000000000e-01 5.768716852548774754e-03
6.201171875000000000e-01 7.787272761828320511e-03
6.220703125000000000e-01 9.807815144405332419e-03
6.240234375000000000e-01 1.183038155352635068e-02
6.259765625000000000e-01 -1.428529328911243290e-03
6.279296875000000000e-01 5.981642980582013713e-04
6.298828125000000000e-01 2.626959315981072796e-03
6.318359375000000000e-01 4.657887891521411694e-03
6.337890625000000000e-01 6.690983731310440330e-03
6.357421875000000000e-01 8.726284365219938444e-03
6.376953125000000000e-01 1.076381716689747692e-02
6.396484375000000000e-01 1.280361463938423094e-02
6.416015625000000000e-01 -5.658038329236225739e-04
6.435546875000000000e-01 1.478617903770407249e-03
6.455078125000000000e-01 3.525400046643395457e-03
6.474609375000000000e-01 5.574576731362995696e-03
6.494140625000000000e-01 7.626161643746298680e-03
6.513671875000000000e-01 9.680195168400296257e-03
6.533203125000000000e-01 1.173671302702439245e-02
6.552734375000000000e-01 1.379573885920279408e-02
6.572265625000000000e-01 3.040410044998775874e-04
6.591796875000000000e-01 2.368168019184435646e-03
6.611328125000000000e-01 4.434890078832326443e-03
6.630859375000000000e-01 6.504236414995229199e-03
6.650390625000000000e-01 8.576229416221131663e-03
6.669921875000000000e-01 1.065090577822966345e-02
6.689453125000000000e-01 1.272829193299901407e-02
6.708984375000000000e-01 1.480842600342072157e-02
6.728515625000000000e-01 1.182376638628801491e-03
6.748046875000000000e-01 3.268089375355553994e-03
6.767578125000000000e-01 5.356626646515677548e-03
6.787109375000000000e-01 7.448035332366126360e-03
6.806640625000000000e-01 9.542344379747491612e-03
6.826171875000000000e-01 1.163957405293111758e-02
6.845703125000000000e-01 1.373975978121827479e-02
6.865234375000000000e-01 1.584293896226338094e-02
6.884765625000000000e-01 2.069803813685516802e-03
6.904296875000000000e-01 4.179039023594205426e-03
6.923828125000000000e-01 6.291353601689891883e-03
6.943359375000000000e-01 8.406778864357172809e-03
6.962890625000000000e-01 1.052534186100095859e-02
6.982421875000000000e-01 1.264707395057115824e-02
7.001953125000000000e-01 1.477199837505355218e-02
7.021484375000000000e-01 1.690015462309110705e-02
7.041015625000000000e-01 2.965095029454217768e-03
7.060546875000000000e-01 5.099819254498427767e-03
7.080078125000000000e-01 7.237884544127076714e-03
7.099609375000000000e-01 9.379327887546501374e-03
7.119140625000000000e-01 1.152417805585492783e-02
7.138671875000000000e-01 1.367246277622133355e-02
7.158203125000000000e-01 1.582422119195353583e-02
7.177734375000000000e-01 1.797948736724727659e-02
7.197265625000000000e-01 3.863449371217936301e-03
7.216796875000000000e-01 6.025830029589313019e-03
7.236328125000000000e-01 8.191833718522029129e-03
7.255859375000000000e-01 1.036150807926766726e-02
7.275390625000000000e-01 1.253490295192480342e-02
7.294921875000000000e-01 1.471204538804424256e-02
7.314453125000000000e-01 1.689298012501685986e-02
7.333984375000000000e-01 1.907775483909179837e-02
7.353515625000000000e-01 4.755462175520031032e-03
7.373046875000000000e-01 6.948047000858603717e-03
7.392578125000000000e-01 9.144624941164331000e-03
7.412109375000000000e-01 1.134525078496254058e-02
7.431640625000000000e-01 1.354995921170770723e-02
7.451171875000000000e-01 1.575880616927907707e-02
7.470703125000000000e-01 1.797185499733547354e-02
7.490234375000000000e-01 2.018915384886943443e-02
7.509765625000000000e-01 5.630343184446662264e-03
7.529296875000000000e-01 7.856302963563099873e-03
7.548828125000000000e-01 1.008668445598348562e-02
7.568359375000000000e-01 1.232154868894841382e-02
7.587890625000000000e-01 1.456094608719049610e-02
7.607421875000000000e-01 1.680493975010394214e-02
7.626953125000000000e-01 1.905359429674435834e-02
7.646484375000000000e-01 2.130698524809759853e-02
7.666015625000000000e-01 6.485139925783645065e-03
7.685546875000000000e-01 8.748121323590929421e-03
7.705078125000000000e-01 1.101598578440449172e-02
7.724609375000000000e-01 1.328878078652473427e-02
7.744140625000000000e-01 1.556652358714816220e-02
7.763671875000000000e-01 1.784926322369900786e-02
7.783203125000000000e-01 2.013700768858017742e-02
7.802734375000000000e-01 2.242974822905879906e-02
7.822265625000000000e-01 7.343636084929328067e-03
7.841796875000000000e-01 9.646424431534905697e-03
7.861328125000000000e-01 1.195418762747485486e-02
7.880859375000000000e-01 1.426691009346964245e-02
7.900390625000000000e-01 1.658455481951731647e-02
7.919921875000000000e-01 1.890702450249709399e-02
7.939453125000000000e-01 2.123424955346137066e-02
7.958984375000000000e-01 2.356615117411675620e-02
7.978515625000000000e-01 8.277625569262592187e-03
7.998046875000000000e-01 1.061841821732878444e-02
8.017578125000000000e-01 1.296340810775276076e-02
8.037109375000000000e-01 1.531238755757630132e-02
8.056640625000000000e-01 1.766508469635080791e-02
8.076171875000000000e-01 2.002121364244691115e-02
8.095703125000000000e-01 2.238046262397724862e-02
8.115234375000000000e-01 2.474247233074811092e-02
8.134765625000000000e-01 9.424085391735170791e-03
8.154296875000000000e-01 1.179033127475909160e-02
8.173828125000000000e-01 1.415798841003673703e-02
8.193359375000000000e-01 1.652656185350115381e-02
8.212890625000000000e-01 1.889544821546196296e-02
8.232421875000000000e-01 2.126397370231269957e-02
8.251953125000000000e-01 2.363149099525829744e-02
8.271484375000000000e-01 2.599729902521458191e-02
8.291015625000000000e-01 1.095131760059964154e-02
8.310546875000000000e-01 1.331128626327926501e-02
8.330078125000000000e-01 1.566713129458108256e-02
8.349609375000000000e-01 1.801800273923304108e-02
8.369140625000000000e-01 2.036299755777332132e-02
8.388671875000000000e-01 2.270120944838321941e-02
8.408203125000000000e-01 2.503173856275986431e-02
8.427734375000000000e-01 2.735369045661717458e-02
8.447265625000000000e-01 1.287891559266246544e-02
8.466796875000000000e-01 1.518123464933890387e-02
8.486328125000000000e-01 1.747263493276979274e-02
8.505859375000000000e-01 1.975256278200465676e-02
8.525390625000000000e-01 2.202059422630081587e-02
8.544921875000000000e-01 2.427646193305910138e-02
8.564453125000000000e-01 2.652017694044150886e-02
8.583984375000000000e-01 2.875206249179573792e-02
8.603515625000000000e-01 1.458580926960667545e-02
8.623046875000000000e-01 1.679636551548480128e-02
8.642578125000000000e-01 1.899839040962181258e-02
8.662109375000000000e-01 2.119404401009500338e-02
8.681640625000000000e-01 2.338614638854624728e-02
8.701171875000000000e-01 2.557831728117754277e-02
8.720703125000000000e-01 2.777505408997749115e-02
8.740234375000000000e-01 2.998183210194382831e-02
8.759765625000000000e-01 1.403477520175189230e-02
8.779296875000000000e-01 1.628256700748537122e-02
8.798828125000000000e-01 1.856389204987812791e-02
8.818359375000000000e-01 2.088927934361156646e-02
8.837890625000000000e-01 2.327075652367727177e-02
8.857421875000000000e-01 2.572200072892155687e-02
8.876953125000000000e-01 2.825829881454466896e-02
8.896484375000000000e-01 3.089659793955035205e-02
8.916015625000000000e-01 8.108482014454188036e-03
8.935546875000000000e-01 1.100816636670998161e-02
8.955078125000000000e-01 1.407017875231708626e-02
8.974609375000000000e-01 1.731734071595930624e-02
8.994140625000000000e-01 2.077337585115773821e-02
9.013671875000000000e-01 2.446251944803506939e-02
9.033203125000000000e-01 2.840898413759568308e-02
9.052734375000000000e-01 3.263625854225721268e-02
9.072265625000000000e-01 -2.279206050220528024e-03
9.091796875000000000e-01 2.573551959693998192e-03
9.111328125000000000e-01 7.765090011960795735e-03
9.130859375000000000e-01 1.330691936796024599e-02
9.150390625000000000e-01 1.920442923160364801e-02
9.169921875000000000e-01 2.545546826284533770e-02
9.189453125000000000e-01 3.204878459676324676e-02
9.208984375000000000e-01 3.896225293391042399e-02
9.228515625000000000e-01 -2.400563922632215075e-03
9.248046875000000000e-01 5.035470896466331947e-03
9.267578125000000000e-01 1.264433381781099319e-02
9.287109375000000000e-01 2.034495729477708847e-02
9.306640625000000000e-01 2.803856605054749762e-02
9.326171875000000000e-01 3.560794394127281270e-02
9.345703125000000000e-01 4.291731810902293942e-02
9.365234375000000000e-01 4.981309319748933317e-02
9.384765625000000000e-01 3.168476917117624136e-02
9.404296875000000000e-01 3.722743073340284425e-02
9.423828125000000000e-01 4.180398537635054979e-02
9.443359375000000000e-01 4.520907618124025973e-02
9.462890625000000000e-01 4.723359886617051195e-02
9.482421875000000000e-01 4.766979980787910964e-02
9.501953125000000000e-01 4.631703328962766264e-02
9.521484375000000000e-01 4.298810484379078645e-02
9.541015625000000000e-01 9.793306876271928862e-02
9.560546875000000000e-01 9.017583528196698728e-02
9.580078125000000000e-01 8.002508641838418368e-02
9.599609375000000000e-01 6.741005243721781559e-02
9.619140625000000000e-01 5.230268278706867724e-02
9.638671875000000000e-01 3.472133072370336970e-02
9.658203125000000000e-01 1.473314757337224057e-02
9.677734375000000000e-01 -7.544977856014045692e-03
9.697265625000000000e-01 1.540709363650217267e-01
9.716796875000000000e-01 1.277575951644778218e-01
9.736328125000000000e-01 9.978887427135291199e-02
9.755859375000000000e-01 7.045828524037606178e-02
9.775390625000000000e-01 4.009031679830260542e-02
9.794921875000000000e-01 9.032626474673566275e-03
9.814453125000000000e-01 -2.235261683178879633e-02
9.833984375000000000e-01 -5.369799486392262677e-02
9.853515625000000000e-01 1.461725511895890506e-01
9.873046875000000000e-01 1.159831118822408080e-01
9.892578125000000000e-01 8.687425708286755643e-02
9.912109375000000000e-01 5.914366402066275480e-02
9.931640625000000000e-01 3.305200500835912131e-02
9.951171875000000000e-01 8.817151936999070849e-03
9.970703125000000000e-01 -1.339075023965423730e-02
9.990234375000000000e-01 -3.345261601462326539e-02
