9.598921062288655326e-02
2.246271049783668816e-01
2.956434183719950926e-01
3.403838570725530865e-01
3.720800438760055173e-01
3.916988546292995976e-01
3.987888211460334786e-01
3.947601427737230662e-01
3.825742426013036823e-01
3.656715331393712298e-01
3.469920457483547938e-01
3.284214199526146460e-01
3.107459477883472987e-01
2.939919238696793169e-01
2.778593685559989090e-01
2.620386628824613040e-01
2.463427516308749621e-01
2.307054422951447803e-01
2.151280849091905256e-01
1.996311037071794858e-01
1.842292494016231630e-01
1.689259435426917200e-01
1.537165192992910601e-01
1.385926408778149488e-01
1.235451130951511489e-01
1.085650130584191186e-01
9.364382944396582031e-02
7.877326208164836530e-02
6.394493117236221824e-02
4.915000882596334830e-02
3.437965411527885845e-02
1.962657892627731396e-02
4.878922977521286952e-03
-9.886291807415020436e-03
-2.467558680786932981e-02
-3.951752156841002728e-02
-5.442155252706942781e-02
-6.940105601184730355e-02
-8.446883578682343185e-02
-9.963789676920252469e-02
-1.149214238167145241e-01
-1.303329357337728034e-01
-1.458861969928764157e-01
-1.615951580628821882e-01
-1.774744925755871172e-01
-1.935409731635555630e-01
-2.098158186467914132e-01
-2.263267702093350597e-01
-2.431071733028935533e-01
-2.601871754265582259e-01
-2.775710587949021257e-01
-2.951960098694696444e-01
-3.128787527469476526e-01
-3.302880326186958815e-01
-3.470753475967006674e-01
-3.634622887084198450e-01
-3.816327413514309375e-01
-4.071797727098741548e-01
-4.466254063927181939e-01
-4.951872496127434631e-01
-5.196273550315313461e-01
-4.592098821478690085e-01
-2.731918517478577613e-01
-4.237897799469463739e-02
