0.04 0.8255
0.424 0.8204
0.808 0.8088
1.192 0.7965
1.576 0.7846
1.96 0.7731
2.344 0.7627
2.728 0.7542
3.113 0.7469
3.497 0.7401
3.881 0.734
4.265 0.7288
4.649 0.7245
5.033 0.7209
5.417 0.718
5.802 0.7156
6.186 0.7135
6.57 0.7116
6.954 0.7103
7.338 0.7096
7.722 0.7093
8.106 0.7092
8.49 0.7091
8.875 0.709
9.259 0.709
9.643 0.709
10.027 0.709
10.411 0.7091
10.795 0.7091
11.179 0.7092
11.564 0.7094
11.948 0.7095
12.332 0.7098
12.716 0.7102
13.1 0.7108
13.484 0.7112
13.868 0.7116
14.252 0.7118
14.637 0.712
15.021 0.7121
15.405 0.7121
15.789 0.7122
16.173 0.7122
16.557 0.7123
16.941 0.7123
17.326 0.7123
17.71 0.7123
18.094 0.7123
18.478 0.7123
18.862 0.7123
19.246 0.7123
19.63 0.7124
20.014 0.7124
20.399 0.7124
20.783 0.7125
21.167 0.7125
21.551 0.7125
21.935 0.7126
22.319 0.7126
22.703 0.7126
23.088 0.7126
23.472 0.7126
23.856 0.7126
24.24 0.7125
24.624 0.7125
25.008 0.7125
25.392 0.7124
25.776 0.7124
26.161 0.7124
26.545 0.7124
26.929 0.7123
27.313 0.7123
27.697 0.7123
28.081 0.7123
28.465 0.7124
28.849 0.7124
29.234 0.7124
29.618 0.7124
30.002 0.7124
30.386 0.7124
30.77 0.7124
31.154 0.7124
31.538 0.7124
31.923 0.7125
32.307 0.7125
32.691 0.7125
33.075 0.7125
33.459 0.7124
33.843 0.7124
34.227 0.7124
34.611 0.7124
34.996 0.7124
35.38 0.7124
35.764 0.7123
36.148 0.7123
36.532 0.7123
36.916 0.7123
37.3 0.7122
37.685 0.7122
38.069 0.7122
38.453 0.7121
38.837 0.7121
39.221 0.7121
39.605 0.712
