4.882812500000000000e-04 2.055963635784087071e-02
1.464843750000000000e-03 6.813538468568670903e-03
2.441406250000000000e-03 -6.652675069999561958e-03
3.417968750000000000e-03 -1.983642589955127503e-02
4.394531250000000000e-03 1.813424501675535427e-02
5.371093750000000000e-03 5.528510547567325184e-03
6.347656250000000000e-03 -6.780087681795762822e-03
7.324218750000000000e-03 -1.878564851955796811e-02
8.300781250000000000e-03 1.576327395846083279e-02
9.277343750000000000e-03 4.381218741984993503e-03
1.025390625000000000e-02 -6.681170069907996223e-03
1.123046875000000000e-02 -1.741953136790515277e-02
1.220703125000000000e-02 1.342055199018798994e-02
1.318359375000000000e-02 3.339660379707981575e-03
1.416015625000000000e-02 -6.409959929344011265e-03
1.513671875000000000e-02 -1.582822092385183232e-02
1.611328125000000000e-02 1.116181690746886890e-02
1.708984375000000000e-02 2.401570417753823294e-03
1.806640625000000000e-02 -6.034557629118336708e-03
1.904296875000000000e-02 -1.415146936901992558e-02
2.001953125000000000e-02 9.078786282365886029e-03
2.099609375000000000e-02 1.581049309087784183e-03
2.197265625000000000e-02 -5.618830410618141924e-03
2.294921875000000000e-02 -1.252990099094428156e-02
2.392578125000000000e-02 7.254605372963851551e-03
2.490234375000000000e-02 8.909999150765179898e-04
2.587890625000000000e-02 -5.215160143524744107e-03
2.685546875000000000e-02 -1.107532554498685817e-02
2.783203125000000000e-02 5.736679308003533873e-03
2.880859375000000000e-02 3.331057105465662360e-04
2.978515625000000000e-02 -4.860091905402375012e-03
3.076171875000000000e-02 -9.854808837625572693e-03
3.173828125000000000e-02 4.527771145990011625e-03
3.271484375000000000e-02 -1.049631323609689915e-04
3.369140625000000000e-02 -4.573593981289481025e-03
3.466796875000000000e-02 -8.888855892798586122e-03
3.564453125000000000e-02 3.592717981090787216e-03
3.662109375000000000e-02 -4.460444924961337598e-04
3.759765625000000000e-02 -4.360586480277373056e-03
3.857421875000000000e-02 -8.159469523997819884e-03
3.955078125000000000e-02 2.873644452293266927e-03
4.052734375000000000e-02 -7.171202272446275394e-04
4.150390625000000000e-02 -4.214157774852400618e-03
4.248046875000000000e-02 -7.623521039781866460e-03
4.345703125000000000e-02 2.306504791520558317e-03
4.443359375000000000e-02 -9.432122577991419732e-04
4.541015625000000000e-02 -4.119785328236758026e-03
4.638671875000000000e-02 -7.226925403932993319e-03
4.736328125000000000e-02 1.833880079520733286e-03
4.833984375000000000e-02 -1.143498492219119367e-03
4.931640625000000000e-02 -4.059615147304629357e-03
5.029296875000000000e-02 -6.916320642691653475e-03
5.126953125000000000e-02 1.411918593889061047e-03
5.224609375000000000e-02 -1.330050726152331997e-03
5.322265625000000000e-02 -4.016047398386957124e-03
5.419921875000000000e-02 -6.646634164033604630e-03
5.517578125000000000e-02 1.011892309700501702e-03
5.615234375000000000e-02 -1.508653959415018342e-03
5.712890625000000000e-02 -3.974185326821644271e-03
5.810546875000000000e-02 -6.384505347816427090e-03
5.908203125000000000e-02 6.182294170590796334e-04
6.005859375000000000e-02 -1.680606976350917936e-03
6.103515625000000000e-02 -3.923004208817248983e-03
6.201171875000000000e-02 -6.108410089911919805e-03
6.298828125000000000e-02 2.250099321871035229e-04
6.396484375000000000e-02 -1.844638918129304361e-03
6.494140625000000000e-02 -3.855486602796942552e-03
6.591796875000000000e-02 -5.806926705136383760e-03
6.689453125000000000e-02 -1.675649362855025082e-04
6.787109375000000000e-02 -1.998409235931031258e-03
6.884765625000000000e-02 -3.768129805299447188e-03
6.982421875000000000e-02 -5.476218115956721366e-03
7.080078125000000000e-02 -5.560107843773920422e-04
7.177734375000000000e-02 -2.139508045436333550e-03
7.275390625000000000e-02 -3.660140705830650099e-03
7.373046875000000000e-02 -5.117609738097161909e-03
7.470703125000000000e-02 -9.354545650209766805e-04
7.568359375000000000e-02 -2.265911785358676322e-03
7.666015625000000000e-02 -3.532643448925787411e-03
7.763671875000000000e-02 -4.735584608810072815e-03
7.861328125000000000e-02 -1.300785703514495406e-03
7.958984375000000000e-02 -2.376198021242836855e-03
8.056640625000000000e-02 -3.387996914647695146e-03
8.154296875000000000e-02 -4.336362639027979693e-03
8.251953125000000000e-02 -1.647260707137776503e-03
8.349609375000000000e-02 -2.469541041207390375e-03
8.447265625000000000e-02 -3.229285261118930439e-03
8.544921875000000000e-02 -3.926910875499234344e-03
8.642578125000000000e-02 -1.970810647703213903e-03
8.740234375000000000e-02 -2.545660282447292921e-03
8.837890625000000000e-02 -3.059961194107063687e-03
8.935546875000000000e-02 -3.514336326797540266e-03
9.033203125000000000e-02 -2.268156227840101291e-03
9.130859375000000000e-02 -2.604756748701309021e-03
9.228515625000000000e-02 -2.883595460220711448e-03
9.326171875000000000e-02 -3.105483701539346608e-03
9.423828125000000000e-02 -2.536853244916870143e-03
9.521484375000000000e-02 -2.647426246572326392e-03
9.619140625000000000e-02 -2.703713932499907102e-03
9.716796875000000000e-02 -2.706674576871959115e-03
9.814453125000000000e-02 -2.775271977231208442e-03
9.912109375000000000e-02 -2.674591013251959026e-03
1.000976562500000000e-01 -2.523650791271592198e-03
1.010742187500000000e-01 -2.323531568126924185e-03
1.020507812500000000e-01 -2.982588605873859322e-03
1.030273437500000000e-01 -2.687439115746148577e-03
1.040039062500000000e-01 -2.346482938291816200e-03
1.049804687500000000e-01 -1.960879351613153965e-03
1.059570312500000000e-01 -3.158696327016874417e-03
1.069335937500000000e-01 -2.687345309629829426e-03
1.079101562500000000e-01 -2.174918496653299727e-03
1.088867187500000000e-01 -1.622627543355070756e-03
1.098632812500000000e-01 -3.304172867323151852e-03
1.108398437500000000e-01 -2.675817383521961190e-03
1.118164062500000000e-01 -2.011270029774692158e-03
1.127929687500000000e-01 -1.311762399352933706e-03
1.137695312500000000e-01 -3.420189689476549333e-03
1.147460937500000000e-01 -2.654443676839313149e-03
1.157226562500000000e-01 -1.857415841958032221e-03
1.166992187500000000e-01 -1.030323067023719563e-03
1.176757812500000000e-01 -3.508419195826395498e-03
1.186523437500000000e-01 -2.624819082771623346e-03
1.196289062500000000e-01 -1.714758542778693773e-03
1.206054687500000000e-01 -7.794115210554286577e-04
1.215820312500000000e-01 -3.570936974172045364e-03
1.225585937500000000e-01 -2.588502405482751012e-03
1.235351562500000000e-01 -1.584235272737655187e-03
1.245117187500000000e-01 -5.592488126212047383e-04
1.254882812500000000e-01 -3.610124505375345016e-03
1.264648437500000000e-01 -2.546974998452800065e-03
1.274414062500000000e-01 -1.466339844626352029e-03
1.284179687500000000e-01 -3.692540930504972785e-04
1.293945312500000000e-01 -3.628572061635082502e-03
1.303710937500000000e-01 -2.501597918247389085e-03
1.313476562500000000e-01 -1.361145108570660511e-03
1.323242187500000000e-01 -2.081421568471686356e-04
1.333007812500000000e-01 -3.628973995249806794e-03
1.342773437500000000e-01 -2.453600379786924357e-03
1.352539062500000000e-01 -1.268348262904672730e-03
1.362304687500000000e-01 -7.404863711701903384e-05
1.372070312500000000e-01 -3.614046529649583839e-03
1.381835937500000000e-01 -2.404047184806190618e-03
1.391601562500000000e-01 -1.187341304786926344e-03
1.401367187500000000e-01 3.535231883750045156e-05
1.411132812500000000e-01 -3.586440642089572250e-03
1.420898437500000000e-01 -2.353835512300506139e-03
1.430664062500000000e-01 -1.117249091914629400e-03
1.440429687500000000e-01 1.227088411414056779e-04
1.450195312500000000e-01 -3.548666011000067844e-03
1.459960937500000000e-01 -2.303690864834673224e-03
1.469726562500000000e-01 -1.057015224031954137e-03
1.479492187500000000e-01 1.908604708011352180e-04
1.489257812500000000e-01 -3.503058185236107569e-03
1.499023437500000000e-01 -2.254186044786887777e-03
1.508789062500000000e-01 -1.005463459835320705e-03
1.518554687500000000e-01 2.427111779714774542e-04
1.528320312500000000e-01 -3.451718602873743436e-03
1.538085937500000000e-01 -2.205736360652743588e-03
1.547851562500000000e-01 -9.613504575563536214e-04
1.557617187500000000e-01 2.811373745923440026e-04
1.567382812500000000e-01 -3.396490849457867167e-03
1.577148437500000000e-01 -2.158620540711531088e-03
1.586914062500000000e-01 -9.234253836911676672e-04
1.596679687500000000e-01 3.088796988535147392e-04
1.606445312500000000e-01 -3.338959550502396123e-03
1.616210937500000000e-01 -2.113007232234231925e-03
1.625976562500000000e-01 -8.904832110470106699e-04
1.635742187500000000e-01 3.284767664528676079e-04
1.645507812500000000e-01 -3.280435348330612566e-03
1.655273437500000000e-01 -2.068966666071814231e-03
1.665039062500000000e-01 -8.613914375417142111e-04
1.674804687500000000e-01 3.422139709805538388e-04
1.684570312500000000e-01 -3.221973624195906272e-03
1.694335937500000000e-01 -2.026488845210339118e-03
1.704101562500000000e-01 -8.351256046274513345e-04
1.713867187500000000e-01 3.520867462650234536e-04
1.723632812500000000e-01 -3.164391331077986980e-03
1.733398437500000000e-01 -1.985509800114249046e-03
1.743164062500000000e-01 -8.107887770973931651e-04
1.752929687500000000e-01 3.597836947903942928e-04
1.762695312500000000e-01 -3.108286629474821261e-03
1.772460937500000000e-01 -1.945927841545735948e-03
1.782226562500000000e-01 -7.876184602092495268e-04
1.791992187500000000e-01 3.666842228999267483e-04
1.801757812500000000e-01 -3.054071842742978049e-03
1.811523437500000000e-01 -1.907616116406496420e-03
1.821289062500000000e-01 -7.649889536966436587e-04
1.831054687500000000e-01 3.738728090793008718e-04
1.840820312500000000e-01 -3.001992028028754866e-03
1.850585937500000000e-01 -1.870435317635588124e-03
1.860351562500000000e-01 -7.424115637405526158e-04
1.870117187500000000e-01 3.821574037071173713e-04
1.879882812500000000e-01 -2.952164905921594862e-03
1.889648437500000000e-01 -1.834247244995534931e-03
1.899414062500000000e-01 -7.195213478409789865e-04
1.909179687500000000e-01 3.920975955477024044e-04
1.918945312500000000e-01 -2.904605904457568943e-03
1.928710937500000000e-01 -1.798924831747705788e-03
1.938476562500000000e-01 -6.960727660342835854e-04
1.948242187500000000e-01 4.040359340158339307e-04
1.958007812500000000e-01 -2.859250811692026772e-03
1.967773437500000000e-01 -1.764350265233693982e-03
1.977539062500000000e-01 -6.719166843208723705e-04
1.987304687500000000e-01 4.181365050237029202e-04
1.997070312500000000e-01 -2.815981353184948688e-03
2.006835937500000000e-01 -1.730422827362743110e-03
2.016601562500000000e-01 -6.469852142322873867e-04
2.026367187500000000e-01 4.344187390839526763e-04
2.036132812500000000e-01 -2.774639685837632097e-03
2.045898437500000000e-01 -1.697061725019100020e-03
2.055664062500000000e-01 -6.212801257257094534e-04
2.065429687500000000e-01 4.527847522174388573e-04
2.075195312500000000e-01 -2.735053968599077123e-03
2.084960937500000000e-01 -1.664204043877681727e-03
2.094726562500000000e-01 -5.948572259841244936e-04
2.104492187500000000e-01 4.730576742334458018e-04
2.114257812500000000e-01 -2.697044522856517634e-03
2.124023437500000000e-01 -1.631802589861508501e-03
2.133789062500000000e-01 -5.678051438469111645e-04
2.143554687500000000e-01 4.950071884063378391e-04
2.153320312500000000e-01 -2.660430233087263119e-03
2.163085937500000000e-01 -1.599823044855785970e-03
2.172851562500000000e-01 -5.402386430237160475e-04
2.182617187500000000e-01 5.183702772542653214e-04
2.192382812500000000e-01 -2.625047653633028055e-03
2.202148437500000000e-01 -1.568248345600042892e-03
2.211914062500000000e-01 -5.122894571779612605e-04
2.221679687500000000e-01 5.428693296893327691e-04
2.231445312500000000e-01 -2.590744621474627696e-03
2.241210937500000000e-01 -1.537073215176043561e-03
2.250976562500000000e-01 -4.840936689319841335e-04
2.260742187500000000e-01 5.682271525181969984e-04
2.270507812500000000e-01 -2.557389851610469833e-03
2.280273437500000000e-01 -1.506299191846305341e-03
2.290039062500000000e-01 -4.557835046368752252e-04
2.299804687500000000e-01 5.941830158085470437e-04
2.309570312500000000e-01 -2.524871007649087673e-03
2.319335937500000000e-01 -1.475936573556990705e-03
2.329101562500000000e-01 -4.274879115803709162e-04
2.338867187500000000e-01 6.204937395997145444e-04
2.348632812500000000e-01 -2.493094689495600758e-03
2.358398437500000000e-01 -1.445999237262962644e-03
2.368164062500000000e-01 -3.993251109897788531e-04
2.377929687500000000e-01 6.469412095838067422e-04
2.387695312500000000e-01 -2.461989548661724925e-03
2.397460937500000000e-01 -1.416505527828015865e-03
2.407226562500000000e-01 -3.713973588517216484e-04
2.416992187500000000e-01 6.733423791208115183e-04
2.426757812500000000e-01 -2.431494081562013410e-03
2.436523437500000000e-01 -1.387469601566937438e-03
2.446289062500000000e-01 -3.437933440039731003e-04
2.456054687500000000e-01 6.995390970970793987e-04
2.465820312500000000e-01 -2.401566298850521530e-03
2.475585937500000000e-01 -1.358910607052843389e-03
2.485351562500000000e-01 -3.165888036932851257e-04
2.495117187500000000e-01 7.254014853239065808e-04
2.504882812500000000e-01 -2.372176756744004411e-03
2.514648437500000000e-01 -1.330846439584365548e-03
2.524414062500000000e-01 -2.898439901742877467e-04
2.534179687500000000e-01 7.508291561720836782e-04
2.543945312500000000e-01 -2.343302747866260471e-03
2.553710937500000000e-01 -1.303288130556523594e-03
2.563476562500000000e-01 -2.636040720146448635e-04
2.573242187500000000e-01 7.757477426165171330e-04
2.583007812500000000e-01 -2.314931513028972709e-03
2.592773437500000000e-01 -1.276248787225653381e-03
2.602539062500000000e-01 -2.379038472490324629e-04
2.612304687500000000e-01 8.001010704685729280e-04
2.622070312500000000e-01 -2.287056807571574701e-03
2.631835937500000000e-01 -1.249739079210998582e-03
2.641601562500000000e-01 -2.127690231887857664e-04
2.651367187500000000e-01 8.238509035795038571e-04
2.661132812500000000e-01 -2.259680289584509172e-03
2.670898437500000000e-01 -1.223769267272023509e-03
2.680664062500000000e-01 -1.882169816536660711e-04
2.690429687500000000e-01 8.469738880490518262e-04
2.700195312500000000e-01 -2.232806076615079238e-03
2.709960937500000000e-01 -1.198347149603401496e-03
2.719726562500000000e-01 -1.642583755683824087e-04
2.729492187500000000e-01 8.694581018458547028e-04
2.739257812500000000e-01 -2.206439107533680888e-03
2.749023437500000000e-01 -1.173476336898376937e-03
2.758789062500000000e-01 -1.408951899183608081e-04
2.768554687500000000e-01 8.913034966733235365e-04
2.778320312500000000e-01 -2.180586105373083505e-03
2.788085937500000000e-01 -1.149161146224902952e-03
2.797851562500000000e-01 -1.181268852415151560e-04
2.807617187500000000e-01 9.125152823191151619e-04
2.817382812500000000e-01 -2.155254850456034266e-03
2.827148437500000000e-01 -1.125403757290338591e-03
2.836914062500000000e-01 -9.595078168617154901e-05
2.846679687500000000e-01 9.331024614418481633e-04
2.856445312500000000e-01 -2.130455182545620829e-03
2.866210937500000000e-01 -1.102205537773431887e-03
2.875976562500000000e-01 -7.436013377140615610e-05
2.885742187500000000e-01 9.530807345309866285e-04
2.895507812500000000e-01 -2.106191281550706673e-03
2.905273437500000000e-01 -1.079564380518288624e-03
2.915039062500000000e-01 -5.334536998394256990e-05
2.924804687500000000e-01 9.724648579292893835e-04
2.934570312500000000e-01 -2.082470575854644679e-03
2.944335937500000000e-01 -1.057479665559746262e-03
2.954101562500000000e-01 -3.289887682172976113e-05
2.963867187500000000e-01 9.912711458380241147e-04
2.973632812500000000e-01 -2.059299608998421682e-03
2.983398437500000000e-01 -1.035950376100047698e-03
2.993164062500000000e-01 -1.301157264937957692e-05
3.002929687500000000e-01 1.009517415287458642e-03
3.012695312500000000e-01 -2.036679674431746134e-03
3.022460937500000000e-01 -1.014970451006791397e-03
3.032226562500000000e-01 6.330074987598299785e-06
3.041992187500000000e-01 1.027221095619035296e-03
3.051757812500000000e-01 -2.014613788519414861e-03
3.061523437500000000e-01 -9.945376688920981589e-04
3.071289062500000000e-01 2.513200773024415469e-05
3.081054687500000000e-01 1.044396518458612366e-03
3.090820312500000000e-01 -1.993105864213251532e-03
3.100585937500000000e-01 -9.746489172480776730e-04
3.110351562500000000e-01 4.340498055521724297e-05
3.120117187500000000e-01 1.061058542363046975e-03
3.129882812500000000e-01 -1.972153376808644110e-03
3.139648437500000000e-01 -9.552975952767939205e-04
3.149414062500000000e-01 6.116085663063208777e-05
3.159179687500000000e-01 1.077223243582892120e-03
3.168945312500000000e-01 -1.951753824708829521e-03
3.178710937500000000e-01 -9.364782437732421805e-04
3.188476562500000000e-01 7.840744712961367213e-05
3.198242187500000000e-01 1.092902762511144266e-03
3.208007812500000000e-01 -1.931906397666216524e-03
3.217773437500000000e-01 -9.181842022215058741e-04
3.227539062500000000e-01 9.515401988530181043e-05
3.237304687500000000e-01 1.108110094795056177e-03
3.247070312500000000e-01 -1.912606349742024259e-03
3.256835937500000000e-01 -9.004096095520386367e-04
3.266601562500000000e-01 1.114106377451129504e-04
3.276367187500000000e-01 1.122856435603142300e-03
3.286132812500000000e-01 -1.893848833936950804e-03
3.295898437500000000e-01 -8.831472556479480485e-04
3.305664062500000000e-01 1.271855495862672658e-04
3.315429687500000000e-01 1.137151111127360226e-03
3.325195312500000000e-01 -1.875630233334424357e-03
3.334960937500000000e-01 -8.663915455352499961e-04
3.344726562500000000e-01 1.424861912195651836e-04
3.354492187500000000e-01 1.151005496112439408e-03
3.364257812500000000e-01 -1.857942057580441730e-03
3.374023437500000000e-01 -8.501337819418197661e-04
3.383789062500000000e-01 1.573228501538515012e-04
3.393554687500000000e-01 1.164428595253508281e-03
3.403320312500000000e-01 -1.840778513843427389e-03
3.413085937500000000e-01 -8.343664520489013636e-04
3.422851562500000000e-01 1.717020503265165310e-04
3.432617187500000000e-01 1.177428568419680577e-03
3.442382812500000000e-01 -1.824134712217623244e-03
3.452148437500000000e-01 -8.190849142027667451e-04
3.461914062500000000e-01 1.856299071001932255e-04
3.471679687500000000e-01 1.190011660605699850e-03
3.481445312500000000e-01 -1.808002806674202656e-03
3.491210937500000000e-01 -8.042803056062808320e-04
3.500976562500000000e-01 1.991158323655373152e-04
3.510742187500000000e-01 1.202187424482775713e-03
3.520507812500000000e-01 -1.792375133843476798e-03
3.530273437500000000e-01 -7.899459588023571843e-04
3.540039062500000000e-01 2.121667519756065268e-04
3.549804687500000000e-01 1.213962600988216511e-03
3.559570312500000000e-01 -1.777244847700670816e-03
3.569335937500000000e-01 -7.760735984618516436e-04
3.579101562500000000e-01 2.247888105754991539e-04
3.588867187500000000e-01 1.225344332733385722e-03
3.598632812500000000e-01 -1.762605602114719616e-03
3.608398437500000000e-01 -7.626571804958404144e-04
3.618164062500000000e-01 2.369908298687772863e-04
3.627929687500000000e-01 1.236340500090804539e-03
3.637695312500000000e-01 -1.748448548350378662e-03
3.647460937500000000e-01 -7.496892156598211621e-04
3.657226562500000000e-01 2.487785722955770940e-04
3.666992187500000000e-01 1.246957017077277019e-03
3.676757812500000000e-01 -1.734768396840613569e-03
3.686523437500000000e-01 -7.371625730523412301e-04
3.696289062500000000e-01 2.601598647319902646e-04
3.706054687500000000e-01 1.257201356983567164e-03
3.715820312500000000e-01 -1.721555550651926447e-03
3.725585937500000000e-01 -7.250690931842329601e-04
3.735351562500000000e-01 2.711434312773486344e-04
3.745117187500000000e-01 1.267084185264166774e-03
3.754882812500000000e-01 -1.708800197351423300e-03
3.764648437500000000e-01 -7.133971665866656320e-04
3.774414062500000000e-01 2.817405883119017407e-04
3.784179687500000000e-01 1.276614888744781462e-03
3.793945312500000000e-01 -1.696492577720365436e-03
3.803710937500000000e-01 -7.021379798275717565e-04
3.813476562500000000e-01 2.919600914465247943e-04
3.823242187500000000e-01 1.285804446664484679e-03
3.833007812500000000e-01 -1.684621764148269696e-03
3.842773437500000000e-01 -6.912796372930685163e-04
3.852539062500000000e-01 3.018143182971222416e-04
3.862304687500000000e-01 1.294662769952631409e-03
3.872070312500000000e-01 -1.673177303882084077e-03
3.881835937500000000e-01 -6.808133305818420133e-04
3.891601562500000000e-01 3.113125356866697224e-04
3.901367187500000000e-01 1.303201298942791020e-03
3.911132812500000000e-01 -1.662150156540434520e-03
3.920898437500000000e-01 -6.707276740785389491e-04
3.930664062500000000e-01 3.204645647795767438e-04
3.940429687500000000e-01 1.311429414910525448e-03
3.950195312500000000e-01 -1.651530023583008822e-03
3.959960937500000000e-01 -6.610131752127351712e-04
3.969726562500000000e-01 3.292825251915293405e-04
3.979492187500000000e-01 1.319360279333561814e-03
3.989257812500000000e-01 -1.641304757581674156e-03
3.999023437500000000e-01 -6.516572431575079483e-04
4.008789062500000000e-01 3.377780276808822757e-04
4.018554687500000000e-01 1.327004032851214488e-03
4.028320312500000000e-01 -1.631464253651085383e-03
4.038085937500000000e-01 -6.426506134691173378e-04
4.047851562500000000e-01 3.459610202705409865e-04
4.057617187500000000e-01 1.334372174669085087e-03
4.067382812500000000e-01 -1.622000663595565828e-03
4.077148437500000000e-01 -6.339829987732220618e-04
4.086914062500000000e-01 3.538419993994040835e-04
4.096679687500000000e-01 1.341475191823343627e-03
4.106445312500000000e-01 -1.612901190625987136e-03
4.116210937500000000e-01 -6.256421896091990398e-04
4.125976562500000000e-01 3.614327366700115229e-04
4.135742187500000000e-01 1.348326417570183677e-03
4.145507812500000000e-01 -1.604155468156565068e-03
4.155273437500000000e-01 -6.176180349244803081e-04
4.165039062500000000e-01 3.687460796136105001e-04
4.174804687500000000e-01 1.354937030041775126e-03
4.184570312500000000e-01 -1.595753225940535480e-03
4.194335937500000000e-01 -6.098982803267871677e-04
4.204101562500000000e-01 3.757912821296394146e-04
4.213867187500000000e-01 1.361319893719653562e-03
4.223632812500000000e-01 -1.587684281534273989e-03
4.233398437500000000e-01 -6.024734138133924777e-04
4.243164062500000000e-01 3.825830383128864254e-04
4.252929687500000000e-01 1.367486185988739389e-03
4.262695312500000000e-01 -1.579936182482200024e-03
4.272460937500000000e-01 -5.953299155931207620e-04
4.282226562500000000e-01 3.891304402824508069e-04
4.291992187500000000e-01 1.373448906289626015e-03
4.301757812500000000e-01 -1.572498688068593720e-03
4.311523437500000000e-01 -5.884582625247936072e-04
4.321289062500000000e-01 3.954471524468816668e-04
4.331054687500000000e-01 1.379220843614831216e-03
4.340820312500000000e-01 -1.565361605607024087e-03
4.350585937500000000e-01 -5.818455126790078591e-04
4.360351562500000000e-01 4.015451243112588831e-04
4.370117187500000000e-01 1.384813351761715605e-03
4.379882812500000000e-01 -1.558512025629996134e-03
4.389648437500000000e-01 -5.754804351577047505e-04
4.399414062500000000e-01 4.074367898219688477e-04
4.409179687500000000e-01 1.390241739276792954e-03
4.418945312500000000e-01 -1.551938590444695842e-03
4.428710937500000000e-01 -5.693497525085661204e-04
4.438476562500000000e-01 4.131354763153710641e-04
4.448242187500000000e-01 1.395518893626518375e-03
4.458007812500000000e-01 -1.545629194787193073e-03
4.467773437500000000e-01 -5.634412768377589087e-04
4.477539062500000000e-01 4.186547808261859016e-04
4.487304687500000000e-01 1.400659024095571303e-03
4.497070312500000000e-01 -1.539571724410743192e-03
4.506835937500000000e-01 -5.577407878181728229e-04
4.516601562500000000e-01 4.240083315307785483e-04
4.526367187500000000e-01 1.405675477473673773e-03
4.536132812500000000e-01 -1.533752067403006125e-03
4.545898437500000000e-01 -5.522352808515762490e-04
4.555664062500000000e-01 4.292088592152687454e-04
4.565429687500000000e-01 1.410584391577408836e-03
4.575195312500000000e-01 -1.528157534635435355e-03
4.584960937500000000e-01 -5.469137826264666713e-04
4.594726562500000000e-01 4.342727550832800598e-04
4.604492187500000000e-01 1.415400513624459622e-03
4.614257812500000000e-01 -1.522777865313733325e-03
4.624023437500000000e-01 -5.417581225055367877e-04
4.633789062500000000e-01 4.392132277901555915e-04
4.643554687500000000e-01 1.420133906629088283e-03
4.653320312500000000e-01 -1.517596458041607643e-03
4.663085937500000000e-01 -5.367577320862931822e-04
4.672851562500000000e-01 4.440391466673868082e-04
4.682617187500000000e-01 1.424804221176440011e-03
4.692382812500000000e-01 -1.512602690324223176e-03
4.702148437500000000e-01 -5.319037147138022670e-04
4.711914062500000000e-01 4.487708879520949101e-04
4.721679687500000000e-01 1.429421360204533031e-03
4.731445312500000000e-01 -1.507787762359318051e-03
4.741210937500000000e-01 -5.271767834055529622e-04
4.750976562500000000e-01 4.534180993023342876e-04
4.760742187500000000e-01 1.433997895254349175e-03
4.770507812500000000e-01 -1.503132568237877664e-03
4.780273437500000000e-01 -5.225675684869049431e-04
4.790039062500000000e-01 4.579918199394197864e-04
4.799804687500000000e-01 1.438551972233997889e-03
4.809570312500000000e-01 -1.498629770681249307e-03
4.819335937500000000e-01 -5.180645814802722904e-04
4.829101562500000000e-01 4.625098841450556164e-04
4.838867187500000000e-01 1.443094094669472582e-03
4.848632812500000000e-01 -1.494266676641448771e-03
4.858398437500000000e-01 -5.136522142525322410e-04
4.868164062500000000e-01 4.669823205211316719e-04
4.877929687500000000e-01 1.447639056743447311e-03
4.887695312500000000e-01 -1.490029231261718462e-03
4.897460937500000000e-01 -5.093186259340042044e-04
4.907226562500000000e-01 4.714233983291286900e-04
4.916992187500000000e-01 1.452200305505753353e-03
4.926757812500000000e-01 -1.485907059463074942e-03
4.936523437500000000e-01 -5.050513986252537502e-04
4.946289062500000000e-01 4.758463251308062136e-04
4.956054687500000000e-01 1.456790997612571886e-03
4.965820312500000000e-01 -1.481885403468139600e-03
4.975585937500000000e-01 -5.008383212085631975e-04
4.985351562500000000e-01 4.802640800827505385e-04
4.995117187500000000e-01 1.461426278216982483e-03
5.004882812500000000e-01 -1.477953739800190458e-03
5.014648437500000000e-01 -4.966653006110519769e-04
5.024414062500000000e-01 4.846914505181928318e-04
5.034179687500000000e-01 1.466119222112342510e-03
5.043945312500000000e-01 -1.474098953574226600e-03
5.053710937500000000e-01 -4.925199008874083656e-04
5.063476562500000000e-01 4.891400577067481215e-04
5.073242187500000000e-01 1.470883780301634157e-03
5.083007812500000000e-01 -1.470308030250834855e-03
5.092773437500000000e-01 -4.883881939975760061e-04
5.102539062500000000e-01 4.936251794839946472e-04
5.112304687500000000e-01 1.475733436805201290e-03
5.122070312500000000e-01 -1.466570743851844426e-03
5.131835937500000000e-01 -4.842594286744066946e-04
5.141601562500000000e-01 4.981561388552491632e-04
5.151367187500000000e-01 1.480680200901047378e-03
5.161132812500000000e-01 -1.462883217550751611e-03
5.170898437500000000e-01 -4.801320095562276388e-04
5.180664062500000000e-01 5.027370685549066055e-04
5.190429687500000000e-01 1.485729105105884369e-03
5.200195312500000000e-01 -1.459216409716978385e-03
5.209960937500000000e-01 -4.759734661285881796e-04
5.219726562500000000e-01 5.074023079830267818e-04
5.229492187500000000e-01 1.490912067479052347e-03
5.239257812500000000e-01 -1.455569107814811206e-03
5.249023437500000000e-01 -4.717805968080367868e-04
5.258789062500000000e-01 5.121515952346208933e-04
5.268554687500000000e-01 1.496230055538318171e-03
5.278320312500000000e-01 -1.451923840555910394e-03
5.288085937500000000e-01 -4.675398449281529395e-04
5.297851562500000000e-01 5.170009229771323211e-04
5.307617187500000000e-01 1.501702171388605289e-03
5.317382812500000000e-01 -1.448269730017170270e-03
5.327148437500000000e-01 -4.632378242052301309e-04
5.336914062500000000e-01 5.219638935613640784e-04
5.346679687500000000e-01 1.507339911457884762e-03
5.356445312500000000e-01 -1.444593567727425060e-03
5.366210937500000000e-01 -4.588611197888226023e-04
5.375976562500000000e-01 5.270560034388860338e-04
5.385742187500000000e-01 1.513159536063412441e-03
5.395507812500000000e-01 -1.440882754021384493e-03
5.405273437500000000e-01 -4.543957793562182490e-04
5.415039062500000000e-01 5.322882402485247522e-04
5.424804687500000000e-01 1.519171130642201634e-03
5.434570312500000000e-01 -1.437124774290449158e-03
5.444335937500000000e-01 -4.498302392648284576e-04
5.454101562500000000e-01 5.376735091909209951e-04
5.463867187500000000e-01 1.525391806541667727e-03
5.473632812500000000e-01 -1.433306612204407471e-03
5.483398437500000000e-01 -4.451519433158884764e-04
5.493164062500000000e-01 5.432275077995249446e-04
5.502929687500000000e-01 1.531834050776351153e-03
5.512695312500000000e-01 -1.429417187806251988e-03
5.522460937500000000e-01 -4.403464190759140418e-04
5.532226562500000000e-01 5.489609979487178326e-04
5.541992187500000000e-01 1.538508730035297034e-03
5.551757812500000000e-01 -1.425444195819705606e-03
5.561523437500000000e-01 -4.354041901599020603e-04
5.571289062500000000e-01 5.548863621057734119e-04
5.581054687500000000e-01 1.545432381661632215e-03
5.590820312500000000e-01 -1.421375012698192219e-03
5.600585937500000000e-01 -4.303108807413857928e-04
5.610351562500000000e-01 5.610176458227394969e-04
5.620117187500000000e-01 1.552614091087388404e-03
5.629882812500000000e-01 -1.417198462605344378e-03
5.639648437500000000e-01 -4.250545783004294753e-04
5.649414062500000000e-01 5.673666315060138521e-04
5.659179687500000000e-01 1.560070579340162855e-03
5.668945312500000000e-01 -1.412902265046533934e-03
5.678710937500000000e-01 -4.196254096609300377e-04
5.688476562500000000e-01 5.739456995449837562e-04
5.698242187500000000e-01 1.567811864251034137e-03
5.708007812500000000e-01 -1.408474930099629097e-03
5.717773437500000000e-01 -4.140054407181098517e-04
5.727539062500000000e-01 5.807691906741033194e-04
5.737304687500000000e-01 1.575853784367302335e-03
5.747070312500000000e-01 -1.403901391029478696e-03
5.756835937500000000e-01 -4.081867954420018152e-04
5.766601562500000000e-01 5.878495107379394513e-04
5.776367187500000000e-01 1.584209675946496310e-03
5.786132812500000000e-01 -1.399172499480835774e-03
5.795898437500000000e-01 -4.021532674074179692e-04
5.805664062500000000e-01 5.952001956011088168e-04
5.815429687500000000e-01 1.592891080544084348e-03
5.825195312500000000e-01 -1.394271834091243001e-03
5.834960937500000000e-01 -3.958934651760587231e-04
5.844726562500000000e-01 6.028338168564406629e-04
5.854492187500000000e-01 1.601914455088934708e-03
5.864257812500000000e-01 -1.389191036204079355e-03
5.874023437500000000e-01 -3.893954897102036572e-04
5.883789062500000000e-01 6.107646624319423845e-04
5.893554687500000000e-01 1.611289718590300235e-03
5.903320312500000000e-01 -1.383914687425130685e-03
5.913085937500000000e-01 -3.826445405926692800e-04
5.922851562500000000e-01 6.190020875136981182e-04
5.932617187500000000e-01 1.621031349038876135e-03
5.942382812500000000e-01 -1.378433719586805162e-03
5.952148437500000000e-01 -3.756320841953458833e-04
5.961914062500000000e-01 6.275623707023142428e-04
5.971679687500000000e-01 1.631151467408872846e-03
5.981445312500000000e-01 -1.372734594312835510e-03
5.991210937500000000e-01 -3.683430652026281615e-04
6.000976562500000000e-01 6.364540977902843899e-04
6.010742187500000000e-01 1.641661533888075231e-03
6.020507812500000000e-01 -1.366807507560727220e-03
6.030273437500000000e-01 -3.607698353951943604e-04
6.040039062500000000e-01 6.456892810207254252e-04
6.049804687500000000e-01 1.652572621320555490e-03
6.059570312500000000e-01 -1.360642576942128201e-03
6.069335937500000000e-01 -3.528989395473192126e-04
6.079101562500000000e-01 6.552798610176546745e-04
6.088867187500000000e-01 1.663897849587883671e-03
6.098632812500000000e-01 -1.354225936689476550e-03
6.108398437500000000e-01 -3.447190238523023531e-04
6.118164062500000000e-01 6.652385799282845014e-04
6.127929687500000000e-01 1.675649767045150895e-03
6.137695312500000000e-01 -1.347547568583740141e-03
6.147460937500000000e-01 -3.362180851013696348e-04
6.157226562500000000e-01 6.755756160267412103e-04
6.166992187500000000e-01 1.687838015107342993e-03
6.176757812500000000e-01 -1.340597474658242194e-03
6.186523437500000000e-01 -3.273871828737701106e-04
6.196289062500000000e-01 6.863025317551396665e-04
6.206054687500000000e-01 1.700475594491435150e-03
6.215820312500000000e-01 -1.333363216923108552e-03
6.225585937500000000e-01 -3.182130024501766963e-04
6.235351562500000000e-01 6.974312004175142743e-04
6.245117187500000000e-01 1.713572859771569923e-03
6.254882812500000000e-01 -1.325834219288543614e-03
6.264648437500000000e-01 -3.086860001227792472e-04
6.274414062500000000e-01 7.089713241730938309e-04
6.284179687500000000e-01 1.727141111340049773e-03
6.293945312500000000e-01 -1.318001110069522142e-03
6.303710937500000000e-01 -2.987948540403295716e-04
6.313476562500000000e-01 7.209352552731973507e-04
6.323242187500000000e-01 1.741191997874994013e-03
6.333007812500000000e-01 -1.309850990592761888e-03
6.342773437500000000e-01 -2.885276689234689274e-04
6.352539062500000000e-01 7.333339377302572348e-04
6.362304687500000000e-01 1.755737870685697422e-03
6.372070312500000000e-01 -1.301373286916179817e-03
6.381835937500000000e-01 -2.778748038027578637e-04
6.391601562500000000e-01 7.461773727016340896e-04
6.401367187500000000e-01 1.770785906479083183e-03
6.411132812500000000e-01 -1.292560487478555675e-03
6.420898437500000000e-01 -2.668271052448656366e-04
6.430664062500000000e-01 7.594734731647956316e-04
6.440429687500000000e-01 1.786346016701606532e-03
6.450195312500000000e-01 -1.283402557376245312e-03
6.459960937500000000e-01 -2.553767005991358641e-04
6.469726562500000000e-01 7.732320425241079320e-04
6.479492187500000000e-01 1.802426491022579569e-03
6.489257812500000000e-01 -1.273890373148567345e-03
6.499023437500000000e-01 -2.435124704192326295e-04
6.508789062500000000e-01 7.874625458207662465e-04
6.518554687500000000e-01 1.819038388095828296e-03
6.528320312500000000e-01 -1.264014247226497023e-03
6.538085937500000000e-01 -2.312258603855421590e-04
6.547851562500000000e-01 8.021747945563817428e-04
6.557617187500000000e-01 1.836190845108859326e-03
6.567382812500000000e-01 -1.253763050308720484e-03
6.577148437500000000e-01 -2.185046837983040113e-04
6.586914062500000000e-01 8.173800268079789433e-04
6.596679687500000000e-01 1.853895011557665784e-03
6.606445312500000000e-01 -1.243128196868670265e-03
6.616210937500000000e-01 -2.053426015000969773e-04
6.625976562500000000e-01 8.330837120988365818e-04
6.635742187500000000e-01 1.872154767569189637e-03
6.645507812500000000e-01 -1.232103625526753676e-03
6.655273437500000000e-01 -1.917329553586533120e-04
6.665039062500000000e-01 8.492929827753070704e-04
6.674804687500000000e-01 1.890979066148490428e-03
6.684570312500000000e-01 -1.220679980998756742e-03
6.694335937500000000e-01 -1.776652475919682228e-04
6.704101562500000000e-01 8.660199640161680978e-04
6.713867187500000000e-01 1.910378530515954854e-03
6.723632812500000000e-01 -1.208845545883796557e-03
6.733398437500000000e-01 -1.631295082033523691e-04
6.743164062500000000e-01 8.832718042431630945e-04
6.752929687500000000e-01 1.930360524188212690e-03
6.762695312500000000e-01 -1.196597054911568980e-03
6.772460937500000000e-01 -1.481212350073757289e-04
6.782226562500000000e-01 9.010530807877781267e-04
6.791992187500000000e-01 1.950930178536786075e-03
6.801757812500000000e-01 -1.183926892552394916e-03
6.811523437500000000e-01 -1.326345531599548710e-04
6.821289062500000000e-01 9.193710394251874973e-04
6.831054687500000000e-01 1.972093557780746353e-03
6.840820312500000000e-01 -1.170830562315067214e-03
6.850585937500000000e-01 -1.166635527134474160e-04
6.860351562500000000e-01 9.382311924039654638e-04
6.870117187500000000e-01 1.993857025484907508e-03
6.879882812500000000e-01 -1.157302676173921352e-03
6.889648437500000000e-01 -1.002037645687625655e-04
6.899414062500000000e-01 9.576380133866913003e-04
6.909179687500000000e-01 2.016225108164709789e-03
6.918945312500000000e-01 -1.143341590323365686e-03
6.928710937500000000e-01 -8.325159208180665793e-05
6.938476562500000000e-01 9.775953758223154821e-04
6.948242187500000000e-01 2.039203070021228248e-03
6.958007812500000000e-01 -1.128942691064976911e-03
6.967773437500000000e-01 -6.580200512187883710e-05
6.977539062500000000e-01 9.981104171581656193e-04
6.987304687500000000e-01 2.062799056243014295e-03
6.997070312500000000e-01 -1.114102452122789355e-03
7.006835937500000000e-01 -4.785021176384463004e-05
7.016601562500000000e-01 1.019189038267892533e-03
7.026367187500000000e-01 2.087019551561264397e-03
7.036132812500000000e-01 -1.098819577446175089e-03
7.045898437500000000e-01 -2.939445342312052567e-05
7.055664062500000000e-01 1.040832907830968601e-03
7.065429687500000000e-01 2.111868301563318839e-03
7.075195312500000000e-01 -1.083095106857306922e-03
7.084960937500000000e-01 -1.043335281367130385e-05
7.094726562500000000e-01 1.063047804634842386e-03
7.104492187500000000e-01 2.137353048837054015e-03
7.114257812500000000e-01 -1.066928027271818458e-03
7.124023437500000000e-01 9.037589398075418501e-06
7.133789062500000000e-01 1.085840112693359227e-03
7.143554687500000000e-01 2.163483551311989883e-03
7.153320312500000000e-01 -1.050319613945555064e-03
7.163085937500000000e-01 2.901902392701827260e-05
7.172851562500000000e-01 1.109212178146412597e-03
7.182617187500000000e-01 2.190264444848433190e-03
7.192382812500000000e-01 -1.033275226714897022e-03
7.202148437500000000e-01 4.950891333091456126e-05
7.211914062500000000e-01 1.133165403073954636e-03
7.221679687500000000e-01 2.217700610457284949e-03
7.231445312500000000e-01 -1.015801834715557295e-03
7.241210937500000000e-01 7.050377652456640831e-05
7.250976562500000000e-01 1.157700678627665569e-03
7.260742187500000000e-01 2.245796743281402996e-03
7.270507812500000000e-01 -9.979082835423480624e-04
7.280273437500000000e-01 9.199943858489989523e-05
7.290039062500000000e-01 1.182820809833229347e-03
7.299804687500000000e-01 2.274561570666550070e-03
7.309570312500000000e-01 -9.795999884826267490e-04
7.319335937500000000e-01 1.139968037403571444e-04
7.329101562500000000e-01 1.208530605264962476e-03
7.338867187500000000e-01 2.304005295988537094e-03
7.348632812500000000e-01 -9.608844695477292142e-04
7.358398437500000000e-01 1.364922215148223206e-04
7.368164062500000000e-01 1.234830091477373548e-03
7.377929687500000000e-01 2.334132253689391590e-03
7.387695312500000000e-01 -9.417743369057041125e-04
7.397460937500000000e-01 1.594789130649754139e-04
7.407226562500000000e-01 1.261718137514772353e-03
7.416992187500000000e-01 2.364948379765807740e-03
7.426757812500000000e-01 -9.222799691240568531e-04
7.436523437500000000e-01 1.829528593592644192e-04
7.446289062500000000e-01 1.289198045411332760e-03
7.456054687500000000e-01 2.396461533706456537e-03
7.465820312500000000e-01 -9.024084437492529975e-04
7.475585937500000000e-01 2.069129230672928088e-04
7.485351562500000000e-01 1.317273181930450621e-03
7.495117187500000000e-01 2.428679381831416739e-03
7.504882812500000000e-01 -8.821661513824796685e-04
7.514648437500000000e-01 2.313532375534665952e-04
7.524414062500000000e-01 1.345940936193557036e-03
7.534179687500000000e-01 2.461602683284713766e-03
7.543945312500000000e-01 -8.615620832752579616e-04
7.553710937500000000e-01 2.562706502834966038e-04
7.563476562500000000e-01 1.375201537753389935e-03
7.573242187500000000e-01 2.495235077657032008e-03
7.583007812500000000e-01 -8.405934612723542365e-04
7.592773437500000000e-01 2.816698359212610470e-04
7.602539062500000000e-01 1.405060398161572799e-03
7.612304687500000000e-01 2.529581400038283245e-03
7.622070312500000000e-01 -8.192533188948192269e-04
7.631835937500000000e-01 3.075536305586767938e-04
7.641601562500000000e-01 1.435514227904388651e-03
7.651367187500000000e-01 2.564634630329687415e-03
7.661132812500000000e-01 -7.975337028331974665e-04
7.670898437500000000e-01 3.339257820446084324e-04
7.680664062500000000e-01 1.466565098014627200e-03
7.690429687500000000e-01 2.600388756969496118e-03
7.700195312500000000e-01 -7.754057284981574760e-04
7.709960937500000000e-01 3.608050974260312849e-04
7.719726562500000000e-01 1.498218978528864653e-03
7.729492187500000000e-01 2.636837222200594244e-03
7.739257812500000000e-01 -7.528307568225867108e-04
7.749023437500000000e-01 3.882126233473170984e-04
7.758789062500000000e-01 1.530474914663626507e-03
7.768554687500000000e-01 2.673957621691536168e-03
7.778320312500000000e-01 -7.297633692781579917e-04
7.788085937500000000e-01 4.161692657188575950e-04
7.797851562500000000e-01 1.563329245469480266e-03
7.807617187500000000e-01 2.711718939490903590e-03
7.817382812500000000e-01 -7.061347570797571471e-04
7.827148437500000000e-01 4.447112838772415699e-04
7.836914062500000000e-01 1.596783721518890697e-03
7.846679687500000000e-01 2.750082069114923033e-03
7.856445312500000000e-01 -6.818560188575073511e-04
7.866210937500000000e-01 4.738823485266885349e-04
7.875976562500000000e-01 1.630833010533683236e-03
7.885742187500000000e-01 2.788992062815243145e-03
7.895507812500000000e-01 -6.568173731540949412e-04
7.905273437500000000e-01 5.037357996565128282e-04
7.915039062500000000e-01 1.665471418724751018e-03
7.924804687500000000e-01 2.828381751417974321e-03
7.934570312500000000e-01 -6.308801011626341548e-04
7.944335937500000000e-01 5.343402440632916139e-04
7.954101562500000000e-01 1.700692794486424742e-03
7.963867187500000000e-01 2.868162674759033859e-03
7.973632812500000000e-01 -6.038815390817520168e-04
7.983398437500000000e-01 5.657670170658990472e-04
7.993164062500000000e-01 1.736475403288362251e-03
8.002929687500000000e-01 2.908217812368996125e-03
8.012695312500000000e-01 -5.756393862018649443e-04
8.022460937500000000e-01 5.980982086450370439e-04
8.032226562500000000e-01 1.772794009913425395e-03
8.041992187500000000e-01 2.948412390593013743e-03
8.051757812500000000e-01 -5.459332881683209848e-04
8.061523437500000000e-01 6.314344818583728092e-04
8.071289062500000000e-01 1.809624438803503210e-03
8.081054687500000000e-01 2.988590593715978461e-03
8.090820312500000000e-01 -5.145136666832028638e-04
8.100585937500000000e-01 6.658805757061014852e-04
8.110351562500000000e-01 1.846922268804784828e-03
8.120117187500000000e-01 3.028555328665916146e-03
8.129882812500000000e-01 -4.811206441387994026e-04
8.139648437500000000e-01 7.015407727600231347e-04
8.149414062500000000e-01 1.884633669000879141e-03
8.159179687500000000e-01 3.068090838397319331e-03
8.168945312500000000e-01 -4.454681391956039072e-04
8.178710937500000000e-01 7.385292505993068524e-04
8.188476562500000000e-01 1.922694703624383550e-03
8.198242187500000000e-01 3.106952446579880345e-03
8.208007812500000000e-01 -4.072723237588671275e-04
8.217773437500000000e-01 7.769427399131889622e-04
8.227539062500000000e-01 1.961015231820517624e-03
8.237304687500000000e-01 3.144860305383134769e-03
8.247070312500000000e-01 -3.662708106541567865e-04
8.256835937500000000e-01 8.168556970463702882e-04
8.266601562500000000e-01 1.999484301060894254e-03
8.276367187500000000e-01 3.181520380470148623e-03
8.286132812500000000e-01 -3.222271583548375062e-04
8.295898437500000000e-01 8.583275285477531824e-04
8.305664062500000000e-01 2.037985475917658551e-03
8.315429687500000000e-01 3.216644938467405623e-03
8.325195312500000000e-01 -2.749648604110088712e-04
8.334960937500000000e-01 9.013701031164167432e-04
8.344726562500000000e-01 2.076378713605830928e-03
8.354492187500000000e-01 3.249948239551547768e-03
8.364257812500000000e-01 -2.244330072034284029e-04
8.374023437500000000e-01 9.459199461175349377e-04
8.383789062500000000e-01 2.114495861422927003e-03
8.393554687500000000e-01 3.281181381647013673e-03
8.403320312500000000e-01 -1.707500165497033429e-04
8.413085937500000000e-01 9.918194176001260409e-04
8.422851562500000000e-01 2.152163539435980599e-03
8.432617187500000000e-01 3.310177433238803424e-03
8.442382812500000000e-01 -1.142736282692680128e-04
8.452148437500000000e-01 1.038775054849949697e-03
8.461914062500000000e-01 2.189193521771382045e-03
8.471679687500000000e-01 3.336895005759010768e-03
8.481445312500000000e-01 -5.570399575755002886e-05
8.491210937500000000e-01 1.086322920405613512e-03
8.500976562500000000e-01 2.225408981256726815e-03
8.510742187500000000e-01 3.361497384903322505e-03
8.520507812500000000e-01 3.814037534133341012e-06
8.530273437500000000e-01 1.133786456797181152e-03
8.540039062500000000e-01 2.260667239821767538e-03
8.549804687500000000e-01 3.384449967132496795e-03
8.559570312500000000e-01 6.254864855143038582e-05
8.569335937500000000e-01 1.180205432248893072e-03
8.579101562500000000e-01 2.294870389184633375e-03
8.588867187500000000e-01 3.406621988295777115e-03
8.598632812500000000e-01 1.180245633666809901e-04
8.608398437500000000e-01 1.224289351103136081e-03
8.618164062500000000e-01 2.328037777656499774e-03
8.627929687500000000e-01 3.429463867102799934e-03
8.637695312500000000e-01 1.668796024449359372e-04
8.647460937500000000e-01 1.264385902848608190e-03
8.657226562500000000e-01 2.360367882559277763e-03
8.666992187500000000e-01 3.455181932708162318e-03
8.676757812500000000e-01 2.046953668687345740e-04
8.686523437500000000e-01 1.298410087367807275e-03
8.696289062500000000e-01 2.392296075556910040e-03
8.706054687500000000e-01 3.486911871603159963e-03
8.715820312500000000e-01 2.258554955306135703e-04
8.725585937500000000e-01 1.323845942058421432e-03
8.735351562500000000e-01 2.424610728175624619e-03
8.745117187500000000e-01 3.528966449130810368e-03
8.754882812500000000e-01 2.235053598853009582e-04
8.764648437500000000e-01 1.337796078336062067e-03
8.774414062500000000e-01 2.458589924103415925e-03
8.784179687500000000e-01 3.587021399147516387e-03
8.793945312500000000e-01 1.896103299250384566e-04
8.803710937500000000e-01 1.337076279938065326e-03
8.813476562500000000e-01 2.496126763242845215e-03
8.823242187500000000e-01 3.668262487895701529e-03
8.833007812500000000e-01 1.152073910218875952e-04
8.842773437500000000e-01 1.318438537973032343e-03
8.852539062500000000e-01 2.539878037148446399e-03
8.862304687500000000e-01 3.781440605714836423e-03
8.872070312500000000e-01 -9.037498834518764568e-06
8.881835937500000000e-01 1.278938330057155515e-03
8.891601562500000000e-01 2.593411255502886537e-03
8.901367187500000000e-01 3.936711932371106393e-03
8.911132812500000000e-01 -1.919059105072173921e-04
8.920898437500000000e-01 1.216457487080269129e-03
8.930664062500000000e-01 2.661241140350711909e-03
8.940429687500000000e-01 4.145163927641082324e-03
8.950195312500000000e-01 -4.402716271963980077e-04
8.959960937500000000e-01 1.130382061633461444e-03
8.969726562500000000e-01 2.748774771385797955e-03
8.979492187500000000e-01 4.417886366556156297e-03
8.989257812500000000e-01 -7.571794197220871325e-04
8.999023437500000000e-01 1.022492284174891797e-03
9.008789062500000000e-01 2.862033671363450882e-03
9.018554687500000000e-01 4.764504894202603591e-03
9.028320312500000000e-01 -1.139442337645235614e-03
9.038085937500000000e-01 8.979117644054568359e-04
9.047851562500000000e-01 3.007097560135008063e-03
9.057617187500000000e-01 5.190909909215724038e-03
9.067382812500000000e-01 -1.574851317952374874e-03
9.077148437500000000e-01 7.660480378416933966e-04
9.086914062500000000e-01 3.189040676893462045e-03
9.096679687500000000e-01 5.696195911678747503e-03
9.106445312500000000e-01 -2.039284576159983153e-03
9.116210937500000000e-01 6.412650864875968360e-04
9.125976562500000000e-01 3.410375606283544414e-03
9.135742187500000000e-01 6.268765642898965762e-03
9.145507812500000000e-01 -2.494203977581987974e-03
9.155273437500000000e-01 5.430504312108896947e-04
9.165039062500000000e-01 3.668843446892833260e-03
9.174804687500000000e-01 6.881793164006444474e-03
9.184570312500000000e-01 -2.885125313642544764e-03
9.194335937500000000e-01 4.953401182274386194e-04
9.204101562500000000e-01 3.954694590318108549e-03
9.213867187500000000e-01 7.488632709665876686e-03
9.223632812500000000e-01 -3.141903978013005361e-03
9.233398437500000000e-01 5.247822830019566176e-04
9.243164062500000000e-01 4.247762481465910955e-03
9.252929687500000000e-01 8.018991690668442196e-03
9.262695312500000000e-01 -3.181558017759544832e-03
9.272460937500000000e-01 6.578260993749251995e-04
9.282226562500000000e-01 4.514927070599972225e-03
9.291992187500000000e-01 8.377322722973312707e-03
9.301757812500000000e-01 -2.914125847881976483e-03
9.311523437500000000e-01 9.169751100713829928e-04
9.321289062500000000e-01 4.709139664938244429e-03
9.331054687500000000e-01 8.445310874904188303e-03
9.340820312500000000e-01 -2.251484365777267627e-03
9.350585937500000000e-01 1.316912349723198261e-03
9.360351562500000000e-01 4.771343770073710466e-03
9.370117187500000000e-01 8.090362486069424541e-03
9.379882812500000000e-01 -1.118531886718510115e-03
9.389648437500000000e-01 1.861573404211558369e-03
9.399414062500000000e-01 4.636487472567507595e-03
9.409179687500000000e-01 7.181435892957943601e-03
9.418945312500000000e-01 5.346598883907427435e-04
9.428710937500000000e-01 2.543132628700206510e-03
9.438476562500000000e-01 4.244347102210777045e-03
9.448242187500000000e-01 5.612035389054526036e-03
9.458007812500000000e-01 2.721547980461092031e-03
9.467773437500000000e-01 3.343584882552375070e-03
9.477539062500000000e-01 3.554056238267100376e-03
9.487304687500000000e-01 3.327810906013084491e-03
9.497070312500000000e-01 5.410070396333677145e-03
9.506835937500000000e-01 4.238152152535867856e-03
9.516601562500000000e-01 2.559408855773659397e-03
9.526367187500000000e-01 3.529137308178054155e-04
9.536132812500000000e-01 8.517097158139419477e-03
9.545898437500000000e-01 5.198796672256644769e-03
9.555664062500000000e-01 1.300150182221182504e-03
9.565429687500000000e-01 -3.192342003089154723e-03
9.575195312500000000e-01 1.190678072786932606e-02
9.584960937500000000e-01 6.195494144480395704e-03
9.594726562500000000e-01 -1.356540044602505546e-04
9.604492187500000000e-01 -7.090019755995879969e-03
9.614257812500000000e-01 1.539303597396557421e-02
9.624023437500000000e-01 7.193688455158775419e-03
9.633789062500000000e-01 -1.621426728056651889e-03
9.643554687500000000e-01 -1.104375961938286466e-02
9.653320312500000000e-01 1.874704665829357575e-02
9.663085937500000000e-01 8.148343390809331677e-03
9.672851562500000000e-01 -3.013312460877715093e-03
9.682617187500000000e-01 -1.471704769160747661e-02
9.692382812500000000e-01 2.171134399975443996e-02
9.702148437500000000e-01 8.997818939417645545e-03
9.711914062500000000e-01 -4.177791451035473003e-03
9.721679687500000000e-01 -1.778344414960097986e-02
9.731445312500000000e-01 2.402216656243588710e-02
9.741210937500000000e-01 9.662112777022280330e-03
9.750976562500000000e-01 -5.018010098507053041e-03
9.760742187500000000e-01 -1.997764068420759820e-02
9.770507812500000000e-01 2.544059432438183777e-02
9.780273437500000000e-01 1.004967116235955249e-02
9.790039062500000000e-01 -5.490702223002741356e-03
9.799804687500000000e-01 -2.113528593221647434e-02
9.809570312500000000e-01 2.579006265431491030e-02
9.819335937500000000e-01 1.007437992590787257e-02
9.829101562500000000e-01 -5.608112657441821636e-03
9.838867187500000000e-01 -2.121204326687939345e-02
9.848632812500000000e-01 2.499369785450911152e-02
9.858398437500000000e-01 9.680051668535444298e-03
9.868164062500000000e-01 -5.424082857222733978e-03
9.877929687500000000e-01 -2.027769467746862175e-02
9.887695312500000000e-01 2.310097783328095289e-02
9.897460937500000000e-01 8.864249181759681351e-03
9.907226562500000000e-01 -5.010268778562768088e-03
9.916992187500000000e-01 -1.848985146835942228e-02
9.926757812500000000e-01 2.029550739398826992e-02
9.936523437500000000e-01 7.693516336606857908e-03
9.946289062500000000e-01 -4.431430185114618170e-03
9.956054687500000000e-01 -1.605782620399191785e-02
9.965820312500000000e-01 1.687220649016208177e-02
9.975585937500000000e-01 6.294698196187140798e-03
9.985351562500000000e-01 -3.739087608064821031e-03
9.995117187500000000e-01 -1.322085740806462281e-02
