2.757210548190327029e-02
7.844002090702471841e-02
1.246855675276771075e-01
1.659365086418290169e-01
2.020145947443747203e-01
2.330485995236334373e-01
2.594651950932819195e-01
2.819031110792574180e-01
3.010936737681236819e-01
3.177473968467438570e-01
3.324716785380628092e-01
3.457288279191735314e-01
3.578305366332970583e-01
3.689575439735621742e-01
3.791915778909100143e-01
3.885490967909840943e-01
3.970103485680391286e-01
4.045411399322523249e-01
4.111073464171346448e-01
4.166835577596531004e-01
4.212575068139331469e-01
4.248317805918189749e-01
4.274238553282095343e-01
4.290651630711462827e-01
4.297995808692076647e-01
4.296816098545795382e-01
4.287743578324145766e-01
4.271474678171048867e-01
4.248749871562135239e-01
4.220333191582484877e-01
4.186992774228768255e-01
4.149482885104950336e-01
4.108528065678915819e-01
4.064809667072982746e-01
4.018955067423255478e-01
3.971529704275649775e-01
3.923031968421911708e-01
3.873890778171978355e-01
3.824465609205530137e-01
3.775048775014231972e-01
3.725869411713152446e-01
3.677098862042076921e-01
3.628857069208958896e-01
3.581219482294086265e-01
3.534224197746089757e-01
3.487878972923546539e-01
3.442167891503907229e-01
3.397057504502425385e-01
3.352502255645173901e-01
3.308449151178233794e-01
3.264841669517646316e-01
3.221622869733242189e-01
3.178737796238625402e-01
3.136135211751378549e-01
3.093768738345244462e-01
3.051597531186405199e-01
3.009586531225610373e-01
2.967706421115154369e-01
2.925933335623722709e-01
2.884248403262554827e-01
2.842637212930924084e-01
2.801089201391916417e-01
2.759597045229357781e-01
2.718156070354700860e-01
2.676763692195650024e-01
2.635418925862513806e-01
2.594121953983885009e-01
2.552873747737962606e-01
2.511675764108431963e-01
2.470529704012685290e-01
2.429437327181739326e-01
2.388400307735709938e-01
2.347420129904031205e-01
2.306498032301982637e-01
2.265634974289942039e-01
2.224831612327668739e-01
2.184088308426769820e-01
2.143405147604590388e-01
2.102781959217414620e-01
2.062218339995708916e-01
2.021713687180723973e-01
1.981267229769181071e-01
1.940878055043022410e-01
1.900545136858654283e-01
1.860267359411011401e-01
1.820043536092662284e-01
1.779872431040386282e-01
1.739752774486088005e-01
1.699683270652453393e-01
1.659662611180116321e-01
1.619689485830961007e-01
1.579762578556592190e-01
1.539880569768446728e-01
1.500042142105526000e-01
1.460245982034903411e-01
1.420490779511756618e-01
1.380775227170567832e-01
1.341098017941564635e-01
1.301457843068682396e-01
1.261853387273041971e-01
1.222283328115805479e-01
1.182746336436439061e-01
1.143241076446889909e-01
1.103766199808086101e-01
1.064320341862578234e-01
1.024902125367052330e-01
9.855101595081089405e-02
9.461430326007504166e-02
9.067993144994609955e-02
8.674775581717418527e-02
8.281762988853026697e-02
7.888940509311877236e-02
7.496293078338456262e-02
7.103805423969737631e-02
6.711462081240755773e-02
6.319247368886329874e-02
5.927145403379310840e-02
5.535140102224301445e-02
5.143215183283397079e-02
4.751354158609782247e-02
4.359540318451190360e-02
3.967756785181859175e-02
3.575986470197248246e-02
3.184212121320667555e-02
2.792416247023733755e-02
2.400581193478036612e-02
2.008689120181854706e-02
1.616721991540781903e-02
1.224661618978877334e-02
8.324895949347864768e-03
4.401874469179426277e-03
4.773627095404156810e-04
-3.448838445213249591e-03
-7.376899961205676814e-03
-1.130702712029128636e-02
-1.523941121428996556e-02
-1.917424834651231327e-02
-2.311173491945613459e-02
-2.705207004079077104e-02
-3.099545361072653105e-02
-3.494208749700385835e-02
-3.889217475923222728e-02
-4.284592019089580872e-02
-4.680352985313344927e-02
-5.076521109945022342e-02
-5.473117265636533862e-02
-5.870162480754220063e-02
-6.267677903877202916e-02
-6.665684798084584028e-02
-7.064204534822107751e-02
-7.463258624632262972e-02
-7.862868715173053358e-02
-8.263056556961365096e-02
-8.663844006192052138e-02
-9.065253017596930363e-02
-9.467305675372301998e-02
-9.870024156490825318e-02
-1.027343072062989887e-01
-1.067754770927819979e-01
-1.108239753280012008e-01
-1.148800262511200793e-01
-1.189438546812887909e-01
-1.230156860447425005e-01
-1.270957463112219465e-01
-1.311842613616631958e-01
-1.352814569159374036e-01
-1.393875585070086798e-01
-1.435027915475705629e-01
-1.476273812236267580e-01
-1.517615525805384447e-01
-1.559055299343802548e-01
-1.600595369395509115e-01
-1.642237973039780141e-01
-1.683985353858450384e-01
-1.725839756740120690e-01
-1.767803428513705921e-01
-1.809878634355964189e-01
-1.852067666513007027e-01
-1.894372847626482614e-01
-1.936796544145849841e-01
-1.979341183691142592e-01
-2.022009272095273424e-01
-2.064803414358241385e-01
-2.107726331122551644e-01
-2.150780876992436641e-01
-2.193970067116644551e-01
-2.237297101842688762e-01
-2.280765379980047580e-01
-2.324378513801149126e-01
-2.368140339141122930e-01
-2.412054913674628598e-01
-2.456126505135213800e-01
-2.500359560548949256e-01
-2.544758652408043442e-01
-2.589328403908570109e-01
-2.634073376812852141e-01
-2.678997931153858647e-01
-2.724106035086862332e-01
-2.769401023535925099e-01
-2.814885305440618657e-01
-2.860560013951020664e-01
-2.906424585890300949e-01
-2.952476272975246840e-01
-2.998709594701078895e-01
-3.045115730973380619e-01
-3.091681857978587633e-01
-3.138390447125664617e-01
-3.185218539747749489e-01
-3.232137075074121846e-01
-3.279110294550514060e-01
-3.326095309104193376e-01
-3.373041925189424473e-01
-3.419892848322764745e-01
-3.466584464500397922e-01
-3.513048470603786222e-01
-3.559214615207911270e-01
-3.605014937605924286e-01
-3.650389948559429887e-01
-3.695297264235008483e-01
-3.739723311081250001e-01
-3.783698710521650188e-01
-3.827317870864294647e-01
-3.870763123216180435e-01
-3.914333334302321221e-01
-3.958476331705160223e-01
-4.003823352927340373e-01
-4.051222227751852256e-01
-4.101764087619085841e-01
-4.156795964301622237e-01
-4.217908838104753588e-01
-4.286888156012613749e-01
-4.365611859359221358e-01
-4.455880511920419784e-01
-4.559166492797551706e-01
-4.676275555554121333e-01
-4.806925513040679054e-01
-4.949264430328624842e-01
-5.099373878074512367e-01
-5.250829510240520026e-01
-5.394416945864104473e-01
-5.518118041756001624e-01
-5.607481848439109795e-01
-5.646465734066121733e-01
-5.618769528046773098e-01
-5.509591567800967704e-01
-5.307625097854344887e-01
-5.007013727398288427e-01
-4.608926647904032503e-01
-4.122422872231892299e-01
-3.564354594792367159e-01
-2.958202198890290680e-01
-2.331917902227367001e-01
-1.715053884369306114e-01
-1.135628939795302744e-01
-6.172303557404671542e-02
-1.768349980592072088e-02
