z0 z1 k0 cx0 cz0 k1 cx1 cz1
0.477277626528 0.522689359733 2.00116225034 0.49609375 0.596784098202 2.00874535158 0.49609375 0.402917043421
0.476683602433 0.523316397564 2.23106806928 0.49609375 0.605711246604 2.00765794913 0.49609375 0.402849716734
0.47516904946 0.524830950437 85.5124752186 0.49609375 0.543739798455 2.00094315162 0.49609375 0.402835705944
0.466944681192 0.533055318617 2.0 0.49609375 0.598079538791 2.0 0.49609375 0.40192046118
0.460239182512 0.539760817957 2.0 0.49609375 0.605324989438 2.0 0.49609375 0.394675010888
0.455286659214 0.544713327463 69.5430585455 0.49609375 0.559370400452 69.5426960655 0.49609375 0.440629506939
0.450736141322 0.549263461944 55.3406395659 0.49609375 0.567375354831 55.3398451216 0.49609375 0.432624141336
0.446613096557 0.553386933306 2.0 0.49609375 0.618683453529 2.0 0.49609375 0.381316666114
0.442483610838 0.557516500621 37.0476244359 0.49609375 0.584570826409 37.0476503107 0.49609375 0.415429202858
0.439236043205 0.560764054599 31.9254416528 0.49609375 0.592363464518 31.9255510726 0.49609375 0.407636691404
0.436203486423 0.563796360599 26.427259194 0.49609375 0.602207712765 26.4272447865 0.49609375 0.397792230545
0.432874469881 0.567125544204 24.5579060396 0.49609375 0.607934850175 24.3589246667 0.49609375 0.39166763436
0.429756155922 0.570243698584 21.6650709734 0.49609375 0.616516059554 21.6650965603 0.49609375 0.383484034536
0.427062286758 0.572937409598 19.3431166513 0.49609375 0.624700339152 19.3433351033 0.49609375 0.37530104221
0.424140909276 0.5758596101 16.9933544561 0.49609375 0.634929059328 16.9935374232 0.49609375 0.365072187829
0.42174416084 0.578256209763 15.5216224548 0.49609375 0.642908805346 15.3877083628 0.49609375 0.35644507507
0.419324809775 0.580675718308 13.8717557577 0.49609375 0.653101111995 13.8719007002 0.49609375 0.34690025312
0.416870689061 0.583130136349 12.5099207291 0.49609375 0.663578114893 12.5100762323 0.49609375 0.336423432466
0.414385035156 0.585615838225 11.3376136403 0.49609375 0.674040612333 11.3377146947 0.49609375 0.325960689018
0.412194468832 0.587805697557 10.4201437634 0.49609375 0.683716689709 10.4202836237 0.49609375 0.316285885576
0.410245505563 0.58975404061 9.39431715692 0.49609375 0.696577438311 9.39460014249 0.49609375 0.303428721872
0.408235124562 0.591765000396 8.62099583785 0.49609375 0.708103415657 8.6216077329 0.49609375 0.291909744622
0.406139047237 0.593867347933 7.7777260558 0.49609375 0.722912049084 7.77792806369 0.49609375 0.277096610465
0.404167906726 0.595846501625 7.1798170298 0.49609375 0.735391022273 7.17978418368 0.49609375 0.264609689955
0.402265347349 0.597749892856 6.61556250437 0.49609375 0.748960454404 6.61482471761 0.49609375 0.25101793668
0.400338519048 0.599658871449 5.97910015209 0.49609375 0.767053983791 5.97829282093 0.49609375 0.232918250921
0.398654729716 0.601335837348 5.4975924595 0.49609375 0.783390091094 5.497077046 0.49609375 0.216589267095
0.396749687768 0.603252246335 4.96006899942 0.49609375 0.805011766345 4.95908875547 0.49609375 0.194940389518
0.394991126472 0.604998973902 4.54886944522 0.49609375 0.82488901854 4.54766847789 0.49609375 0.175042409008
0.393260860908 0.606717267004 4.16320042632 0.49609375 0.846879176028 4.16248874632 0.49609375 0.153072073696
0.391443774209 0.608536585933 3.73464604308 0.49609375 0.770747434273 3.73387635138 0.49609375 0.229331157529
0.389860116152 0.610121270636 3.40094258457 0.49609375 0.743169462212 3.40004265805 0.49609375 0.256887371554
0.388082729898 0.611906821999 3.02646746243 0.49609375 0.721733225223 3.02584273061 0.49609375 0.278293223886
0.386509921447 0.613479279227 2.7340732675 0.49609375 0.708440825402 2.73340310489 0.49609375 0.291584842946
0.38496889842 0.615022588334 2.45672839623 0.49609375 0.697539092062 2.45629291998 0.49609375 0.302476291199
0.38329366671 0.61670017927 2.16475895084 0.49609375 0.687328591456 2.16465241003 0.49609375 0.312674441408
0.381863555909 0.618129852933 1.91778543207 0.49609375 0.679451126797 1.91749114341 0.49609375 0.320557741667
0.380249754685 0.619740418998 1.63209136608 0.49609375 0.670929542294 1.63185146396 0.49609375 0.329075455965
0.378840819438 0.621149350955 1.37508268713 0.49609375 0.663678266609 1.37484606447 0.49609375 0.336325716594
0.377477266221 0.622518943021 1.14280884202 0.49609375 0.657478154459 1.14253161173 0.49609375 0.342526565033
0.37594746291 0.624054356701 0.895259254424 0.49609375 0.651151097591 0.8952837866 0.49609375 0.348844193935
