3.366776872351439
3.464065687048264
3.334596819630701
3.627927567443466
3.498395840135759
3.382114960701671
3.534182276340681
3.587868727574015
3.560469620714077
3.378013343682229
3.23574440531155
3.263194588031717
3.229302893188199
3.45165733179843
3.487540126027564
3.575733975667451
3.247750120026993
3.303362298629045
3.334113859623443
3.293218312863164
3.267447164918998
3.580290172849609
3.575555339421876
3.247742801322174
3.303476426512993
3.334230394918048
3.29333173618097
3.267377939199056
3.58022366427641
3.561160188160245
3.376795294678963
3.235956430310393
3.26352772298726
3.229416695192774
3.450334148736806
3.488504470249466
3.628910815731013
3.496728458303733
3.380651596470649
3.53268064664939
3.589262235123978
3.36891373596395
3.465795590467486
3.336688995478685
3.369869290168809
3.410129668996932
3.351032050300841
3.423915162684352
3.516505879887581
3.29295508248156
3.242536664047165
3.316776694541584
3.541899146456338
3.355021358215045
3.522236380635094
3.288926821887593
3.127859779510567
3.366776872351243
3.464065687048278
3.334596819630506
3.107001450141979
3.378969078448031
3.424176431406444
3.318379176932001
3.370216583207783
3.163263375265891
3.627927567443079
3.498395840135651
3.534182276340468
3.58786872757403
3.113840683009969
3.475545149730074
3.246199040566177
3.490611889984459
3.138671394065173
3.560469620713682
3.378013343682219
3.451657331798106
3.487540126027268
3.16465678803473
3.463055789332006
3.447397917273635
3.210117509735873
3.575733975667549
3.580290172849921
3.184201450606394
3.455755606596968
3.447279023709729
3.210309281750556
3.575555339421673
3.580223664276405
3.184316622764719
3.455690741819745
3.490574609152584
3.138747671434727
3.561160188160239
3.376795294678538
3.45033414873701
3.488504470249181
3.164426013606186
3.463239070521912
3.319494179903956
3.368569484661406
3.164460148052833
3.628910815731325
3.496728458303506
3.532680646649383
3.589262235123682
3.114628023419574
3.474118624879416
3.246993080487319
3.523971720234044
3.286645626352013
3.128549482981388
3.368913735963567
3.465795590467803
3.336688995478307
3.107314937393224
3.376638939478979
3.42616718458445
3.4261642409148
3.515480961320998
3.290926655363698
3.241441248773866
3.314569276557044
3.541408333320718
3.357235522149421
3.371294389537001
3.410835347137048
3.352594897828571
3.297493889260778
3.345954019147066
3.365684536709439
3.364253114667546
3.364983422347879
3.342040041470423
3.316704544758199
3.39256083716438
3.238421427860787
3.369869290168818
3.410129668996717
3.351032050300704
3.241158588535352
3.411493265460964
3.290692614717594
3.35566704308271
3.238735675708796
3.423915162684367
3.516505879887418
3.29295508248148
3.316776694541478
3.541899146456363
3.355021358214902
3.297167074668061
3.308852299199533
3.296985236458391
3.286848940318684
3.522236380635118
3.288926821887241
3.378969078447864
3.424176431406455
3.359152264377278
3.285867066177032
3.39305747502015
3.318379176932171
3.370216583207438
3.475545149729817
3.246199040566192
3.374731009468611
3.338430339939699
3.490611889984302
3.463055789331689
3.360723182245858
3.371809023814246
3.288704376750296
3.447397917273565
3.455755606597063
3.321461971187343
3.371816585009667
3.288639610956966
3.447279023709562
3.455690741819581
3.321389518479239
3.338197183743782
3.490574609152676
3.463239070521828
3.36056580639778
3.393085502338918
3.319494179903656
3.368569484661396
3.474118624879249
3.246993080487408
3.374918067943707
3.297289830392777
3.285697158370409
3.523971720233903
3.286645626352002
3.376638939478886
3.426167184584462
3.35815861896102
3.286094363839018
3.35668652212437
3.237311908998084
3.426164240914491
3.515480961321184
3.290926655363345
3.314569276556946
3.541408333320815
3.357235522149282
3.295657158593937
3.30966906217612
3.317618947952845
3.391596852987295
3.238225215799043
3.371294389537105
3.410835347136653
3.352594897828611
3.240370515104797
3.411039353440038
3.291330906869082
3.297944619574656
3.346117233837921
3.365823105009267
3.364231982428213
3.365195190369163
3.342093286366182
3.291487655178543
3.346013102835313
3.358730108430657
3.359426402951502
3.357423833535711
3.344742804201543
3.693995878038593
3.297493889260839
3.345954019147033
3.365684536709315
3.364253114667502
3.364983422347712
3.342040041470514
3.282857816642367
3.736950646834818
3.572028245771926
3.203025031570877
3.316704544758106
3.392560837164128
3.24115858853529
3.411493265460993
3.290692614717368
3.735284497314719
3.633121317931546
3.3556670430828
3.238735675708522
3.297167074667831
3.308852299199434
3.698625414860191
3.824808127552214
3.296985236458297
3.286848940318615
3.359152264377288
3.285867066177052
3.238775682861478
3.312618920282226
3.393057475020052
3.374731009468642
3.316919837750891
3.344517535275963
3.338430339939594
3.360723182245676
3.34579829248787
3.342064531555235
3.342064531555254
3.288704376750189
3.321461971187379
3.342774296580612
3.342075013627904
3.342075013627959
3.288639610956859
3.321389518479136
3.342760123894319
3.344512831840583
3.338197183743814
3.360565806397466
3.345819093034581
3.312782587349239
3.393085502338895
3.374918067943803
3.316985837343969
3.823699726311634
3.297289830392366
3.285697158370537
3.358158618960819
3.286094363839047
3.239604062498227
3.631857101513507
3.356686522124279
3.237311908997722
3.295657158594002
3.30966906217604
3.697361806295581
3.574595927418408
3.203848434869394
3.317618947952807
3.391596852987174
3.240370515104873
3.411039353439932
3.291330906868808
3.733001081446383
3.692621494051749
3.29794461957467
3.346117233837921
3.365823105009349
3.364231982428043
3.365195190369078
3.342093286365965
3.283415138636807
3.735702220541554
3.291832144251009
3.34597545767569
3.358613237868627
3.359245852618824
3.357321050717781
3.344752985727969
3.247146268115146
3.384938797143406
3.415742298640064
3.368761023470295
3.319479982079995
3.378365883855344
3.24714626811515
3.384938797143263
3.415742298640003
3.368761023470221
3.244463569576216
3.398057150986058
3.293527955359429
3.680142823867734
3.675474400261288
3.319479982079717
3.378365883855233
3.244463569576272
3.398057150986014
3.293527955359225
3.725064738249658
3.559273833034826
3.608531731423915
3.203025031570708
3.316704544758326
3.290692614717504
3.491788803505479
3.661518234985433
3.296869440109496
3.296869440109522
3.308852299199488
3.290625235586696
3.290625235586845
3.268986581303853
3.268986581303744
3.268986581303791
3.278767479585127
3.278767479585462
3.278767479585303
3.429456649208945
3.429456649208834
3.380087911051435
3.380087911051692
3.372823417374299
3.372823417374181
3.420456450308329
3.420456450308448
3.296483828228742
3.296483828228622
3.355449353480471
3.355449353480586
3.296346806427264
3.296346806427143
3.355325497275969
3.355325497276642
3.372498788056464
3.372498788056113
3.420226484213585
3.420226484213263
3.429695466980149
3.429695466980348
3.38073480746116
3.380734807461563
3.269078987282696
3.269078987282461
3.269078987282462
3.278414909644273
3.278414909644792
3.278414909644604
3.297397399290897
3.297397399290812
3.309669062176145
3.291281921971786
3.291281921972029
3.558830006462511
3.606747355619136
3.203848434869307
3.317618947952922
3.291330906868916
3.492216425840827
3.659450190317952
3.683814692176158
3.672930782315173
3.320451747696593
3.376711697084491
3.244235785623238
3.396892609059205
3.294285634926342
3.722339256955501
3.320451747696652
3.376711697084864
3.247771130227324
3.386761810092041
3.416529081742745
3.370919338326596
3.244235785623655
3.396892609059031
3.294285634926624
3.247771130227306
3.386761810092528
3.416529081742655
3.370919338327049
3.244235785623241
3.455025670196521
3.485676619020199
3.259508481253684
3.226097867373492
3.279190199650202
3.517872050674449
3.391417313331093
3.362303452158476
3.224767171329911
3.455025670196384
3.485676619020128
3.279190199649948
3.517872050674305
3.391417313330962
3.275012579018067
3.315921078353123
3.694538020074453
3.362303452158333
3.224767171329899
3.275012579017922
3.315921078353094
3.690241265701995
3.299401341661902
3.299401341661678
3.315921078353133
3.293506567114224
3.293506567114618
3.291666933526739
3.291666933526705
3.239869507715059
3.239869507714793
3.23986950771513
3.432377219442691
3.432377219442615
3.525113639157774
3.525113639157524
3.157284367779468
3.157284367779155
3.174267449581718
3.443635224098425
3.443635224098443
3.277371879590622
3.277371879590548
3.496450256205195
3.496450256205219
3.432342671060053
3.43234267106039
3.496445484783303
3.496445484782776
3.432495509549448
3.432495509549467
3.444199973966459
3.444199973966485
3.278181593618431
3.278181593618563
3.157833278321719
3.157833278321812
3.173529870946929
3.431133329105919
3.431133329105756
3.525005768949009
3.52500576894914
3.292605044695916
3.292605044696017
3.23999381979976
3.23999381979956
3.239993819799651
3.300029238143434
3.300029238143246
3.317052301942785
3.294305122520973
3.294305122520886
3.691822023825836
3.363502551586172
3.223127092007847
3.272717982222797
3.317052301942577
3.688568664392343
3.363502551586438
3.223127092008101
3.458364891931109
3.48267870565402
3.515674762838906
3.395183850281001
3.272717982223086
3.317052301942539
3.458364891931207
3.482678705654437
3.25644883632422
3.224722400694751
3.275621885332816
3.515674762839649
3.395183850281183
3.440093090776762
3.509647114354975
3.409180676241334
3.557054020224985
3.226998929398772
3.158409664510238
3.440093090776875
3.509647114354779
3.409180676241338
3.124028619659244
3.312960555771251
3.472599830762149
3.300757719825083
3.259955401534824
3.557054020225004
3.226998929398688
3.312960555770986
3.472599830761947
3.328341887272625
3.285423619366145
3.253166484676934
3.300757719824815
3.259955401534871
3.328341887272439
3.285423619366214
3.245321872388759
3.267797445794443
3.267797445794266
3.267797445794457
3.271513117710159
3.271513117710558
3.271513117710326
3.425021839458696
3.425021839458544
3.526373159515915
3.526373159516179
3.233308761685005
3.233308761684862
3.088334878946617
3.088334878946857
3.632192520211853
3.632192520212123
3.598824918347114
3.598824918347183
3.281619449460486
3.49290844148893
3.492908441489369
3.20651488548335
3.306565722258962
3.206485290708952
3.306381060587494
3.280911330868258
3.491952591646033
3.491952591645841
3.631520055118532
3.631520055118628
3.599830177564065
3.599830177564386
3.235330930478126
3.235330930478046
3.088647114033917
3.088647114033854
3.423359862994664
3.42335986299438
3.526201424309381
3.526201424309681
3.267924318155581
3.267924318155593
3.267924318155706
3.270880713077785
3.270880713078505
3.270880713078254
3.254007672334581
3.30127553557397
3.257870540728782
3.325962777593693
3.285701457231562
3.246354185556668
3.301275535574167
3.257870540728785
3.559673537436503
3.22218458440214
3.307576518729248
3.4764837317504
3.325962777594362
3.285701457231235
3.559673537436442
3.22218458440239
3.161567615903791
3.445333121805441
3.512439241069016
3.414782389688257
3.126141117778986
3.307576518729003
3.476483731750719
3.445333121805829
3.512439241068638
3.414782389688527
3.232647752561967
3.660537536914936
3.417794907556435
3.330852432783526
3.454566074142441
3.650949731041221
3.158185557177651
3.364812130493945
3.294258855714504
3.232647752562078
3.660537536914639
3.417794907556015
3.454566074142233
3.650949731041627
3.158185557177376
3.405635461220453
3.283921520328386
3.389299688902743
3.364812130494028
3.294258855714159
3.40563546122052
3.283921520327953
3.374456695947438
3.318487365974222
3.389299688902895
3.374456695947279
3.320375485071568
3.43918653631555
3.439186536315579
3.394154755869316
3.394154755869474
3.16027970736154
3.160279707361475
3.157297105213869
3.630056237401129
3.630056237400669
3.611695981888053
3.611695981888145
3.150801216454227
3.294491161207386
3.230182379704158
3.190111978130622
3.339063764697812
3.25858005091909
3.339313615658837
3.258696107677281
3.230576920282175
3.190383042980974
3.150401774684626
3.292975796467266
3.629144870611515
3.629144870611427
3.613223325378586
3.613223325378371
3.161165317387843
3.161165317387688
3.155933427220452
3.439824360153256
3.439824360153198
3.395432807216165
3.395432807216404
3.318922078193612
3.389066040645771
3.37453834887816
3.320677670967234
3.389066040645916
3.368029003379815
3.28920509741744
3.400633772023798
3.286735863582459
3.374538348878522
3.368029003379846
3.289205097417694
3.238124957229889
3.660983195564913
3.412327337560795
3.448856834450613
3.653442563584199
3.162313350958963
3.400633772023795
3.286735863582696
3.238124957230146
3.660983195565138
3.412327337560393
3.32790030014771
3.448856834451115
3.653442563585199
3.162313350958828
3.619503517939288
3.293072452413951
3.248182180001127
3.278357485284503
3.238595704203278
3.34964975619096
3.573864751615876
3.491176260564312
3.13999046608903
3.619503517938986
3.573864751615875
3.141265377581059
3.476427475470464
3.355922334064649
3.321233526557398
3.49117626056425
3.476427475470643
3.352387328601931
3.336063905224895
3.321233526557354
3.352387328601748
3.345586142900048
3.363918191659972
3.363918191659915
3.417941844395714
3.417941844395937
3.466881863197988
3.466881863197841
3.300300841190678
3.300300841191379
3.26123081680193
3.470769395348102
3.47076939534785
3.235062684741915
3.193116030076227
3.455413446537205
3.455413446537314
3.337306259539428
3.552209404202609
3.552209404202388
3.417058908485387
3.552026336887512
3.552026336887731
3.417199814603103
3.45618248999392
3.456182489994135
3.337670693541275
3.235683851675643
3.193566750770639
3.259669778464556
3.468669294106248
3.468669294106556
3.468479200974277
3.46847920097421
3.302298251966654
3.302298251967191
3.362993886809476
3.362993886809332
3.41752522435863
3.417525224358737
3.335539065663515
3.320059966710759
3.351842727995074
3.345523409393124
3.356552250749655
3.320059966711051
3.490784605388695
3.476852866105695
3.351842727995233
3.490784605388832
3.140944996160973
3.621487199649937
3.57761432071214
3.140755484876095
3.476852866106331
3.621487199650224
3.289013935514659
3.249195142520431
3.279407698480775
3.239502828066376
3.344399452002667
3.577614320712403
3.533566872314087
3.235461618954873
3.324186552050016
3.355550855885533
3.313843956931813
3.239737990245156
3.570222058893917
3.414762645404173
3.270442800355175
3.533566872314097
3.57022205889373
3.216438405368702
3.441694685903221
3.367208450016558
3.290853599305047
3.414762645404032
3.441694685903059
3.309091842865082
3.34660933611257
3.346609336112583
3.309091842865117
3.335861249217923
3.275819663403032
3.275819663402722
3.340480062300353
3.34048006230077
3.5088583482637
3.508858348263445
3.455957862658943
3.455957862658722
3.195193075838433
3.283203069439193
3.354791063900622
3.268560947746442
3.548432675353582
3.548432675353471
3.422593395930638
3.265345300108621
3.499680976823907
3.499680976824388
3.264861056651387
3.499769566179338
3.499769566179127
3.547992814777423
3.547992814777202
3.422991788855184
3.35580107797179
3.269141745795054
3.194714286701767
3.282035813965996
3.509304309043685
3.509304309043705
3.457149798103742
3.457149798103679
3.274779238758775
3.27477923875876
3.339606707539613
3.339606707539821
3.347125213860461
3.347125213860097
3.308443772445303
3.335453702480605
3.366766958175079
3.291442476780588
3.412625627091099
3.440673365309602
3.308443772445564
3.412625627091307
3.27426124070552
3.53029092169447
3.568611247495745
3.218806210223851
3.440673365309469
3.530290921694297
3.235448688354289
3.325281836362082
3.35667758064095
3.314928971219119
3.238951702395166
3.568611247495912
3.520052893617574
3.237719382548355
3.329334731827661
3.36080922135437
3.31895604934398
3.240172548832412
3.561390308527627
3.406661949060751
3.283045137378001
3.52005289361736
3.561390308527517
3.225323448012813
3.437038524405687
3.364545445311427
3.293934806111661
3.406661949060513
3.437038524405522
3.305748503871056
3.350954768348547
3.350954768348422
3.305748503870919
3.334760593211425
3.270583656388901
3.334498436535049
3.334498436535092
3.507419074232621
3.507419074232644
3.460534521799646
3.460534521800716
3.19457044417157
3.277589530545978
3.366748419864026
3.273708144015345
3.536721123001311
3.536721123000978
3.428939940965842
3.245712182467437
3.503049628883118
3.503049628883433
3.245308190473435
3.503113023579808
3.503113023579939
3.536105182033578
3.536105182033578
3.429344108144697
3.367803392982017
3.274290184984921
3.19412447306272
3.276528681337074
3.507783446650958
3.507783446650713
3.461633467012882
3.46163346701343
3.26973816638924
3.333601250235708
3.333601250235756
3.351516476067243
3.351516476067082
3.305093421972525
3.334330414918643
3.364111422267763
3.294770123183687
3.404390128556117
3.435932524801476
3.305093421972698
3.404390128555944
3.287059456604382
3.516510663622007
3.559534089622197
3.227871589734915
3.435932524801614
3.516510663621756
3.23782833463805
3.330435146259259
3.361941260830769
3.320046133798358
3.239498765940301
3.559534089622377
3.623552634586518
3.261743297178766
3.263070558619248
3.293377133080627
3.252938893987226
3.306617539095182
3.594691213675076
3.482097043192091
3.157092791350147
3.623552634586428
3.594691213675285
3.145866243043245
3.476026698302877
3.363584833365119
3.310254257310241
3.482097043192286
3.476026698302878
3.344897644598755
3.334382624028305
3.334382624028482
3.310254257310058
3.344897644598755
3.344794777342429
3.347267342402051
3.347267342401753
3.405136534320626
3.405136534320455
3.486633189844823
3.486633189844924
3.338002593082209
3.338002593081816
3.23598588986218
3.425852181023044
3.425852181023316
3.253123157670363
3.206807113147131
3.488764882130007
3.488764882130119
3.353485179550262
3.528746374742784
3.528746374742563
3.434776010112024
3.528386730540041
3.528386730540043
3.434922690253873
3.489496202354349
3.489496202354026
3.353853613849931
3.253776562591442
3.207326874898038
3.234700267458688
3.42368557980354
3.423685579804104
3.487989744570303
3.487989744570146
3.340043227806511
3.340043227806155
3.346190425659685
3.346190425659391
3.404602196644746
3.404602196645465
3.333900514984719
3.333900514984773
3.309138218094796
3.344329444339665
3.344655926637325
3.364084763020549
3.309138218094925
3.481380535283304
3.476086941723667
3.344329444339426
3.481380535283582
3.158636088769976
3.624349093729308
3.597273453257133
3.146031757517683
3.476086941724331
3.624349093729873
3.258747712622724
3.264117562584591
3.29444196700646
3.253982891848935
3.302395869483504
3.597273453257328
3.30781095512287
3.64967518498912
3.345362073413705
3.291756032697953
3.375053100591446
3.667027357156563
3.221383476322004
3.411728663960475
3.228776433621589
3.307810955122882
3.649675184989125
3.667027357156855
3.22138347632163
3.334902595357668
3.328163367187478
3.386505257926694
3.411728663960473
3.228776433621228
3.334902595357669
3.328163367187481
3.378869289014495
3.325995308894913
3.386505257926721
3.378869289014371
3.32545069734976
3.443788258197405
3.443788258197585
3.418414370036098
3.418414370036613
3.197904786975379
3.197904786975058
3.138848233927977
3.58644507535906
3.58644507535933
3.642090677141717
3.642090677141745
3.140732950637676
3.235430559307444
3.258256020970018
3.211393471541971
3.384700625619551
3.284253831425813
3.384995538218746
3.28437112591296
3.258682804805658
3.211732930497028
3.140677450695399
3.234283450677704
3.584926001751859
3.584926001752128
3.642941354303585
3.642941354303498
3.199372965635223
3.199372965634996
3.138156421325051
3.444132829759537
3.444132829759785
3.419472992527486
3.419472992527429
3.326375335868236
3.38608571742136
3.37879299646479
3.325825476283911
3.386085717421289
3.414586075336533
3.224422919488743
3.329852453363742
3.331200689945793
3.378792996465019
3.414586075336797
3.224422919488789
3.314000545986379
3.647399182410426
3.666845360804015
3.226679633525654
3.329852453363916
3.331200689946145
3.314000545986359
3.647399182410358
3.341027136901479
3.289533977589381
3.369970654289813
3.666845360804007
3.226679633525732
3.227498818260703
3.519695272887742
3.551435945309383
3.498292169728735
3.176439282151783
3.59961718955976
3.146301411814846
3.227498818260711
3.519695272887456
3.551435945309093
3.498292169728751
3.17643928215141
3.214603668422009
3.544924220115995
3.316931563044558
3.221054474077953
3.599617189559609
3.214603668422004
3.544924220115847
3.282943767059249
3.298546424513438
3.276806906663443
3.316931563044343
3.221054474077876
3.28294376705912
3.298546424513451
3.275098541099215
3.279971745156965
3.279971745156963
3.279971745156971
3.260702389764902
3.260702389765307
3.260702389765082
3.359760453207495
3.359760453207183
3.504388368630443
3.504388368630591
3.332009849989966
3.332009849989632
3.12111995988746
3.121119959887977
3.578671619023009
3.578671619023191
3.651373235508469
3.65137323550833
3.218712204803751
3.399330081817728
3.399330081817654
3.186179672545518
3.257279627601146
3.186182908440958
3.257200733422887
3.218279354133102
3.398310959242941
3.398310959242594
3.577392461881886
3.577392461881604
3.651700663947924
3.651700663948354
3.334422470300749
3.334422470300513
3.122293190399795
3.122293190399943
3.357673930894746
3.357673930894803
3.503432361934899
3.503432361935281
3.280519499031894
3.280519499031523
3.280519499031683
3.260326113689815
3.260326113690048
3.26032611368983
3.277243391704738
3.317555205428513
3.219759733984484
3.280701199068172
3.298938684596882
3.275818114615518
3.317555205428737
3.219759733984857
3.600387759875005
3.20984777991948
3.547699250333005
3.280701199068269
3.298938684597449
3.600387759875275
3.142699929575209
3.232461008290011
3.523391892366384
3.552897907260062
3.502753495078281
3.180499290672761
3.209847779919615
3.547699250333091
3.232461008290346
3.523391892366507
3.552897907260118
3.502753495078138
3.18049929067267
3.186565337843481
3.536971558021077
3.400217405821385
3.201024201981939
3.199770833257741
3.208665079256567
3.449598835346916
3.487174023063013
3.40123307538936
3.186565337843208
3.536971558021007
3.400217405821217
3.44959883534674
3.487174023062718
3.218842736937496
3.356309007161039
3.198448504589205
3.401233075389447
3.186565337843342
3.218842736937146
3.356309007161072
3.634164476986594
3.314295429388114
3.314295429388078
3.322350122257733
3.322350122258032
3.3431687176398
3.3431687176397
3.2555455581886
3.255545558188323
3.255545558188676
3.349250919637752
3.34925091963798
3.500594635332618
3.500594635332504
3.209107830547118
3.20910783054706
3.128812499215889
3.508668590940322
3.508668590939973
3.366073540355086
3.366073540355429
3.513364172995284
3.513364172995288
3.483008903386264
3.483008903386216
3.5132872752021
3.5132872752021
3.483069202082243
3.483069202082434
3.508987649172542
3.50898764917237
3.366923936604021
3.366923936604496
3.210237779328601
3.210237779328529
3.128747355579205
3.347583086532276
3.347583086532272
3.499702667359747
3.499702667360116
3.344533699796467
3.344533699796362
3.256176240922832
3.256176240922681
3.256176240923108
3.314481186667804
3.314481186667607
3.32308672668622
3.323086726686175
3.198173657801376
3.401971153825721
3.186272585564403
3.217303334114001
3.35752633849205
3.63247840425629
3.401971153825773
3.186272585564217
3.539177413501903
3.395806139747712
3.445526454433073
3.490421690049604
3.217303334113983
3.357526338491983
3.186272585564519
3.53917741350222
3.395806139747588
3.199484223423453
3.199425042787063
3.20661745207333
3.445526454432767
3.490421690050314
3.281151676498498
3.427862382308563
3.436000430339627
3.420279834138251
3.255557537850558
3.366063986269766
3.318070647993534
3.281151676498653
3.427862382308505
3.436000430339315
3.420279834138437
3.255557537850489
3.353413544931485
3.330929304523219
3.836875648341004
3.20721286554561
3.366063986269475
3.318070647993554
3.353413544931308
3.330929304523134
3.630479660465459
3.534949737941447
3.80586481579399
3.619323159775104
3.207212865545376
3.514130840346403
3.575690444567361
3.315079229639932
3.315079229639828
3.325555152915699
3.325555152915862
3.283530002026904
3.283530002026665
3.283530002026665
3.256215149444121
3.256215149444546
3.256215149444435
3.450941921365752
3.450941921365858
3.431774616185144
3.431774616185451
3.327976771383731
3.327976771383376
3.399464603971615
3.399464603971595
3.257765723541264
3.315346361034666
3.31534636103436
3.257753460602695
3.315192758069188
3.3151927580702
3.327538563784346
3.32753856378405
3.399116995028775
3.39911699502833
3.450880327431456
3.450880327431626
3.43220171893408
3.432201718934734
3.284043847885983
3.284043847885921
3.284043847885989
3.256122258937655
3.256122258937882
3.256122258937537
3.315163561760888
3.315163561760863
3.326136118095514
3.326136118095759
3.809948764679485
3.617830231135127
3.206745271802439
3.514686362527448
3.57389665537614
3.840094748052759
3.206745271802681
3.367128407547741
3.315900622702176
3.35131072998933
3.332051720447106
3.628090553009986
3.539509820426387
3.367128407548036
3.315900622702374
3.28339028260794
3.428805827533044
3.436289251795615
3.421519383824333
3.257292072020332
3.351310729989649
3.33205172044731
3.283390282608236
3.428805827532818
3.436289251795718
3.421519383824326
3.257292072020276
3.311607122488063
3.353998745137095
3.361676345858235
3.356040206074216
3.362888247616771
3.349417025103156
3.298145824616992
3.582381009733612
3.627819095024108
3.311607122488196
3.353998745137055
3.361676345858064
3.356040206074255
3.3628882476166
3.349417025103088
3.298145824617121
3.675121561409981
3.435148959498161
3.843287975197731
3.183758928766243
3.36393928084747
3.306215086458714
3.338830018161127
3.331543069873424
3.621273692708502
3.560010830159289
3.173245032679415
3.399426016273594
3.193894958488291
3.211940111489938
3.360776860422158
3.624528513635027
3.277795612042333
3.321502685270999
3.212618382718936
3.258490418226536
3.300299127235749
3.27789248683879
3.329427322587027
3.378182384320329
3.375401521773973
3.331337578362647
3.325852398081108
3.325852398081295
3.291263771985859
3.334697103081229
3.33991233432963
3.362989171231784
3.362989171231658
3.296660174834881
3.328009426404276
3.363092344644006
3.363092344643841
3.29662663632906
3.328017234464639
3.325869727414635
3.325869727414849
3.29109674036756
3.334506254796204
3.339847129477882
3.329541571127452
3.378015993653492
3.375431678482543
3.33147232673723
3.278141302516596
3.321917330470078
3.212217523649575
3.257637543493625
3.300638281260382
3.278406301615565
3.174203245950546
3.399996035177261
3.193764914039504
3.211165431938066
3.361665234045204
3.62326165241559
3.846108835962257
3.184510974298403
3.364952939158897
3.304730588170237
3.337460416478284
3.332542134315809
3.619325450858678
3.563880561207146
3.58610305055808
3.626247168117316
3.311909236339597
3.354028429919054
3.361414251398103
3.355745222444575
3.362645962762452
3.349495197561152
3.298425693738529
3.67360597471186
3.435466445631414
3.311909236339459
3.354028429919046
3.361414251398427
3.355745222445067
3.362645962762439
3.349495197561221
3.298425693738381
3.311319928519994
3.347247644384316
3.357386504741589
3.353905623633486
3.357845985314611
3.344445009213549
3.294569320787522
3.3639392808479
3.306215086458824
3.301670728022046
3.431516588267841
3.434409595049007
3.426421135651044
3.274016123622667
3.33883001816129
3.331543069873718
3.399426016273711
3.193894958488023
3.54789059975632
3.353773266929335
3.404270288345628
3.510440164346996
3.211940111490176
3.360776860422342
3.321502685271443
3.212618382719526
3.597057122974594
3.569796725956009
3.258490418226713
3.300299127235957
3.378182384320181
3.450254336858837
3.258554430906958
3.372447616750466
3.375401521773986
3.369253551974458
3.291263771986382
3.465771741874909
3.474237301143785
3.334697103081432
3.355289727129363
3.318793184664194
3.350213259772234
3.407557058084163
3.296660174834943
3.378427689687514
3.355246254599062
3.318975326649432
3.349963188709509
3.40740118357104
3.296626636329153
3.378445465698464
3.36933981702359
3.2910967403676
3.465400393906054
3.474056801764291
3.334506254796306
3.37801599365367
3.451047173055789
3.25709645601881
3.373455808570882
3.375431678482835
3.321917330470269
3.212217523649763
3.5970443784793
3.570702409167097
3.257637543493805
3.300638281260379
3.399996035177339
3.193764914039247
3.54906115136006
3.351364372168878
3.401987708411128
3.512150675385438
3.211165431937959
3.361665234045465
3.364952939159432
3.30473058817054
3.303081813104654
3.432063463365476
3.434603624368268
3.427135607954113
3.275117886385498
3.337460416478492
3.332542134316038
3.311717349405854
3.347483591369884
3.357379750356161
3.353770042311321
3.357892933991691
3.344613016830502
3.295135307007726
3.301670728022216
3.431516588268309
3.434409595048872
3.426421135650952
3.274016123622831
3.193894958487995
3.547890599756183
3.353773266929419
3.191528738884043
3.203500025027612
3.193751541420151
3.404270288345666
3.510440164347116
3.211940111489977
3.212618382719289
3.597057122974734
3.105451882764222
3.30323193276155
3.558857126487754
3.562416041334359
3.548038063944172
3.242148419303734
3.157736017607073
3.569796725956457
3.450254336859282
3.166654814829766
3.412358620706451
3.594525088772937
3.640329534487925
3.315164286826561
3.258554430906841
3.3724476167505
3.465771741875296
3.194051719686758
3.622310285038413
3.626744537426075
3.156691534521966
3.474237301143768
3.350213259771996
3.381284923204221
3.427349216229296
3.503395267757865
3.293228738728982
3.4075570580843
3.349963188709918
3.381649595504917
3.426933998872579
3.503067170675021
3.293524176513521
3.407401183571543
3.465400393906145
3.194731742671565
3.621809801439622
3.626636961558817
3.157120608689295
3.474056801764176
3.451047173056188
3.165649713816115
3.414232240702726
3.59311809205789
3.639380321251237
3.317012527311697
3.25709645601909
3.373455808571038
3.212217523649441
3.597044378479465
3.104337628800076
3.305492099480363
3.559828892486554
3.56269755760078
3.549267211761059
3.244212867172493
3.156036201196583
3.570702409167166
3.193764914039887
3.549061151359858
3.351364372169004
3.19096239801885
3.203452898349596
3.192942199116144
3.401987708410954
3.512150675385731
3.211165431937761
3.30308181310442
3.43206346336579
3.434603624368357
3.427135607954245
3.275117886385502
3.303231932761655
3.558857126487873
3.562416041335005
3.548038063944558
3.242148419303851
3.412358620706764
3.594525088773159
3.289224183432193
3.262376436842026
3.308040279371056
3.640329534487974
3.315164286827213
3.622310285038346
3.220697026141503
3.279210094230044
3.309894808536374
3.268995991572501
3.244189842650283
3.62674453742613
3.381284923205103
3.427349216228955
3.249374770839729
3.351849498450141
3.383993939356523
3.341252066440264
3.234998019795773
3.503395267757486
3.381649595504808
3.426933998872705
3.249484186883067
3.351968758360936
3.384115791446884
3.341370477648747
3.23506646307123
3.50306717067543
3.621809801439631
3.22049178447251
3.279552989571363
3.310242587291645
3.269338385084967
3.243730495627114
3.626636961558444
3.414232240703031
3.593118092057657
3.288191564377153
3.261812764655129
3.306805782747149
3.63938032125159
3.317012527311542
3.305492099480258
3.559828892487055
3.562697557600942
3.549267211760874
3.244212867172893
