1.000000000000000021e-03 3.675
3.000000000000000062e-03 245.8
5.000000000000000104e-03 597.125
7.000000000000000146e-03 320.775
9.000000000000001055e-03 176.35
1.099999999999999936e-02 99.9
1.300000000000000114e-02 66.075
1.499999999999999944e-02 49.75
1.700000000000000122e-02 31.225
1.900000000000000300e-02 24.25
2.099999999999999784e-02 17.45
2.299999999999999961e-02 10.9
2.500000000000000139e-02 8.85
2.700000000000000316e-02 8.075
2.899999999999999800e-02 10.6
3.099999999999999978e-02 5.275
3.300000000000000155e-02 6.925
3.500000000000000333e-02 2.775
3.700000000000000511e-02 2.475
3.899999999999999994e-02 2.725
4.100000000000000172e-02 1.35
4.299999999999999656e-02 1.575
4.499999999999999833e-02 1.625
4.700000000000000011e-02 0.825
4.900000000000000189e-02 1.125
5.100000000000000366e-02 0.825
5.300000000000000544e-02 1.1
5.500000000000000028e-02 1.025
5.700000000000000205e-02 0.525
5.899999999999999689e-02 0.55
6.099999999999999867e-02 0.325
6.300000000000000044e-02 0.5
6.500000000000000222e-02 0.45
6.700000000000000400e-02 0.15
6.900000000000000577e-02 0.425
7.100000000000000755e-02 0.05
7.300000000000000933e-02 0.05
7.499999999999999722e-02 0.475
7.699999999999999900e-02 0.2
7.900000000000000078e-02 0.2
8.100000000000000255e-02 0.15
8.300000000000000433e-02 0.075
8.500000000000000611e-02 0.025
8.699999999999999400e-02 0.2
8.899999999999999578e-02 0
9.099999999999999756e-02 0
9.299999999999999933e-02 0.075
9.500000000000000111e-02 0.025
9.700000000000000289e-02 0.025
9.900000000000000466e-02 0
