1.000000000000000021e-03 0
3.000000000000000062e-03 2.25
5.000000000000000104e-03 15.75
7.000000000000000146e-03 94.475
9.000000000000001055e-03 128.4
1.099999999999999936e-02 86.825
1.300000000000000114e-02 66.8
1.499999999999999944e-02 45.525
1.700000000000000122e-02 40.225
1.900000000000000300e-02 32.35
2.099999999999999784e-02 16.6
2.299999999999999961e-02 12.9
2.500000000000000139e-02 10.45
2.700000000000000316e-02 10.275
2.899999999999999800e-02 9.275
3.099999999999999978e-02 3.05
3.300000000000000155e-02 5.65
3.500000000000000333e-02 3.3
3.700000000000000511e-02 2.8
3.899999999999999994e-02 2.625
4.100000000000000172e-02 2.25
4.299999999999999656e-02 1.075
4.499999999999999833e-02 2.675
4.700000000000000011e-02 1.175
4.900000000000000189e-02 1.75
5.100000000000000366e-02 1.275
5.300000000000000544e-02 1.8
5.500000000000000028e-02 1.05
5.700000000000000205e-02 0.575
5.899999999999999689e-02 0.525
6.099999999999999867e-02 0.3
6.300000000000000044e-02 0.2
6.500000000000000222e-02 0.125
6.700000000000000400e-02 0.175
6.900000000000000577e-02 0.275
7.100000000000000755e-02 0.175
7.300000000000000933e-02 0.225
7.499999999999999722e-02 0.125
7.699999999999999900e-02 0.125
7.900000000000000078e-02 0.1
8.100000000000000255e-02 0
8.300000000000000433e-02 0.025
8.500000000000000611e-02 0.025
8.699999999999999400e-02 0.05
8.899999999999999578e-02 0.05
9.099999999999999756e-02 0.075
9.299999999999999933e-02 0
9.500000000000000111e-02 0.05
9.700000000000000289e-02 0.1
9.900000000000000466e-02 0.1
