1.000000000000000021e-03 41.45
3.000000000000000062e-03 20.875
5.000000000000000104e-03 47.35
7.000000000000000146e-03 70.25
9.000000000000001055e-03 128
1.099999999999999936e-02 302.525
1.300000000000000114e-02 604.675
1.499999999999999944e-02 796.675
1.700000000000000122e-02 711.875
1.900000000000000300e-02 497.225
2.099999999999999784e-02 372.825
2.299999999999999961e-02 250.05
2.500000000000000139e-02 162.85
2.700000000000000316e-02 108
2.899999999999999800e-02 83.875
3.099999999999999978e-02 60.275
3.300000000000000155e-02 34.375
3.500000000000000333e-02 34.5
3.700000000000000511e-02 17.925
3.899999999999999994e-02 17.625
4.100000000000000172e-02 10.8
4.299999999999999656e-02 11.775
4.499999999999999833e-02 10
4.700000000000000011e-02 5.7
4.900000000000000189e-02 10.5
5.100000000000000366e-02 4.35
5.300000000000000544e-02 4.125
5.500000000000000028e-02 1.05
5.700000000000000205e-02 2.275
5.899999999999999689e-02 1.075
6.099999999999999867e-02 2.55
6.300000000000000044e-02 1.15
6.500000000000000222e-02 0.025
6.700000000000000400e-02 4.25
6.900000000000000577e-02 0.275
7.100000000000000755e-02 0.525
7.300000000000000933e-02 1.35
7.499999999999999722e-02 2.05
7.699999999999999900e-02 0.075
7.900000000000000078e-02 0.25
8.100000000000000255e-02 1.125
8.300000000000000433e-02 2.175
8.500000000000000611e-02 0
8.699999999999999400e-02 0
8.899999999999999578e-02 0
9.099999999999999756e-02 0.1
9.299999999999999933e-02 0
9.500000000000000111e-02 0.175
9.700000000000000289e-02 0.05
9.900000000000000466e-02 0.1
