1.000000000000000021e-03 0
3.000000000000000062e-03 0
5.000000000000000104e-03 0
7.000000000000000146e-03 0.575
9.000000000000001055e-03 1.525
1.099999999999999936e-02 6.975
1.300000000000000114e-02 22.075
1.499999999999999944e-02 21.025
1.700000000000000122e-02 21.35
1.900000000000000300e-02 18.125
2.099999999999999784e-02 16.15
2.299999999999999961e-02 12.5
2.500000000000000139e-02 14.575
2.700000000000000316e-02 8.3
2.899999999999999800e-02 9.725
3.099999999999999978e-02 9.35
3.300000000000000155e-02 3.475
3.500000000000000333e-02 3.625
3.700000000000000511e-02 5.55
3.899999999999999994e-02 2.75
4.100000000000000172e-02 1.425
4.299999999999999656e-02 2.1
4.499999999999999833e-02 1.85
4.700000000000000011e-02 1.05
4.900000000000000189e-02 1.425
5.100000000000000366e-02 1.65
5.300000000000000544e-02 1.75
5.500000000000000028e-02 0.4
5.700000000000000205e-02 0.35
5.899999999999999689e-02 0.2
6.099999999999999867e-02 1.15
6.300000000000000044e-02 0.25
6.500000000000000222e-02 0.475
6.700000000000000400e-02 0.45
6.900000000000000577e-02 0.45
7.100000000000000755e-02 0.1
7.300000000000000933e-02 0.225
7.499999999999999722e-02 0.175
7.699999999999999900e-02 0.15
7.900000000000000078e-02 0.175
8.100000000000000255e-02 0.125
8.300000000000000433e-02 0.125
8.500000000000000611e-02 0.175
8.699999999999999400e-02 0.05
8.899999999999999578e-02 0.025
9.099999999999999756e-02 0.05
9.299999999999999933e-02 0.025
9.500000000000000111e-02 0.05
9.700000000000000289e-02 0.075
9.900000000000000466e-02 0
