1.000000000000000021e-03 147
3.000000000000000062e-03 97.6
5.000000000000000104e-03 426.075
7.000000000000000146e-03 2375.25
9.000000000000001055e-03 2816.22
1.099999999999999936e-02 2034.33
1.300000000000000114e-02 1203.67
1.499999999999999944e-02 745.8
1.700000000000000122e-02 398.025
1.900000000000000300e-02 262.55
2.099999999999999784e-02 183.05
2.299999999999999961e-02 106.775
2.500000000000000139e-02 87.475
2.700000000000000316e-02 34.175
2.899999999999999800e-02 38.1
3.099999999999999978e-02 26.4
3.300000000000000155e-02 19.6
3.500000000000000333e-02 13.425
3.700000000000000511e-02 10
3.899999999999999994e-02 9.05
4.100000000000000172e-02 9.25
4.299999999999999656e-02 7.6
4.499999999999999833e-02 2.775
4.700000000000000011e-02 0.65
4.900000000000000189e-02 0.6
5.100000000000000366e-02 2.3
5.300000000000000544e-02 2.575
5.500000000000000028e-02 2.475
5.700000000000000205e-02 4.525
5.899999999999999689e-02 0.5
6.099999999999999867e-02 0.125
6.300000000000000044e-02 0.15
6.500000000000000222e-02 0.1
6.700000000000000400e-02 0.025
6.900000000000000577e-02 0.05
7.100000000000000755e-02 0.025
7.300000000000000933e-02 0
7.499999999999999722e-02 0.325
7.699999999999999900e-02 0.025
7.900000000000000078e-02 0.05
8.100000000000000255e-02 1
8.300000000000000433e-02 0.075
8.500000000000000611e-02 0.025
8.699999999999999400e-02 0.05
8.899999999999999578e-02 0
9.099999999999999756e-02 0
9.299999999999999933e-02 0
9.500000000000000111e-02 0
9.700000000000000289e-02 0
9.900000000000000466e-02 0.075
