1.000000000000000021e-03 271.85
3.000000000000000062e-03 3537.28
5.000000000000000104e-03 7457.7
7.000000000000000146e-03 4035.97
9.000000000000001055e-03 2072.62
1.099999999999999936e-02 1107.55
1.300000000000000114e-02 658.55
1.499999999999999944e-02 397.425
1.700000000000000122e-02 235.975
1.900000000000000300e-02 162.4
2.099999999999999784e-02 139.35
2.299999999999999961e-02 77.425
2.500000000000000139e-02 58.5
2.700000000000000316e-02 39.575
2.899999999999999800e-02 43.7
3.099999999999999978e-02 34.775
3.300000000000000155e-02 20.7
3.500000000000000333e-02 18.7
3.700000000000000511e-02 15.875
3.899999999999999994e-02 15.925
4.100000000000000172e-02 6.475
4.299999999999999656e-02 14.275
4.499999999999999833e-02 3.75
4.700000000000000011e-02 4.675
4.900000000000000189e-02 3.225
5.100000000000000366e-02 1.875
5.300000000000000544e-02 3.5
5.500000000000000028e-02 1.45
5.700000000000000205e-02 2.05
5.899999999999999689e-02 2.275
6.099999999999999867e-02 0.35
6.300000000000000044e-02 0.625
6.500000000000000222e-02 0.35
6.700000000000000400e-02 0.85
6.900000000000000577e-02 0.175
7.100000000000000755e-02 0.075
7.300000000000000933e-02 0.2
7.499999999999999722e-02 0.05
7.699999999999999900e-02 0.175
7.900000000000000078e-02 0.025
8.100000000000000255e-02 0.075
8.300000000000000433e-02 1.1
8.500000000000000611e-02 0.55
8.699999999999999400e-02 0.075
8.899999999999999578e-02 0
9.099999999999999756e-02 0
9.299999999999999933e-02 0.05
9.500000000000000111e-02 0
9.700000000000000289e-02 0
9.900000000000000466e-02 0
