1.085830411072212565e+00 6.631852694990847397e-01 5.779288935209965228e-01 2.083333333333333218e-02
1.078919596769543521e+00 4.421048894986693845e-01 6.106363690755475249e-01 2.083333333333333218e-02
8.902575131369010464e-01 7.970945255930771411e-01 8.516109267132805360e-01 2.083333333333333218e-02
7.950513372686591751e-01 7.212248205460206618e-01 5.219119808126192472e-01 2.083333333333333218e-02
1.119645019923497520e+00 8.227441173719346468e-01 1.747023441333975802e-01 2.083333333333333218e-02
2.740356853085423872e-01 1.361656180589136678e-01 7.522367162071863511e-01 2.083333333333333218e-02
1.489092287086820399e+00 7.805925457538378520e-01 8.629522428598460637e-01 2.083333333333333218e-02
1.526020475414405553e+00 4.707885163751399649e-01 7.127346253505620899e-01 2.083333333333333218e-02
3.287991988195408943e-01 6.061067745067055812e-01 2.295429096185268580e-01 2.083333333333333218e-02
1.781876179145518435e+00 5.165683106604710417e-01 4.352853044928137183e-01 2.083333333333333218e-02
5.860102846173024238e-01 7.079605478209476388e-01 4.667473352642159679e-01 2.083333333333333218e-02
1.120329693427373652e+00 1.350822653309026455e-01 5.892069186158733762e-01 2.083333333333333218e-02
1.197101645786924351e+00 5.886749476300239259e-01 8.365089595402566136e-01 2.083333333333333218e-02
1.319700692590291657e+00 3.934601579351210687e-01 4.522492316311672589e-01 2.083333333333333218e-02
1.347501519505440726e+00 1.665043159855296162e-01 6.264647592129646281e-01 2.083333333333333218e-02
1.300038254078596855e+00 2.803734421476626881e-01 2.186024423882637624e-01 2.083333333333333218e-02
6.754615170416899961e-01 3.966473346314888238e-01 5.532325509002253838e-01 2.083333333333333218e-02
8.920409945045799649e-01 8.703501605282465414e-01 1.982173148172546306e-01 2.083333333333333218e-02
4.881082961334176629e-01 2.431597177294554935e-01 6.161071468112604421e-01 2.083333333333333218e-02
5.662044011324501858e-01 4.744523360826989333e-01 3.061894072678820744e-01 2.083333333333333218e-02
3.638050227879792708e-01 2.699082909407072295e-01 4.004499210845644530e-01 2.083333333333333218e-02
1.564413095815952559e+00 1.944684674764047827e-01 7.562748881865929418e-01 2.083333333333333218e-02
2.898063672135517410e-01 8.613150943018250683e-01 4.762271612495070361e-01 2.083333333333333218e-02
1.838304913401342722e+00 5.795078524733264791e-01 6.814415477103787921e-01 2.083333333333333218e-02
1.897385347138471900e-01 3.352952799537772810e-01 2.119823922533197458e-01 2.083333333333333218e-02
6.415465139764381375e-01 2.108685202069683906e-01 3.619705777070984509e-01 2.083333333333333218e-02
8.492457653549613239e-01 1.694785180644948208e-01 6.459580238555984177e-01 2.083333333333333218e-02
1.117107556979894500e+00 3.220870306290794516e-01 5.176297738789138458e-01 2.083333333333333218e-02
2.860120647502599200e-01 5.575927591301025332e-01 8.255496164952956795e-01 2.083333333333333218e-02
6.809837413935774242e-01 6.269528714724585949e-01 2.207800456566640646e-01 2.083333333333333218e-02
1.152118577041062908e+00 1.360815558588492902e-01 7.494461888231670477e-01 2.083333333333333218e-02
1.290895456385619255e-01 6.348442070704745088e-01 3.255893796707249876e-01 2.083333333333333218e-02
1.413549488898895978e+00 8.504929800473906010e-01 3.094711338359681929e-01 2.083333333333333218e-02
5.130852040597538855e-01 8.433346670670469614e-01 4.599034121183674384e-01 2.083333333333333218e-02
1.609101915761733004e+00 6.512717837824407718e-01 3.463896877318096701e-01 2.083333333333333218e-02
1.142904801051384922e+00 7.894826494065967371e-01 6.460031224756390689e-01 2.083333333333333218e-02
1.396072108682868018e+00 5.010043229610825488e-01 8.458634229984447472e-01 2.083333333333333218e-02
1.253182766978779172e+00 4.422567451566196128e-01 5.806815207136759582e-01 2.083333333333333218e-02
1.545813736939114502e-01 3.495275693115332261e-01 6.214649325986194572e-01 2.083333333333333218e-02
6.308864593450308478e-01 5.894950336574548144e-01 4.459829315505393077e-01 2.083333333333333218e-02
3.590418962578083018e-01 3.470307638499899872e-01 5.530567239484591724e-01 2.083333333333333218e-02
1.159784605194704499e+00 5.563633137109306182e-01 6.161772883916596388e-01 2.083333333333333218e-02
1.267448249752969547e+00 4.479923135374302423e-01 8.007145018537227266e-01 2.083333333333333218e-02
7.671296215008847064e-01 4.513642349931003550e-01 7.972085442202180294e-01 2.083333333333333218e-02
1.538391097406034191e+00 6.546155091847777330e-01 1.968387228784950205e-01 2.083333333333333218e-02
1.737590262501051086e+00 6.624663188247428280e-01 8.782923133139654004e-01 2.083333333333333218e-02
3.836132690236390141e-01 7.791622601708957374e-01 2.440571421295842369e-01 2.083333333333333218e-02
1.540369169091477142e+00 5.524013934493998690e-01 4.296140003963830889e-01 2.083333333333333218e-02
2.424519670086177359e-01 6.497168196346274627e-01 4.647698676975355325e-01 2.083333333333333218e-02
1.625620877040341083e+00 1.297165138402931739e-01 3.938166988960926096e-01 2.083333333333333218e-02
1.404400072262302013e+00 2.509858385899257360e-01 5.159527597047980363e-01 2.083333333333333218e-02
1.516418461736797951e+00 2.906428884457882833e-01 3.827250245284845587e-01 2.083333333333333218e-02
1.752709607676997239e+00 6.550142547920123626e-01 1.449778548945751255e-01 2.083333333333333218e-02
4.104205585088299135e-01 5.921211211373206273e-01 5.585650130248270839e-01 2.083333333333333218e-02
5.391282109168442638e-01 8.292789484263018984e-01 5.864241832741377003e-01 2.083333333333333218e-02
6.693366170516332758e-01 4.228176388472030256e-01 2.799648429728009424e-01 2.083333333333333218e-02
4.482227020062577449e-01 8.369823957378162982e-01 6.816593529123763373e-01 2.083333333333333218e-02
9.832234051525554630e-01 2.932894262131034435e-01 3.137203320092146197e-01 2.083333333333333218e-02
2.228679402361479767e-01 4.502659410482415803e-01 3.572785438455277629e-01 2.083333333333333218e-02
1.345237301167182986e+00 4.072951447967980143e-01 2.570327888160564012e-01 2.083333333333333218e-02
1.642267640880907265e-01 1.718309705262968390e-01 6.360395199030801638e-01 2.083333333333333218e-02
9.185836183443796266e-01 5.277392350907810226e-01 8.008090638889260315e-01 2.083333333333333218e-02
1.862179315839205263e+00 2.853135465021760520e-01 6.236676373509097981e-01 2.083333333333333218e-02
5.838418457628231639e-01 1.364936745948442387e-01 6.959371458257406218e-01 2.083333333333333218e-02
1.582093533790301487e+00 5.978112313899544006e-01 7.825934137142747105e-01 2.083333333333333218e-02
6.018114112174929309e-01 7.260188490503608483e-01 2.616072577653471010e-01 2.083333333333333218e-02
1.796158663509002551e+00 6.421786095940932304e-01 2.842599884777818331e-01 2.083333333333333218e-02
4.959068935378224685e-01 5.138022080640862743e-01 1.402942278580197877e-01 2.083333333333333218e-02
4.856348826506173832e-01 4.428864804698922630e-01 4.045789017534544008e-01 2.083333333333333218e-02
9.359534545081255041e-01 3.313684356068383741e-01 5.658114627307779809e-01 2.083333333333333218e-02
1.639779440415015221e+00 2.099616574378750933e-01 5.131791562585366062e-01 2.083333333333333218e-02
3.530530869902279156e-01 6.644519249043835396e-01 4.211786079621977485e-01 2.083333333333333218e-02
1.115032473351211584e+00 2.598205424623429294e-01 2.306762175020610761e-01 2.083333333333333218e-02
9.789989601410784559e-01 3.905063262028830029e-01 8.339942251500498394e-01 2.083333333333333218e-02
2.675177823188826243e-01 5.395792896911583147e-01 5.640610189581246603e-01 2.083333333333333218e-02
1.812238132278877645e+00 3.423785411510161802e-01 3.034618247692138504e-01 2.083333333333333218e-02
1.298769927755683451e+00 7.162409582842127476e-01 3.344786635300780464e-01 2.083333333333333218e-02
1.839595620717318969e+00 7.855164776984147057e-01 3.772705384762746195e-01 2.083333333333333218e-02
1.811594188402134931e+00 2.965404000739967350e-01 8.407334403318917904e-01 2.083333333333333218e-02
1.776089130775593494e+00 7.268952954088969687e-01 5.989230187906499081e-01 2.083333333333333218e-02
1.658123007982198471e+00 3.430403824184125039e-01 7.646155294456296048e-01 2.083333333333333218e-02
1.207266516621646080e+00 1.308712838004987833e-01 3.841520844319331607e-01 2.083333333333333218e-02
9.954131510018152662e-01 6.057666582690319768e-01 4.003433263149599464e-01 2.083333333333333218e-02
1.636853418133126459e+00 8.586306125092071362e-01 8.494662823644417715e-01 2.083333333333333218e-02
1.714860086130572947e+00 7.078192272964677345e-01 3.734684069550534558e-01 2.083333333333333218e-02
3.537907577827867356e-01 1.613489461883425014e-01 6.710757261930222484e-01 2.083333333333333218e-02
1.409266147490128851e-01 7.051904009479386115e-01 2.322678727619510719e-01 2.083333333333333218e-02
5.522706773245853462e-01 4.397424288990746666e-01 5.435046667539703558e-01 2.083333333333333218e-02
3.520239220868993657e-01 1.628255263194084423e-01 3.495456311480480416e-01 2.083333333333333218e-02
1.346386816699769451e+00 7.113440085886700848e-01 7.103674010686378271e-01 2.083333333333333218e-02
1.830122828700715409e-01 4.472218499602797492e-01 5.075961130080064443e-01 2.083333333333333218e-02
3.474131609449463420e-01 4.186123880482132131e-01 8.461076731202611390e-01 2.083333333333333218e-02
9.242359163938048683e-01 7.897147360909996250e-01 4.686080043411776086e-01 2.083333333333333218e-02
1.451502446812363623e+00 6.031796337140821196e-01 3.028487073129463858e-01 2.083333333333333218e-02
4.031140962032425668e-01 7.247635348423099311e-01 8.482013406350437101e-01 2.083333333333333218e-02
1.564015520566478745e+00 8.100398197963265545e-01 7.392722292328313127e-01 2.083333333333333218e-02
7.456902252298095446e-01 3.913360585552617121e-01 1.332157812018118226e-01 2.083333333333333218e-02
2.959895856390687419e-01 8.376869962216353382e-01 7.801954689978627400e-01 2.083333333333333218e-02
1.201267108888504076e+00 1.459148985355917527e-01 1.326679322055114019e-01 2.083333333333333218e-02
8.747991453927348449e-01 1.724561727641628073e-01 3.118885827532871247e-01 2.083333333333333218e-02
5.097079428168640458e-01 3.128366552398293976e-01 2.202168836715704403e-01 2.083333333333333218e-02
1.860545525058458605e+00 1.703556904234333202e-01 7.147861157213082350e-01 2.083333333333333218e-02
6.279340244745434951e-01 3.039091202247352630e-01 6.232326334122793021e-01 2.083333333333333218e-02
8.665231379997017092e-01 5.414715882349093734e-01 3.385140692723858646e-01 2.083333333333333218e-02
1.577888408093838901e+00 8.222665748978373879e-01 1.557222107562001856e-01 2.083333333333333218e-02
5.298691290590042957e-01 3.851271885318604538e-01 7.388495801891041825e-01 2.083333333333333218e-02
1.853655760272798103e+00 8.556368760416833696e-01 8.070858287086944971e-01 2.083333333333333218e-02
6.422780994042525116e-01 8.731085262559762361e-01 3.099768644678088103e-01 2.083333333333333218e-02
1.671191373353668075e+00 3.274313123950215454e-01 4.082848128587166503e-01 2.083333333333333218e-02
7.789707890059440754e-01 6.886644286346009780e-01 3.011704922587711275e-01 2.083333333333333218e-02
1.778209496135527479e+00 6.016149207897010243e-01 7.785277991423691368e-01 2.083333333333333218e-02
1.822839454612432464e+00 8.749205988161569136e-01 4.634647760245677039e-01 2.083333333333333218e-02
1.697638369877920494e+00 4.292727872587757676e-01 5.394926931580779073e-01 2.083333333333333218e-02
5.984894497074730868e-01 4.662118133329371528e-01 4.254660976628623081e-01 2.083333333333333218e-02
7.767529689903143186e-01 5.189359187094837456e-01 6.900345590544821883e-01 2.083333333333333218e-02
7.072506273496591556e-01 8.216537313540790421e-01 7.747582313505593232e-01 2.083333333333333218e-02
2.064471037569710066e-01 3.131789142280905769e-01 4.591527637665614447e-01 2.083333333333333218e-02
3.048040377055169503e-01 3.850942916837352681e-01 6.820739569267425528e-01 2.083333333333333218e-02
1.317404629342802114e+00 5.928081916625536074e-01 6.596507053977788138e-01 2.083333333333333218e-02
4.811574829041422863e-01 3.799544037724218448e-01 6.336505490604092961e-01 2.083333333333333218e-02
1.666821124996750170e+00 5.331225241529721215e-01 3.352139019670319353e-01 2.083333333333333218e-02
1.739969953271860437e-01 6.595054286387784792e-01 1.268121118272339531e-01 2.083333333333333218e-02
2.781945750161826658e-01 4.286729274926151523e-01 1.392708431135363245e-01 2.083333333333333218e-02
1.343349760382406277e+00 6.304008316184985805e-01 8.403862740463847736e-01 2.083333333333333218e-02
1.255864844294089233e-01 6.116241292029772625e-01 5.761307797990432578e-01 2.083333333333333218e-02
1.345481607316716399e+00 7.378729760239131075e-01 5.074371241047013203e-01 2.083333333333333218e-02
8.980793296751186094e-01 5.151305507162189379e-01 6.470836116253652071e-01 2.083333333333333218e-02
1.738118108951595131e+00 1.481589782166651825e-01 2.533687698220461471e-01 2.083333333333333218e-02
8.050618072362516475e-01 8.428748787823607813e-01 3.483552639359132619e-01 2.083333333333333218e-02
4.029889405023651672e-01 7.929477051156412770e-01 4.593490984080955686e-01 2.083333333333333218e-02
1.717181253406356634e+00 2.423414369594419637e-01 6.221807795603088165e-01 2.083333333333333218e-02
5.558428118230118731e-01 1.508751046228009318e-01 1.662910928392597187e-01 2.083333333333333218e-02
2.282297610091010842e-01 8.091974927594882683e-01 6.819119710204015750e-01 2.083333333333333218e-02
1.699926311434150739e+00 6.308749193998620663e-01 5.219461128484197410e-01 2.083333333333333218e-02
7.677726624442976489e-01 4.670275842075136685e-01 3.767536811712152711e-01 2.083333333333333218e-02
1.827284744572927222e+00 2.220249024070830579e-01 1.942429978269337720e-01 2.083333333333333218e-02
1.837363458239633429e+00 7.955935228045346586e-01 7.006261638879289766e-01 2.083333333333333218e-02
1.038676781132719107e+00 7.070883618249442781e-01 8.478785333179162942e-01 2.083333333333333218e-02
1.850024475974962224e+00 4.240162832702654705e-01 4.092541808417429761e-01 2.083333333333333218e-02
3.150889201604845091e-01 4.279853400835203492e-01 4.282416336601549967e-01 2.083333333333333218e-02
1.236999284491746565e+00 8.481828744166309830e-01 1.991677676062301172e-01 2.083333333333333218e-02
4.559134921029530108e-01 1.353348638985897578e-01 5.137636087916405137e-01 2.083333333333333218e-02
1.602715983554181101e+00 4.038554331064689307e-01 2.898383953280266878e-01 2.083333333333333218e-02
1.104941563572895857e+00 7.073704545405148369e-01 4.669439203821255102e-01 2.083333333333333218e-02
1.049644940138925397e+00 3.858255548034723037e-01 7.134553635112848013e-01 2.083333333333333218e-02
1.441379732572500627e+00 8.239689539246144445e-01 1.427890163454450800e-01 2.083333333333333218e-02
1.335463231408564377e+00 8.695728074477592218e-01 6.966225258851399538e-01 2.083333333333333218e-02
7.624699783373436457e-01 3.186859120306369531e-01 4.969441406582144616e-01 2.083333333333333218e-02
3.272270172498963903e-01 2.420493425310950575e-01 1.563281523234097969e-01 2.083333333333333218e-02
1.386165444206023389e+00 8.536790616737358617e-01 5.057902899909133554e-01 2.083333333333333218e-02
6.490431428870067077e-01 5.375379343697475054e-01 8.267041939509629511e-01 2.083333333333333218e-02
1.559208562620682637e+00 1.984971001597490847e-01 2.394240395582052927e-01 2.083333333333333218e-02
1.169561473239753235e+00 2.099569458685918710e-01 8.608786002173878238e-01 2.083333333333333218e-02
1.047312264583416974e+00 4.906545453498074028e-01 1.212473567135550351e-01 2.083333333333333218e-02
1.532587511662012680e+00 2.415192296812008199e-01 5.801649009299614246e-01 2.083333333333333218e-02
3.242054580996484026e-01 6.728151867635462358e-01 6.042422270072566048e-01 2.083333333333333218e-02
8.560086973235682128e-01 2.519881103222935681e-01 2.021348152833140621e-01 2.083333333333333218e-02
1.027497426195117525e+00 7.950371311688775311e-01 6.799362562832439449e-01 2.083333333333333218e-02
1.298939621730325067e-01 6.472363706215868984e-01 8.181264502369139935e-01 2.083333333333333218e-02
7.266327268263323980e-01 7.054118403978912877e-01 6.788862050791975022e-01 2.083333333333333218e-02
9.761050392959034205e-01 4.608466273309813066e-01 5.514498844537765176e-01 2.083333333333333218e-02
3.320446536374452307e-01 3.744759206345537605e-01 2.538238193823932343e-01 2.083333333333333218e-02
1.116939904789277627e+00 3.998374282618872844e-01 3.804429689407447523e-01 2.083333333333333218e-02
1.452531951859637793e+00 3.593847487115844341e-01 6.193001784346658933e-01 2.083333333333333218e-02
9.693772916771109527e-01 6.742859569430278421e-01 1.732968495842286960e-01 2.083333333333333218e-02
1.772191265145292904e+00 5.047867698844029638e-01 8.790215050720320278e-01 2.083333333333333218e-02
1.536755612726716125e+00 6.698222271968388153e-01 5.448734514271241780e-01 2.083333333333333218e-02
1.026238205072151022e+00 8.324624497849091309e-01 2.942236344954003435e-01 2.083333333333333218e-02
1.311473178395920813e+00 5.704342053423777648e-01 1.284649692058707771e-01 2.083333333333333218e-02
1.667325274316725503e+00 5.152284076153853531e-01 1.440846283136694161e-01 2.083333333333333218e-02
5.493002640361666078e-01 5.672179085547564004e-01 6.920404240240674021e-01 2.083333333333333218e-02
9.831550056671171101e-01 2.613893451260319578e-01 8.759932638277232453e-01 2.083333333333333218e-02
7.362374167163803218e-01 3.137399875141984595e-01 3.220216877739275896e-01 2.083333333333333218e-02
6.777514220231606323e-01 5.960857442689878605e-01 6.725539039396519758e-01 2.083333333333333218e-02
1.621124174745385060e+00 4.812879598441625051e-01 8.558144527192446116e-01 2.083333333333333218e-02
5.879038960937114089e-01 1.310774358585951593e-01 4.876792557321499300e-01 2.083333333333333218e-02
1.301701670557908752e-01 1.294443057884126780e-01 5.085098555767123552e-01 2.083333333333333218e-02
1.631246308065419592e+00 2.361206473005902085e-01 1.213370324309050730e-01 2.083333333333333218e-02
1.336735089603782844e+00 2.034186686213390327e-01 3.215259451521235712e-01 2.083333333333333218e-02
1.835374812706181746e+00 6.057592706427911144e-01 5.156806585409363652e-01 2.083333333333333218e-02
1.043214676983250655e+00 3.894538232190076221e-01 2.120436532760978099e-01 2.083333333333333218e-02
1.455381175439534491e+00 1.337708687464822799e-01 8.541833128752248649e-01 2.083333333333333218e-02
1.202310352950044070e+00 5.397662864019884266e-01 3.452619571382702368e-01 2.083333333333333218e-02
1.038793089699648231e+00 1.474963786181139325e-01 8.080588266720237778e-01 2.083333333333333218e-02
1.875639451645199740e+00 8.699826200779239294e-01 5.783532691538145754e-01 2.083333333333333218e-02
3.459366972093526615e-01 5.630878968344839031e-01 1.223990153106031403e-01 2.083333333333333218e-02
1.243335935991134455e+00 3.338184500961173806e-01 8.395982643929553735e-01 2.083333333333333218e-02
3.029587982300543936e-01 1.345564049694519815e-01 5.686939124446830363e-01 2.083333333333333218e-02
8.057894587492917537e-01 3.208571622249337674e-01 8.371745031367774370e-01 2.083333333333333218e-02
1.847952341732004955e+00 8.736058033770686126e-01 2.107834347607057957e-01 2.083333333333333218e-02
1.770600374161633628e+00 3.062986201739267833e-01 4.683109636502807982e-01 2.083333333333333218e-02
4.475611156307091054e-01 2.002582142333140802e-01 2.092236144257788866e-01 2.083333333333333218e-02
7.496819696081180595e-01 1.243632512681974722e-01 4.430142235779478965e-01 2.083333333333333218e-02
1.829516742167030641e+00 3.967489544444920413e-01 7.183361111400228260e-01 2.083333333333333218e-02
1.097225472296070592e+00 4.208555312828423656e-01 8.453949994235504528e-01 2.083333333333333218e-02
1.129430471749983900e+00 8.450770664297645451e-01 8.634587926584594841e-01 2.083333333333333218e-02
1.243721137352817863e+00 4.469142251902907814e-01 1.479382008962001616e-01 2.083333333333333218e-02
1.436106755511916244e+00 7.226219207700002034e-01 3.488271286783815039e-01 2.083333333333333218e-02
1.307929731801497519e+00 1.370303345615808133e-01 1.984235853814256267e-01 2.083333333333333218e-02
7.938604188352065272e-01 1.396165356797635648e-01 7.510319281131617730e-01 2.083333333333333218e-02
2.970771274707497134e-01 7.783951940418609716e-01 3.439851744650141430e-01 2.083333333333333218e-02
8.863298449550678360e-01 7.240545328053719087e-01 6.346105032954577618e-01 2.083333333333333218e-02
1.675833638700429340e+00 7.041096064496815687e-01 6.606684252607691876e-01 2.083333333333333218e-02
6.411100584626694410e-01 3.508297070765801218e-01 3.907159422693249895e-01 2.083333333333333218e-02
1.354902849177265223e+00 1.437295197287729864e-01 7.831005661589436340e-01 2.083333333333333218e-02
1.651262586691399914e-01 8.023002318762685325e-01 5.281873470277698157e-01 2.083333333333333218e-02
5.693204891817575941e-01 6.899902955195823528e-01 8.776672807165596391e-01 2.083333333333333218e-02
1.059744515713965995e+00 8.368537277514060957e-01 4.215960016955990208e-01 2.083333333333333218e-02
9.818626375743322310e-01 2.206961887092964703e-01 4.219020306397053277e-01 2.083333333333333218e-02
1.670256008728265407e+00 8.157844164483383231e-01 3.267595806971259065e-01 2.083333333333333218e-02
1.707080719364107990e+00 4.686981905319061448e-01 7.407353915771093256e-01 2.083333333333333218e-02
4.662596606185106518e-01 6.300751700473665728e-01 7.600880831041555430e-01 2.083333333333333218e-02
1.025965491261869200e+00 2.273333037063818285e-01 6.614433295466706220e-01 2.083333333333333218e-02
9.064449216489677275e-01 7.555510270105851856e-01 2.890498898034137287e-01 2.083333333333333218e-02
1.155897621981592183e+00 1.553456247549652447e-01 2.709702899543444121e-01 2.083333333333333218e-02
6.786825134978864416e-01 8.634465986938290039e-01 6.134895088871752389e-01 2.083333333333333218e-02
1.225618485074128960e+00 7.045900073473579939e-01 7.039305724629064676e-01 2.083333333333333218e-02
1.810862126193368560e-01 8.780493214288352943e-01 2.206117980026575109e-01 2.083333333333333218e-02
9.167491221866815865e-01 6.620693005758612193e-01 8.150174670459487958e-01 2.083333333333333218e-02
4.705521495744296456e-01 6.189357464385872865e-01 2.015922796097207592e-01 2.083333333333333218e-02
1.488884972509262328e+00 3.540451297408565567e-01 7.848999715948166145e-01 2.083333333333333218e-02
1.960251842248796339e-01 1.211119023448555404e-01 3.284139106195853586e-01 2.083333333333333218e-02
8.507619064125708785e-01 5.151552840479265427e-01 4.634536553807311332e-01 2.083333333333333218e-02
2.579707047649915097e-01 7.312428088873380583e-01 1.713355519452929854e-01 2.083333333333333218e-02
1.177992140577698077e+00 7.537280063281875941e-01 3.012958450587651105e-01 2.083333333333333218e-02
4.857098907351229400e-01 7.187551934935346720e-01 3.281227918760685758e-01 2.083333333333333218e-02
1.214309871535091956e+00 5.217956463720814231e-01 4.767831359850743245e-01 2.083333333333333218e-02
1.456200025479688520e+00 2.559690574956116627e-01 2.506388031843285180e-01 2.083333333333333218e-02
8.801566607257333974e-01 3.640671696674173674e-01 1.770444260840432771e-01 2.083333333333333218e-02
5.185618289805278280e-01 1.327681650834340588e-01 3.679399218528787707e-01 2.083333333333333218e-02
1.004412356338573176e+00 1.423418917911402626e-01 5.449299608590463251e-01 2.083333333333333218e-02
1.186843851781668624e+00 8.708917904789473807e-01 7.412266296015552758e-01 2.083333333333333218e-02
7.197298321633188722e-01 2.361356606586866858e-01 7.154111159709252155e-01 2.083333333333333218e-02
1.428924001277478872e+00 8.541771505843199774e-01 7.842554578039986346e-01 2.083333333333333218e-02
1.097873449437316351e+00 1.976405539482627982e-01 4.874879992745030366e-01 2.083333333333333218e-02
1.490845650622973695e+00 4.928330332187323415e-01 5.831789027365670286e-01 2.083333333333333218e-02
1.040132697474432266e+00 1.545362360968300930e-01 2.314295507853951217e-01 2.083333333333333218e-02
6.957067891862851461e-01 2.003326071670485931e-01 1.841773629877820895e-01 2.083333333333333218e-02
2.242386676430958570e-01 5.574459074815021342e-01 2.619820428025267933e-01 2.083333333333333218e-02
2.833880502675937829e-01 7.600485100300097274e-01 8.664287432033395131e-01 2.083333333333333218e-02
7.919078378515516103e-01 7.923546667320651160e-01 2.330959984523028883e-01 2.083333333333333218e-02
1.371584921395884449e-01 5.243367436221216815e-01 8.357743855839050440e-01 2.083333333333333218e-02
1.253725086627035079e+00 6.625107167727556368e-01 4.953479942480739640e-01 2.083333333333333218e-02
5.200062487414017776e-01 2.157475906206850480e-01 8.520257321005005879e-01 2.083333333333333218e-02
9.329256358014060835e-01 6.715678216571463466e-01 4.809443730414568186e-01 2.083333333333333218e-02
1.391229320538279524e+00 3.018769542511136050e-01 8.365692550471375277e-01 2.083333333333333218e-02
1.328427421439450029e+00 3.389113320003250274e-01 7.039908497186077030e-01 2.083333333333333218e-02
1.562121241468557686e+00 4.912355372704592105e-01 2.226524929860171642e-01 2.083333333333333218e-02
1.063094242077162965e+00 6.271222994393377270e-01 7.430171386365249653e-01 2.083333333333333218e-02
1.717880176947103488e+00 4.310079796245966377e-01 3.727887616357498102e-01 2.083333333333333218e-02
1.860748270845006047e+00 6.095151362130682982e-01 3.983818367406454786e-01 2.083333333333333218e-02
2.014535410548440320e-01 4.726201282833155659e-01 6.395178719529103217e-01 2.083333333333333218e-02
1.067464504308019313e+00 5.549414154353882189e-01 2.912894740311040009e-01 2.083333333333333218e-02
1.611441658055153603e+00 5.465606941732691348e-01 6.617115598891797346e-01 2.083333333333333218e-02
6.806918266902831638e-01 6.736186695754290410e-01 5.524736122751329193e-01 2.083333333333333218e-02
7.468127648580448197e-01 8.696382005349087008e-01 1.311886832339052011e-01 2.083333333333333218e-02
7.010145539608362286e-01 8.017511098769042333e-01 4.937695603569791647e-01 2.083333333333333218e-02
1.370138536174765775e+00 5.038776909517851399e-01 4.839025829200953033e-01 2.083333333333333218e-02
1.862380402293944748e+00 7.619082656396295450e-01 5.261692795043922954e-01 2.083333333333333218e-02
2.693040572954417122e-01 2.463247814908732791e-01 5.951083545163028399e-01 2.083333333333333218e-02
1.215903981299929271e+00 7.564888420442299477e-01 8.302486792691612383e-01 2.083333333333333218e-02
1.679917996656770329e+00 7.509391716479950629e-01 1.448007941388075592e-01 2.083333333333333218e-02
2.151906102293774936e-01 5.663454645882234351e-01 7.067248089215418805e-01 2.083333333333333218e-02
1.483305081554288529e+00 1.438020443682292981e-01 4.294343535392886047e-01 2.083333333333333218e-02
9.345218284835917766e-01 1.250120838452738470e-01 7.353038286609889784e-01 2.083333333333333218e-02
1.792104613366436672e+00 1.474564228772521357e-01 8.290001574505967419e-01 2.083333333333333218e-02
1.275951008007753185e+00 1.432806284628894977e-01 4.885531670259365966e-01 2.083333333333333218e-02
8.468432180637985862e-01 5.675662556707710138e-01 1.408452432159579271e-01 2.083333333333333218e-02
1.507774723813533890e-01 4.074654927703481033e-01 8.630873744544629300e-01 2.083333333333333218e-02
1.820680532924796147e+00 5.263203655992498842e-01 1.394993504226169634e-01 2.083333333333333218e-02
1.103823971851540797e+00 5.084957196867250229e-01 7.228805238498930974e-01 2.083333333333333218e-02
5.744108516646736495e-01 6.947648433590806194e-01 6.767745554171553657e-01 2.083333333333333218e-02
2.475742766940004502e-01 1.888122110415422217e-01 4.401756588234612688e-01 2.083333333333333218e-02
8.433601661408065553e-01 1.991336923383640323e-01 5.144833623266631406e-01 2.083333333333333218e-02
2.417677155107585962e-01 1.290064706584839738e-01 8.769268110222011581e-01 2.083333333333333218e-02
6.278463479027381888e-01 3.417824925413772141e-01 8.169866715463528495e-01 2.083333333333333218e-02
1.191946792892445650e+00 7.092684850933643759e-01 1.785767480028270793e-01 2.083333333333333218e-02
1.155088124696952212e+00 8.661258729673442236e-01 4.995916292391524016e-01 2.083333333333333218e-02
1.191797797362802003e+00 2.609540525849428638e-01 6.947139178161473305e-01 2.083333333333333218e-02
4.364544636467582728e-01 8.791393807281401296e-01 3.553038027315786329e-01 2.083333333333333218e-02
4.696985314584813387e-01 5.781372557316646343e-01 3.788420193570170569e-01 2.083333333333333218e-02
1.446054156719883466e+00 6.442435551518918002e-01 7.780509360395022611e-01 2.083333333333333218e-02
1.297162047589452416e-01 2.621135001386533103e-01 8.638969564702981829e-01 2.083333333333333218e-02
1.476402985609803098e+00 3.910661010791992021e-01 1.342922022885029154e-01 2.083333333333333218e-02
7.240593561772608044e-01 7.282902044345397341e-01 1.489146180838043787e-01 2.083333333333333218e-02
3.381523498711374032e-01 5.576915474290109476e-01 3.363764860373706367e-01 2.083333333333333218e-02
1.766280927181937077e+00 3.725447438844540216e-01 1.522557332306454791e-01 2.083333333333333218e-02
1.612882610786807169e-01 2.223648955762581869e-01 1.399510446667737995e-01 2.083333333333333218e-02
1.741221104903057260e+00 1.267560800160219547e-01 5.675018958138361436e-01 2.083333333333333218e-02
1.861171016207073148e+00 1.529774788050595746e-01 3.492093591637681071e-01 2.083333333333333218e-02
4.810766100116089516e-01 7.350862611348765174e-01 5.514306631201765230e-01 2.083333333333333218e-02
1.712126301078168433e+00 2.230528476021348405e-01 7.651685601783054791e-01 2.083333333333333218e-02
1.618155788281802065e+00 7.399463078998316234e-01 2.467751255166752977e-01 2.083333333333333218e-02
1.216146149449364167e+00 2.078084984639024524e-01 5.783719262509516845e-01 2.083333333333333218e-02
1.433425326248112697e+00 4.349509629893844043e-01 3.940215204326616982e-01 2.083333333333333218e-02
2.558688851493439165e-01 2.833893099603922439e-01 7.254054011628775500e-01 2.083333333333333218e-02
1.601645576603472731e+00 7.721331564191019625e-01 5.799211143807108115e-01 2.083333333333333218e-02
1.470109515632318953e+00 8.419272753643889384e-01 6.016857363465637487e-01 2.083333333333333218e-02
1.697520723217015082e+00 3.313234241516657685e-01 2.515012378957203198e-01 2.083333333333333218e-02
4.464450189562722549e-01 8.456347239618134948e-01 1.561250188375476189e-01 2.083333333333333218e-02
1.698270482497941380e-01 8.365973044741518150e-01 8.506508592329117269e-01 2.083333333333333218e-02
1.242834375837303662e-01 3.372131520076054323e-01 7.382370141950942433e-01 2.083333333333333218e-02
4.541673807765705395e-01 4.876949392848136666e-01 2.466056873708435959e-01 2.083333333333333218e-02
8.847265770925821782e-01 8.700649222041080266e-01 5.866201181502366246e-01 2.083333333333333218e-02
7.388324777893279238e-01 5.089533080500779905e-01 1.270420272108830906e-01 2.083333333333333218e-02
6.762989969731433293e-01 7.075388950258240106e-01 3.753847926010417391e-01 2.083333333333333218e-02
1.383230871793198702e+00 6.564986160220043221e-01 2.085862646700211709e-01 2.083333333333333218e-02
2.050625763032667415e-01 2.657898699750496085e-01 3.105531721076051910e-01 2.083333333333333218e-02
5.735452239578162636e-01 8.477674552816942821e-01 7.411935257149530054e-01 2.083333333333333218e-02
3.588257093770305106e-01 8.263072987769872757e-01 5.720603336381884230e-01 2.083333333333333218e-02
6.439705205405937827e-01 1.567790724318425255e-01 8.759154519516650916e-01 2.083333333333333218e-02
1.071784868541341806e+00 6.958440148031176387e-01 2.404616236747321445e-01 2.083333333333333218e-02
1.463968564122826610e+00 1.462049885972618590e-01 1.501222672711600703e-01 2.083333333333333218e-02
1.363598227023133713e+00 5.342775745167986923e-01 3.610733164656941829e-01 2.083333333333333218e-02
1.772443674957458581e+00 5.302503797130688756e-01 2.534774395165023675e-01 2.083333333333333218e-02
1.917750839680808506e-01 5.084198407399577180e-01 1.424468805378798220e-01 2.083333333333333218e-02
1.810891360311285725e+00 4.939861278591275440e-01 5.516829571789120257e-01 2.083333333333333218e-02
1.218560934055376688e+00 8.737219150798596345e-01 6.140470755192223296e-01 2.083333333333333218e-02
6.412174645450474664e-01 5.887577818867945068e-01 3.278267429472578876e-01 2.083333333333333218e-02
1.375827257684022920e+00 5.109510246374510123e-01 2.072433555097120128e-01 2.083333333333333218e-02
1.005710001334586545e+00 4.491150671560257268e-01 3.678637806230376506e-01 2.083333333333333218e-02
1.672025468958718841e+00 2.207100515260248530e-01 3.320562500480008783e-01 2.083333333333333218e-02
1.560999354840859166e+00 8.529692042776807481e-01 3.834651346484323486e-01 2.083333333333333218e-02
9.937402407325366394e-01 5.753882810118259306e-01 6.022837767687951871e-01 2.083333333333333218e-02
1.000613206728045768e+00 8.313000664377199200e-01 7.884907621931119825e-01 2.083333333333333218e-02
9.784531207605162706e-01 7.878962421487788470e-01 1.497378720554434217e-01 2.083333333333333218e-02
5.160008819763773902e-01 5.286175993036341669e-01 7.989078393532761391e-01 2.083333333333333218e-02
1.095843931924992631e+00 2.628437824140592016e-01 3.677483343423441631e-01 2.083333333333333218e-02
1.476452600039930729e+00 8.014441045175418887e-01 4.547692934327842162e-01 2.083333333333333218e-02
1.626281718211108895e+00 3.251213796779062193e-01 5.879148076839382231e-01 2.083333333333333218e-02
1.416056453598267262e-01 1.921347760582915454e-01 7.668453129251555644e-01 2.083333333333333218e-02
2.579774201657898391e-01 6.963847179481753580e-01 7.407135856511258831e-01 2.083333333333333218e-02
5.603495592576863693e-01 2.879564472615905868e-01 4.968467476111935732e-01 2.083333333333333218e-02
1.582459848585997531e-01 5.527565933684495114e-01 4.532993511591951186e-01 2.083333333333333218e-02
3.947758719165277430e-01 2.683809318772418240e-01 2.884253842167884274e-01 2.083333333333333218e-02
3.330025289672859379e-01 2.505756109165220291e-01 8.791337646746081314e-01 2.083333333333333218e-02
1.163345232221785652e+00 5.174300378365928044e-01 2.039535009714086300e-01 2.083333333333333218e-02
5.414673779200001036e-01 7.113770018262340900e-01 1.395572660256688968e-01 2.083333333333333218e-02
8.581921604669767722e-01 3.627432557133277724e-01 3.347436276957552748e-01 2.083333333333333218e-02
8.232973450105001145e-01 3.725999584172668411e-01 6.218572006143711084e-01 2.083333333333333218e-02
4.105449547142164257e-01 5.762551381760652180e-01 8.666336446536710980e-01 2.083333333333333218e-02
8.377615428602522840e-01 2.970227417799588543e-01 7.211434890775370032e-01 2.083333333333333218e-02
8.200130245459228417e-01 7.400550276598116817e-01 7.669508145469943194e-01 2.083333333333333218e-02
1.205527680278454028e+00 3.168098962430205279e-01 3.873685867435029961e-01 2.083333333333333218e-02
1.456080826444803078e+00 1.395937330665273368e-01 2.657638972204980909e-01 2.083333333333333218e-02
5.023894981946001037e-01 8.124858367626637268e-01 8.564959309948642074e-01 2.083333333333333218e-02
1.584161414985013394e+00 3.516062289984447364e-01 1.647195179095641004e-01 2.083333333333333218e-02
8.080847177111054602e-01 5.981937020350099887e-01 5.654136492363921462e-01 2.083333333333333218e-02
6.521843775716500424e-01 5.233993803079972640e-01 5.576161838952770067e-01 2.083333333333333218e-02
1.051109326100023056e+00 1.289372778589253365e-01 3.852936765766408755e-01 2.083333333333333218e-02
1.510729481363695559e+00 3.838958634774895518e-01 5.071127873278815645e-01 2.083333333333333218e-02
6.905826547806683813e-01 4.228800204364056015e-01 6.944547020583347052e-01 2.083333333333333218e-02
6.622010526432504651e-01 1.354966547289178924e-01 5.986003937758410665e-01 2.083333333333333218e-02
7.532159491240754123e-01 5.953783131265822925e-01 8.728621409851448076e-01 2.083333333333333218e-02
1.840088025113246539e+00 1.225847770093787537e-01 4.688408468016996289e-01 2.083333333333333218e-02
1.642275920732313432e+00 7.845439333840281693e-01 4.526696859226170266e-01 2.083333333333333218e-02
1.874483012416553018e+00 3.352902274298727447e-01 1.898900007330632245e-01 2.083333333333333218e-02
4.044733648669186499e-01 4.720883744017017603e-01 5.869002932869393785e-01 2.083333333333333218e-02
1.519433582063788535e+00 6.211999406669337365e-01 6.717381853181777496e-01 2.083333333333333218e-02
1.638754211571131991e+00 1.455725627921916898e-01 8.350651101718593594e-01 2.083333333333333218e-02
4.587520906188689573e-01 6.522361132900332814e-01 4.712381378610687732e-01 2.083333333333333218e-02
4.971880192532482923e-01 2.515029080672355200e-01 7.341705917925870351e-01 2.083333333333333218e-02
1.593109240285476291e+00 4.877057441771260327e-01 5.199956585467442327e-01 2.083333333333333218e-02
1.678144356652301328e+00 8.576444862947408820e-01 2.142512951766569751e-01 2.083333333333333218e-02
1.470157529863629575e+00 7.360088722420061735e-01 6.951496036064843675e-01 2.083333333333333218e-02
1.867840463657408856e+00 7.271693136003476443e-01 2.281746372345207774e-01 2.083333333333333218e-02
1.086962334621423665e+00 6.060371084165758759e-01 1.655025567520523044e-01 2.083333333333333218e-02
1.716169634650270615e+00 1.247135525265334471e-01 6.962289834830425184e-01 2.083333333333333218e-02
1.354937157028491268e-01 4.721047436299230515e-01 2.767062474539155881e-01 2.083333333333333218e-02
4.085910402739800773e-01 1.784688617660936671e-01 8.221856179025637257e-01 2.083333333333333218e-02
1.429798254576900796e+00 6.115173847014950814e-01 4.663607053366750077e-01 2.083333333333333218e-02
4.185551852455708377e-01 3.456723190383957367e-01 1.319161630576292932e-01 2.083333333333333218e-02
5.918439434281694833e-01 8.588918613830333060e-01 1.827686942377882429e-01 2.083333333333333218e-02
1.064676760289777313e+00 5.782720245592282149e-01 8.711327074228443212e-01 2.083333333333333218e-02
1.454784374450153184e-01 7.823087328881979108e-01 3.964221888439347641e-01 2.083333333333333218e-02
1.690756579423726480e+00 8.238134784346433648e-01 7.130288308791120633e-01 2.083333333333333218e-02
1.218755042064836980e+00 3.911515732253270650e-01 2.479438746153116990e-01 2.083333333333333218e-02
3.811182671527690857e-01 8.374237295724105135e-01 8.712070514674248312e-01 2.083333333333333218e-02
8.306401576796861308e-01 1.235057574664835123e-01 1.397691659203769143e-01 2.083333333333333218e-02
1.277631395303013839e+00 8.624188076334501352e-01 3.915859351124597598e-01 2.083333333333333218e-02
4.387753121153920022e-01 4.652624541379521417e-01 7.131875991735692200e-01 2.083333333333333218e-02
1.480255391157452305e+00 3.665550492331467458e-01 3.019460462908292175e-01 2.083333333333333218e-02
7.682786294216614742e-01 5.944179139196016370e-01 3.803625171587725617e-01 2.083333333333333218e-02
3.275042507643029510e-01 4.858066082001122332e-01 7.399439663880883478e-01 2.083333333333333218e-02
7.851267209892205390e-01 4.029619016659838904e-01 2.501228473386468698e-01 2.083333333333333218e-02
9.802676792972304654e-01 2.675753604676613939e-01 1.665375748181873450e-01 2.083333333333333218e-02
1.598334441378095105e+00 6.948993529088698384e-01 8.756715401770006624e-01 2.083333333333333218e-02
1.477222206265133231e+00 1.307397101143101537e-01 5.633973172039702382e-01 2.083333333333333218e-02
9.086575724878868110e-01 4.890933101962701701e-01 2.392706237572856665e-01 2.083333333333333218e-02
2.508759778976402122e-01 1.723868759685440732e-01 2.341385855335783028e-01 2.083333333333333218e-02
1.344768920841360904e+00 3.422747630337909519e-01 1.216759238628814521e-01 2.083333333333333218e-02
8.005290098658279785e-01 8.766654390525265850e-01 7.044614570384033492e-01 2.083333333333333218e-02
5.965162684344201827e-01 3.915269552781421858e-01 1.820935626005177332e-01 2.083333333333333218e-02
1.254790095327065647e+00 3.189995921651092581e-01 6.002224522648785809e-01 2.083333333333333218e-02
6.343131701553200719e-01 8.693194272900736097e-01 8.598565138844526112e-01 2.083333333333333218e-02
5.974949116908174762e-01 5.419469869355985070e-01 2.117025119453863069e-01 2.083333333333333218e-02
1.445943696245559851e+00 2.190555264234858857e-01 7.365132965273148979e-01 2.083333333333333218e-02
1.536082212456048701e+00 2.361321455787153967e-01 8.704628690673307245e-01 2.083333333333333218e-02
1.297836510083707706e+00 8.781684609573681133e-01 8.376679490958363061e-01 2.083333333333333218e-02
1.731241301691023748e+00 1.450984740547349161e-01 1.375701182696399683e-01 2.083333333333333218e-02
1.158691872619380669e+00 3.578161397298370017e-01 1.401973226891702895e-01 2.083333333333333218e-02
1.449786953204193152e+00 7.064655744222878564e-01 1.254480155715181344e-01 2.083333333333333218e-02
1.292578881756726528e+00 5.851108806455582734e-01 2.736859047897237107e-01 2.083333333333333218e-02
7.790271777892409100e-01 2.414135723671972933e-01 4.084674123651525490e-01 2.083333333333333218e-02
5.807365864954316947e-01 4.580996341723282406e-01 6.615425919884441175e-01 2.083333333333333218e-02
1.108648173988136421e+00 5.596479560413575305e-01 4.209692519202634653e-01 2.083333333333333218e-02
1.513152485935414182e+00 5.795791288247672535e-01 8.760127188666116949e-01 2.083333333333333218e-02
1.752286491792702572e+00 8.726676661562504655e-01 8.683567712516953030e-01 2.083333333333333218e-02
4.642511947732117505e-01 4.443613317649434680e-01 8.730288580434062418e-01 2.083333333333333218e-02
1.219466665842740272e-01 1.988930016307411675e-01 3.918609402393997132e-01 2.083333333333333218e-02
1.359063049504501519e+00 4.546040928420451710e-01 6.283626412939100625e-01 2.083333333333333218e-02
8.275668344934037357e-01 6.204649848269093715e-01 7.529769028353051619e-01 2.083333333333333218e-02
1.879099880491795105e+00 2.929676728428519672e-01 3.917507273186252026e-01 2.083333333333333218e-02
5.091703097538204936e-01 2.822140709504081246e-01 3.324421803732038883e-01 2.083333333333333218e-02
1.343214792049837847e+00 3.173167593679144804e-01 3.529174352027854566e-01 2.083333333333333218e-02
9.378767657660794788e-01 3.861826992146963344e-01 6.789182203521196834e-01 2.083333333333333218e-02
3.711591504626813309e-01 5.875161094945212659e-01 6.935094280210509776e-01 2.083333333333333218e-02
1.756469130858412386e+00 8.438082995423540345e-01 6.003537312330169406e-01 2.083333333333333218e-02
1.508333143152482458e+00 2.544523508299131875e-01 1.345560638334414860e-01 2.083333333333333218e-02
1.020039084121850514e+00 8.269383666242606790e-01 5.586847029919785879e-01 2.083333333333333218e-02
4.371324448495051418e-01 7.155549979187673104e-01 6.725228558780441679e-01 2.083333333333333218e-02
3.746738896980223998e-01 2.999949242044021580e-01 7.217997781967572246e-01 2.083333333333333218e-02
1.238496273058384556e-01 6.760648110599163374e-01 4.424554704268027772e-01 2.083333333333333218e-02
1.335053638139387822e+00 7.472001641936888428e-01 1.373041877544417255e-01 2.083333333333333218e-02
1.495126183982443124e-01 6.972259675959487923e-01 6.738352344891302970e-01 2.083333333333333218e-02
1.218479166905776928e-01 2.529674022848108494e-01 5.456424860913192676e-01 2.083333333333333218e-02
1.425024877406470436e+00 5.470938090258397057e-01 6.706895405139126076e-01 2.083333333333333218e-02
2.530477090217854164e-01 3.356395641815657083e-01 8.602630697211990363e-01 2.083333333333333218e-02
1.851495389031674099e+00 7.256357447385832771e-01 8.150470341100094496e-01 2.083333333333333218e-02
7.623384325455561106e-01 7.539682543776549117e-01 8.769336492285448870e-01 2.083333333333333218e-02
7.675144883759248415e-01 2.719400499929292003e-01 6.054029470652148026e-01 2.083333333333333218e-02
1.524744124883412377e+00 6.970062871042222996e-01 4.193621442884361561e-01 2.083333333333333218e-02
7.166256446363220567e-01 1.367439574644466749e-01 2.978596876519428172e-01 2.083333333333333218e-02
6.650566986871175867e-01 6.669452899252384936e-01 7.931936982221905463e-01 2.083333333333333218e-02
2.917898752818611774e-01 8.674965508552977544e-01 2.575792194705069371e-01 2.083333333333333218e-02
3.060177110578746196e-01 8.591024623908473101e-01 1.345323109990373966e-01 2.083333333333333218e-02
1.173390350697326001e+00 8.696782913141654081e-01 2.945871294856310940e-01 2.083333333333333218e-02
1.685110487305137239e+00 6.101216453824263031e-01 2.439769731505899708e-01 2.083333333333333218e-02
8.523610141437076848e-01 6.785368420440135440e-01 1.911010470973907305e-01 2.083333333333333218e-02
1.586563332432404438e+00 8.790054569934612205e-01 6.415904608275208032e-01 2.083333333333333218e-02
6.750392840450178955e-01 2.420361106511534077e-01 4.924282632996319631e-01 2.083333333333333218e-02
8.824947617361845742e-01 2.183138675756991498e-01 8.294176921576434935e-01 2.083333333333333218e-02
5.569776305301081809e-01 5.989880558433906543e-01 5.542055441709278218e-01 2.083333333333333218e-02
1.268731182263228563e+00 2.833216460625501698e-01 4.879188136598404113e-01 2.083333333333333218e-02
7.597032370797542900e-01 5.477894444836979293e-01 2.678106738920662533e-01 2.083333333333333218e-02
1.719795501871912879e+00 3.637210952680993703e-01 6.545835535003271533e-01 2.083333333333333218e-02
1.063616844278933327e+00 4.460809696652945355e-01 4.767327113134555150e-01 2.083333333333333218e-02
1.873140069186532530e+00 1.253499984874376638e-01 6.030131887442797822e-01 2.083333333333333218e-02
6.350070986596700884e-01 2.924066575559388648e-01 2.678737065341841306e-01 2.083333333333333218e-02
1.874771506500354290e+00 3.952928545326172549e-01 5.233730054516513297e-01 2.083333333333333218e-02
1.865688591047965916e+00 4.468051506406315321e-01 2.449869950040449162e-01 2.083333333333333218e-02
9.852871735803264697e-01 3.507210392255653564e-01 4.452171489524666681e-01 2.083333333333333218e-02
3.689521942646197816e-01 7.358417250961066802e-01 1.299896279774950536e-01 2.083333333333333218e-02
1.842686508137526324e+00 4.080923400002363088e-01 8.745230981824706484e-01 2.083333333333333218e-02
3.680748755230451308e-01 1.256015209346439121e-01 1.327216884414879894e-01 2.083333333333333218e-02
8.682869665909929147e-01 3.587912550234491071e-01 4.604306069189464945e-01 2.083333333333333218e-02
2.738783302528081665e-01 6.646425960568052016e-01 3.273518367592086475e-01 2.083333333333333218e-02
1.312362719341028772e+00 1.975960952570035845e-01 8.776078954216863792e-01 2.083333333333333218e-02
1.566973812092618212e+00 8.641163847587773894e-01 5.071996482128249273e-01 2.083333333333333218e-02
1.361202907828100495e+00 7.548305603240254014e-01 8.663542033165659850e-01 2.083333333333333218e-02
7.735802542414451644e-01 1.713372775557964744e-01 8.682392328327944719e-01 2.083333333333333218e-02
8.274812720635044139e-01 7.368115920426749899e-01 4.089060015701969641e-01 2.083333333333333218e-02
1.573552119012914030e+00 1.273511262090090967e-01 6.315965413940511919e-01 2.083333333333333218e-02
8.109142193078929806e-01 8.567595726309619186e-01 4.931354093736250999e-01 2.083333333333333218e-02
1.180618109829054463e+00 4.291296777116641037e-01 6.823214680458623560e-01 2.083333333333333218e-02
1.235922881003593404e-01 1.955520585284105384e-01 2.470385144202997818e-01 2.083333333333333218e-02
1.281122154579905636e-01 4.696868374328634910e-01 7.308555316240821220e-01 2.083333333333333218e-02
8.694053498748020026e-01 4.446590157849831804e-01 8.759315474571930382e-01 2.083333333333333218e-02
