z0 z1 k0 cx0 cz0 k1 cx1 cz1
0.48389864591 0.516093154741 2.0728744219 0.498046875 0.5913756376 2.55168501103 0.498046875 0.388785598277
0.482229497053 0.517770502906 2.05484944458 0.498046875 0.590723687378 2.04160211843 0.498046875 0.409784702859
0.47152210082 0.528477901512 2.0 0.498046875 0.594565367187 2.0 0.498046875 0.405434632982
0.464673578026 0.535326442464 2.0 0.498046875 0.601360804934 2.0 0.498046875 0.398639200377
0.458734528569 0.54126547279 2.0 0.498046875 0.607253697143 2.0 0.498046875 0.392746309426
0.453317731721 0.54668226939 2.0 0.498046875 0.612635470988 2.0 0.498046875 0.387364532673
0.448732749178 0.551267232773 2.0 0.498046875 0.617208221524 2.0 0.498046875 0.382791768245
0.444455167607 0.555544817213 2.0 0.498046875 0.621590138045 2.0 0.498046875 0.378409863592
0.44062688515 0.559373380263 2.0 0.498046875 0.625399642201 2.0 0.498046875 0.37460060266
0.437040066292 0.562960152676 2.0 0.498046875 0.62895652509 2.0 0.498046875 0.371043583439
0.433862074328 0.566136828792 24.5451844481 0.498046875 0.607190681981 24.5450775563 0.498046875 0.392807325808
0.430718103205 0.569280280761 21.6139424958 0.498046875 0.615829339992 21.6160112307 0.498046875 0.384174956446
0.427741779855 0.572256080121 19.2465954569 0.498046875 0.62444078405 19.2458628699 0.498046875 0.375556191169
0.424923091414 0.575078342839 2.0 0.498046875 0.641096400973 16.988195066 0.498046875 0.36573542237
0.422302103029 0.577699050004 15.334347736 0.498046875 0.643158346192 2.0 0.498046875 0.356299940914
0.419674374988 0.580325094702 13.8019731852 0.498046875 0.652954947879 13.8019360198 0.498046875 0.347045084252
0.417190876085 0.582808552639 12.4598851632 0.498046875 0.663219356179 12.4599176791 0.498046875 0.336781287301
0.41479478529 0.585204521157 11.2917799058 0.498046875 0.673871505203 11.2916748357 0.498046875 0.326127969803
0.412584849091 0.587413837877 10.2920348355 0.498046875 0.684650053161 10.2917986484 0.498046875 0.315347162909
0.410317826157 0.589680639835 9.40220115589 0.498046875 0.695986003636 9.40186861581 0.498046875 0.304009284856
0.408152781634 0.591847340353 8.56862796909 0.498046875 0.708451554842 8.5687213898 0.498046875 0.291549178944
0.406090388701 0.593909878263 7.83696835759 0.498046875 0.721366397004 7.83693578587 0.498046875 0.278632751985
0.404151389441 0.595848776157 7.17599666056 0.498046875 0.735042741559 7.17613333252 0.498046875 0.264960025412
0.402174575012 0.597825938952 6.55437098696 0.498046875 0.750201915202 6.55469943259 0.498046875 0.249806180575
0.400267082349 0.599733437716 5.97663099611 0.498046875 0.766858212373 5.97701327282 0.498046875 0.233153035654
0.398423106872 0.601577408039 5.42337063912 0.498046875 0.785818435705 5.42364174903 0.498046875 0.214190787448
0.396687605759 0.603311235228 4.93755408088 0.498046875 0.805727740475 4.93757376276 0.498046875 0.194272307494
0.394906233415 0.605092423113 4.4644176144 0.498046875 0.828999740286 4.46430151756 0.498046875 0.170993613565
0.393137818737 0.606861522308 4.02501533017 0.498046875 0.84114177185 4.02515611795 0.498046875 0.158712267673
