3.438712435174534843e+00 4.451414985359374299e+00 3.767096446531519316e+00 9.817477042468103487e-02
3.414789217162049972e+00 2.676891955618180940e+00 4.029626159100941685e+00 9.817477042468103487e-02
2.761696258827138095e+00 5.526250567032675143e+00 5.963831727722863185e+00 9.817477042468103487e-02
2.432120321509409155e+00 4.917275049325402492e+00 3.317471284607014237e+00 9.817477042468103487e-02
3.555768721760582896e+00 5.732129493579470214e+00 5.305595901626947164e-01 9.817477042468103487e-02
6.285165081433243817e-01 2.212408351023351094e-01 5.166195026062217366e+00 9.817477042468103487e-02
4.834687113917551571e+00 5.393795831515213024e+00 6.054863897513860671e+00 9.817477042468103487e-02
4.962521702068143803e+00 2.907123858009089012e+00 4.849127677309346574e+00 9.817477042468103487e-02
8.180917760458765731e-01 3.993268930667619898e+00 9.707426874470809208e-01 9.817477042468103487e-02
5.848219322062528036e+00 3.274579799852420425e+00 2.622153897694877500e+00 9.817477042468103487e-02
1.708481332366509786e+00 4.810808082770678062e+00 2.874686927383783175e+00 9.817477042468103487e-02
3.558138861194696911e+00 2.125451997628947653e-01 3.857620604581276424e+00 9.817477042468103487e-02
3.823900907909263847e+00 3.853350688067010754e+00 5.842614329132920226e+00 9.817477042468103487e-02
4.248302953217735656e+00 2.286440317915492404e+00 2.758316497839691017e+00 9.817477042468103487e-02
4.344541285502485195e+00 4.647573251818268858e-01 4.156674261797898673e+00 9.817477042468103487e-02
4.180237341471999102e+00 1.378738867781088562e+00 8.829279702107787342e-01 9.817477042468103487e-02
2.018135338544564839e+00 2.312022499597776282e+00 3.568868866450214838e+00 9.817477042468103487e-02
2.767870149733700380e+00 6.114243998428656290e+00 7.193047742541772704e-01 9.817477042468103487e-02
1.369573280177755592e+00 1.080039313336561335e+00 4.073537885155508853e+00 9.817477042468103487e-02
1.639919156074926221e+00 2.936531860871535837e+00 1.585953206026475382e+00 9.817477042468103487e-02
9.392717009904929526e-01 1.294739320528494719e+00 2.342544327150053451e+00 9.817477042468103487e-02
5.095425725778063075e+00 6.892142888781815913e-01 5.198607803602672384e+00 9.817477042468103487e-02
6.831099966810462165e-01 6.041723166439894932e+00 2.950777666547549583e+00 9.817477042468103487e-02
6.043559097181256057e+00 3.779770113113421370e+00 4.597950766251567067e+00 9.817477042468103487e-02
3.367044259217986668e-01 1.819574305201984377e+00 8.297914982068977929e-01 9.817477042468103487e-02
1.900731516550570266e+00 8.208508966101767390e-01 2.033686159851334274e+00 9.817477042468103487e-02
2.619725582103636263e+00 4.886300455209992011e-01 4.313138833792610427e+00 9.817477042468103487e-02
3.546984767143979589e+00 1.713557015883068413e+00 3.283099736928458690e+00 9.817477042468103487e-02
6.699752312164930501e-01 3.603866499068585139e+00 5.754648103346259980e+00 9.817477042468103487e-02
2.037251664247750504e+00 4.160592142007663696e+00 9.004067132336049939e-01 9.817477042468103487e-02
4.458340816848896715e+00 1.859742127969594261e+00 1.213230504772347729e+00 9.817477042468103487e-02
3.668182679442002936e+00 2.205661017318537587e-01 5.143796588407748338e+00 9.817477042468103487e-02
1.267553628534285881e-01 4.223932709606060598e+00 1.741668958845082660e+00 9.817477042468103487e-02
4.573180039472665825e+00 5.954858420798746721e+00 1.612294301389037177e+00 9.817477042468103487e-02
3.605149840592654975e+00 3.701836772857331592e+00 3.581378137943203477e+00 9.817477042468103487e-02
1.456036030792936753e+00 5.897401530062031938e+00 2.819753517028398715e+00 9.817477042468103487e-02
5.250125350954026437e+00 4.355790241234012150e+00 1.908624641117913967e+00 9.817477042468103487e-02
5.051628445951275026e+00 2.511640095367370318e+00 5.461305224428809169e+00 9.817477042468103487e-02
3.636287281582139208e+00 5.465153107400921861e+00 4.313500822223567788e+00 9.817477042468103487e-02
4.512678460514937484e+00 3.149653948869526321e+00 5.917698833861002150e+00 9.817477042468103487e-02
4.018037348261764841e+00 2.678110839728243597e+00 3.789190674638473588e+00 9.817477042468103487e-02
2.150006163642011470e-01 1.933811150783808497e+00 4.116542670419903516e+00 9.817477042468103487e-02
1.863829525004702337e+00 3.859933187798747500e+00 2.708019434824318505e+00 9.817477042468103487e-02
9.227831499440090068e-01 1.913770300518019329e+00 3.567457574434353074e+00 9.817477042468103487e-02
4.067420277611856427e+00 2.724147933478420658e+00 5.555306656232540163e+00 9.817477042468103487e-02
2.335463507371439817e+00 2.751212986820348760e+00 5.527165748559323966e+00 9.817477042468103487e-02
5.005345177550832858e+00 4.382628976229702822e+00 7.082393728651444897e-01 9.817477042468103487e-02
5.694914430284558904e+00 4.445644258310392338e+00 6.177992455093851198e+00 9.817477042468103487e-02
1.007842056434373301e+00 5.382315506096771784e+00 1.087242576988800113e+00 9.817477042468103487e-02
3.844984742614232953e+00 8.518466706190566118e-01 5.259861590805620324e+00 9.817477042468103487e-02
5.012192683228549939e+00 3.562197500868936384e+00 2.576632627432166700e+00 9.817477042468103487e-02
5.191829122106154104e-01 4.343309171268819213e+00 2.858814592906910423e+00 9.817477042468103487e-02
5.307309163844976752e+00 1.694764770117542785e-01 2.289302128385914514e+00 9.817477042468103487e-02
4.541507434870953652e+00 1.142856428543330694e+00 3.269639020635291882e+00 9.817477042468103487e-02
4.289211813184847233e-01 1.315520771305842107e+00 2.109138914041631951e-01 9.817477042468103487e-02
4.929282338874785729e+00 1.461167570674941629e+00 2.200273732452843856e+00 9.817477042468103487e-02
5.747253181553056756e+00 4.385829546370954013e+00 2.919731054575132601e-01 9.817477042468103487e-02
1.100641052701763822e+00 3.881011732675177406e+00 3.611670388888843508e+00 9.817477042468103487e-02
1.546189304120247687e+00 5.784581946399665497e+00 3.835284710507024908e+00 9.817477042468103487e-02
3.358483673496709621e+00 3.688859913414701097e+00 4.542307653472966500e+00 9.817477042468103487e-02
1.996932726037642158e+00 2.522080974827602962e+00 1.375459207027275976e+00 9.817477042468103487e-02
1.231501018057644892e+00 5.846414410513642856e+00 4.599699000748637800e+00 9.817477042468103487e-02
3.083516988629799283e+00 1.482410261759386838e+00 1.646400901062630595e+00 9.817477042468103487e-02
4.513887389741579326e-01 2.742397424360335734e+00 1.996025096740862814e+00 9.817477042468103487e-02
4.336703223797790052e+00 2.397488176627180945e+00 1.191392858759107387e+00 9.817477042468103487e-02
2.483901370645851259e-01 5.075122324877089364e-01 4.233527003542049805e+00 9.817477042468103487e-02
2.859752950939582039e+00 3.364244304070507674e+00 5.556065667544205056e+00 9.817477042468103487e-02
6.126205296228768304e+00 1.418391092670480802e+00 4.134222892928351101e+00 9.817477042468103487e-02
1.700974831223451389e+00 2.238740125831447381e-01 4.714301085015875081e+00 9.817477042468103487e-02
5.156630231309807577e+00 3.926683952367608477e+00 5.409855991513399687e+00 9.817477042468103487e-02
1.763180211535240627e+00 4.955754782290269667e+00 1.228110275742636759e+00 9.817477042468103487e-02
5.897661105942551885e+00 4.282803000074753896e+00 1.409934607398234174e+00 9.817477042468103487e-02
1.396569743651693951e+00 3.252377410115699252e+00 2.543795205402522575e-01 9.817477042468103487e-02
1.361011046062855723e+00 2.683165471062066487e+00 2.375685989410122101e+00 9.817477042468103487e-02
2.919882243840122626e+00 1.788055109659444586e+00 3.669834717568968951e+00 9.817477042468103487e-02
5.356321969503073710e+00 8.135718749775562308e-01 3.247376424602341327e+00 9.817477042468103487e-02
3.539801434490409626e+00 1.213769032739680398e+00 9.798392926687425897e-01 9.817477042468103487e-02
3.068893195460839607e+00 2.262731102132405248e+00 5.822429570589011227e+00 9.817477042468103487e-02
4.756583898172674019e+00 4.655167268681246640e+00 5.598968405048871055e+00 9.817477042468103487e-02
6.059534341875336683e-01 3.459279646246612216e+00 3.655784611508746007e+00 9.817477042468103487e-02
5.953323524300124348e+00 1.876428785550484868e+00 1.564060001575692915e+00 9.817477042468103487e-02
7.086475253525718054e-01 1.981792274496236572e-01 5.756067061727883960e+00 9.817477042468103487e-02
4.175846766670660237e+00 4.877271597365443689e+00 1.813019654579814954e+00 9.817477042468103487e-02
3.667557143707265599e+00 4.874599716950366313e-01 3.054110190476506226e+00 9.817477042468103487e-02
6.048027148435140887e+00 5.433318246993753320e+00 2.156492773169933042e+00 9.817477042468103487e-02
5.951094378923555972e+00 1.508504517546494839e+00 5.876522532354941930e+00 9.817477042468103487e-02
5.828186253058049715e+00 4.962789663664874062e+00 3.935607821354564884e+00 9.817477042468103487e-02
5.419822035749533917e+00 1.881741118426996540e+00 5.265554766498892647e+00 9.817477042468103487e-02
3.859088717970066362e+00 1.787453496653761964e-01 2.211728166643182725e+00 9.817477042468103487e-02
3.125714323805770523e+00 3.990538954825623374e+00 2.341688733933175559e+00 9.817477042468103487e-02
5.346192936093511427e+00 6.020175913970397197e+00 5.946617532652221705e+00 9.817477042468103487e-02
5.616229207247505073e+00 4.809673759927266090e+00 2.125974597172139102e+00 9.817477042468103487e-02
9.046052442660672543e-01 4.233772514189558245e-01 4.514748498349271166e+00 9.817477042468103487e-02
1.677318343017787095e-01 4.788573231256894935e+00 9.926148673899287678e-01 9.817477042468103487e-02
1.591684679241630374e+00 2.657929437366542302e+00 3.490787064491346126e+00 9.817477042468103487e-02
8.984889758071348265e-01 4.352291645006588494e-01 1.933956125859638053e+00 9.817477042468103487e-02
1.693644896221038199e+00 2.874627486899981932e+00 4.257196042102185274e+00 9.817477042468103487e-02
4.332332612908678549e+00 1.823907426229704587e+00 2.410727754190500782e+00 9.817477042468103487e-02
1.200810923429980637e+00 4.897921798111188885e+00 4.441996753056024483e-01 9.817477042468103487e-02
4.340682510389846982e+00 4.837965757515664933e+00 4.830126922901247788e+00 9.817477042468103487e-02
2.897242011028141384e+00 3.697225213165213908e-01 4.966400966392838789e+00 9.817477042468103487e-02
3.613583847963324214e+00 5.938087944819269381e+00 4.027654824058031657e+00 9.817477042468103487e-02
3.134201091657579097e-01 2.717963733138129445e+00 3.202563588546566642e+00 9.817477042468103487e-02
3.361799122286987629e+00 4.245699074877667734e+00 1.787856626692095219e+00 9.817477042468103487e-02
8.825278691746162307e-01 2.488327122999453689e+00 5.919659331061972729e+00 9.817477042468103487e-02
1.237209775318992566e+00 5.600576639470523865e+00 3.408232277298540058e+00 9.817477042468103487e-02
2.879319553742918369e+00 5.467015973596322631e+00 2.889621767498448790e+00 9.817477042468103487e-02
4.298243742987378546e+00 4.356659313150150759e+00 2.092955031978656066e+00 9.817477042468103487e-02
4.704562080230421550e+00 3.969773952290093000e+00 1.559138755076655336e+00 9.817477042468103487e-02
1.075348217012478624e+00 4.945678881517241443e+00 5.936464355648937818e+00 9.817477042468103487e-02
2.881218839503957518e+00 5.892078381067050508e+00 3.602677536065599817e+00 9.817477042468103487e-02
5.094049436537321007e+00 5.630157221663892209e+00 5.062134318799413890e+00 9.817477042468103487e-02
1.068504428216128233e+00 3.926176282694688435e+00 2.523378666322198427e+00 9.817477042468103487e-02
5.266131513151853127e+00 3.008945624733825319e-01 5.935345101155981240e+00 9.817477042468103487e-02
2.261246587543208619e+00 2.269391029023314577e+00 1.975636845704932809e-01 9.817477042468103487e-02
7.045144905560049020e-01 5.852069954371950544e+00 5.390608656569831680e+00 9.817477042468103487e-02
2.862586691643830950e+00 2.086749382463348290e+00 1.514850060923830011e+00 9.817477042468103487e-02
3.838320522955723124e+00 2.994943767745493757e-01 1.931663216712895537e-01 9.817477042468103487e-02
2.708183910576364983e+00 5.125304786538175117e-01 1.631698188685581918e+00 9.817477042468103487e-02
1.444344940067555427e+00 1.639307984096781023e+00 8.958864391503892355e-01 9.817477042468103487e-02
6.028312332175020494e+00 6.126242146931891952e+00 2.588019868505287313e+00 9.817477042468103487e-02
6.120549590356380243e+00 4.956707542079748507e-01 4.865594162974762327e+00 9.817477042468103487e-02
1.853609058937910170e+00 1.567650261764859554e+00 4.130731291787053117e+00 9.817477042468103487e-02
1.595920965604814334e+00 4.151149862521026357e+00 3.246946755158826914e+00 9.817477042468103487e-02
2.679534793342813970e+00 3.474468363332342324e+00 1.845410228650936180e+00 9.817477042468103487e-02
4.398978964151321946e+00 2.623340400592003352e+00 2.292756383381787444e+00 9.817477042468103487e-02
5.142073315959394542e+00 5.728296452773390612e+00 3.782137158461539306e-01 9.817477042468103487e-02
1.514137070594742340e+00 2.219554933910873995e+00 5.058741885415726003e+00 9.817477042468103487e-02
6.096699239615738897e+00 5.996146398974145697e+00 5.606446726799338975e+00 9.817477042468103487e-02
1.903264051345724628e+00 6.136384287441620344e+00 1.616353597166641620e+00 9.817477042468103487e-02
7.428081418363603472e-01 5.886467135481768587e+00 1.518965529993828056e+00 9.817477042468103487e-02
5.465060894754576459e+00 1.756453409814870081e+00 2.405431842942892473e+00 9.817477042468103487e-02
2.376454166263327838e+00 4.655925917828050764e+00 1.545668399803669324e+00 9.817477042468103487e-02
5.206181134503913732e+00 1.545270220169328468e+00 3.156136888897555615e+00 9.817477042468103487e-02
5.835526337822334320e+00 3.957214632827901646e+00 5.377222943352887974e+00 9.817477042468103487e-02
2.639345768488591037e+00 8.973113507131730282e-01 3.775340627015859152e+00 9.817477042468103487e-02
5.556612662160736349e+00 2.573893847216874420e+00 3.458584570807323288e+00 9.817477042468103487e-02
2.368776721982141620e+00 3.293583634604132726e+00 4.666923402018296585e+00 9.817477042468103487e-02
2.128179941541169740e+00 5.723377404859571804e+00 5.346966143275356131e+00 9.817477042468103487e-02
3.945446054417327542e-01 1.642055158933391379e+00 2.813728365508782137e+00 9.817477042468103487e-02
7.350275457779917865e-01 2.219290884181070567e+00 4.603026859926890424e+00 9.817477042468103487e-02
4.240354653750488367e+00 3.886526570627238275e+00 4.423044465108540102e+00 9.817477042468103487e-02
1.345511597579252427e+00 2.178035077270946029e+00 4.214351698263074653e+00 9.817477042468103487e-02
5.449932373044641842e+00 3.407453793834340328e+00 1.818921116929043347e+00 9.817477042468103487e-02
2.822118202597181380e-01 4.421878387166518820e+00 1.461640136453055128e-01 9.817477042468103487e-02
6.429133680223884095e-01 2.569079014848370424e+00 2.461652240143990256e-01 9.817477042468103487e-02
2.183591563852677719e+00 3.885593034292271319e+00 1.796815538938905110e+00 9.817477042468103487e-02
4.330169109621950341e+00 4.188267527244319943e+00 5.873735968622869841e+00 9.817477042468103487e-02
1.146287894356940451e-01 4.037554511196143281e+00 3.752663713017609926e+00 9.817477042468103487e-02
4.337548940238879602e+00 5.050903077729265611e+00 3.201287448753484810e+00 9.817477042468103487e-02
2.130964083384348395e+00 4.911888961407681720e+00 6.900764881867136324e-01 9.817477042468103487e-02
5.718187167722161846e+00 5.149623756022847942e+00 5.991975124655512630e+00 9.817477042468103487e-02
5.696741680324920232e+00 3.175066991463111332e-01 1.161983256304705225e+00 9.817477042468103487e-02
2.466773640923541677e+00 5.893710994972580330e+00 1.924401528424179997e+00 9.817477042468103487e-02
1.074914964578472798e+00 5.492965711825720909e+00 2.815304264477915375e+00 9.817477042468103487e-02
5.624264409518903385e+00 1.073471303677899558e+00 4.122288485219415044e+00 9.817477042468103487e-02
1.604050364185989341e+00 3.393079501635521411e-01 4.630458689977498543e-01 9.817477042468103487e-02
4.699497943979286108e-01 5.623396202321332638e+00 4.601726664399385491e+00 9.817477042468103487e-02
5.564532846708074132e+00 4.192072838625396258e+00 3.317745248690031623e+00 9.817477042468103487e-02
1.951289789863506208e+00 6.172607095259483145e+00 2.302760088550442230e+00 9.817477042468103487e-02
4.829091624328082921e-01 3.794401979239768519e+00 3.005530587795403274e+00 9.817477042468103487e-02
1.826835986617190599e+00 1.549357255921372634e+00 3.229929338568235497e+00 9.817477042468103487e-02
2.337689527056888483e+00 2.876936372603396741e+00 2.152344168074736164e+00 9.817477042468103487e-02
6.005410495602603760e+00 9.103986762126043963e-01 6.874045349529656068e-01 9.817477042468103487e-02
2.188343827091197458e+00 3.695658449506495469e+00 4.110473695604801136e+00 9.817477042468103487e-02
4.489258679032431587e+00 3.979035919487909467e+00 5.047100105192287245e+00 9.817477042468103487e-02
6.040300054744845326e+00 5.514202623131143177e+00 4.751937941521233277e+00 9.817477042468103487e-02
3.275480358646757129e+00 4.803807397607559260e+00 5.933873311530004635e+00 9.817477042468103487e-02
8.122852665539923578e-01 7.494913981016650961e-01 3.687549701679757153e+00 9.817477042468103487e-02
6.084128795364488695e+00 2.531702010096273714e+00 2.413212568714083517e+00 9.817477042468103487e-02
9.978619103195793816e-01 4.267258209395086155e+00 4.095776949027452929e+00 9.817477042468103487e-02
2.677205757058809255e+00 5.315353374504324435e+00 8.122553424421546930e-01 9.817477042468103487e-02
4.184775741317374731e+00 2.196417397436299268e+00 4.442756473884287516e+00 9.817477042468103487e-02
4.075442064368190564e+00 4.519302061447598717e+00 3.366336897178337395e+00 9.817477042468103487e-02
7.706308009700668649e-01 2.563560028078053943e+00 2.565617193232700988e+00 9.817477042468103487e-02
7.664147363466908836e-01 3.788672800060409962e+00 4.378544179430527983e+00 9.817477042468103487e-02
5.376478849853179476e+00 2.758509359306251518e-01 3.354125815007731770e+00 9.817477042468103487e-02
1.258124284161096895e+00 2.145727065712310089e-01 3.252067589326146813e+00 9.817477042468103487e-02
5.228019121250355283e+00 2.369878998417212390e+00 1.454710228939172900e+00 9.817477042468103487e-02
5.883598494913313548e-01 6.174483485222527213e-01 1.445778578257935543e+00 9.817477042468103487e-02
3.504869655976591947e+00 4.806071642043456826e+00 2.876264836825743743e+00 9.817477042468103487e-02
3.313448917431462082e+00 2.225160438262582474e+00 4.854912751790463332e+00 9.817477042468103487e-02
4.302868252770663204e+00 6.108004498824202599e+00 4.719802354280598244e+00 9.817477042468103487e-02
4.247813851408871244e+00 1.786299453249165392e+00 3.289988559630990128e+00 9.817477042468103487e-02
4.478384485351321942e+00 5.980431812795695024e+00 3.188068975630385271e+00 9.817477042468103487e-02
1.926682653411093682e+00 3.442894510533884400e+00 5.763915430843606025e+00 9.817477042468103487e-02
3.267964112353970663e+00 1.724620088979182064e+00 5.438757101704544183e+00 9.817477042468103487e-02
2.035209876128402318e+00 5.325412179377140731e+00 2.889008246700401017e+00 9.817477042468103487e-02
3.104814981397120643e+00 4.834777469953542628e+00 5.236894329592050035e+00 9.817477042468103487e-02
9.446874618962119996e-01 2.696671498959766211e+00 5.228494047527791011e+00 9.817477042468103487e-02
5.077409153948666543e+00 7.215504983371535674e-01 1.050054531572695460e+00 9.817477042468103487e-02
1.949782246522814066e+00 5.568730474385072959e-01 2.683028724751995941e+00 9.817477042468103487e-02
7.532260672195366658e-01 3.556821942632388822e+00 1.598926370104154504e+00 9.817477042468103487e-02
3.728564884816736758e+00 8.135340571114966224e-01 6.038219604499308168e+00 9.817477042468103487e-02
5.774521660355512509e+00 2.482978389218774673e+00 1.572276098990908810e+00 9.817477042468103487e-02
2.240352866541647003e+00 5.561370172103593745e+00 4.784838578592367497e+00 9.817477042468103487e-02
1.212268359085911573e+00 2.551327856620196677e+00 4.634285405796386925e+00 9.817477042468103487e-02
3.305373876861313232e+00 3.066580458929473618e+00 1.014979690868749868e-01 9.817477042468103487e-02
5.773503546398938369e+00 1.409268264624409461e+00 5.322735008851137373e+00 9.817477042468103487e-02
4.985254860993672210e+00 1.066871777521589237e+00 3.785043976031299273e+00 9.817477042468103487e-02
2.643136874724550278e+00 1.150901259437605351e+00 7.507489702340796045e-01 9.817477042468103487e-02
1.295400176399933156e-01 4.323399607617214535e+00 5.695065342184589596e+00 9.817477042468103487e-02
3.751571923577887713e+00 5.960998517248095929e+00 9.978172169252212953e-01 9.817477042468103487e-02
2.084124439902304449e+00 2.024917345543931546e+00 2.818241457721468279e+00 9.817477042468103487e-02
3.614597156902469077e+00 4.840912013435199945e+00 4.940802681021355447e+00 9.817477042468103487e-02
2.195275101534261086e+00 4.790350636396299322e+00 4.577440061738113464e+00 9.817477042468103487e-02
3.058875287836949841e+00 2.827324325061126409e+00 3.554560121985579801e+00 9.817477042468103487e-02
4.596304830970309729e-01 5.430406320613160531e+00 5.689216162565802648e+00 9.817477042468103487e-02
8.293265914754285317e-01 2.134061503061523091e+00 1.165635755565417764e+00 9.817477042468103487e-02
8.036297157369544086e-01 5.575515846648353424e+00 4.443773056814635525e-01 9.817477042468103487e-02
3.546404404290813606e+00 2.337628094332877549e+00 2.181956592797184236e+00 9.817477042468103487e-02
4.708125925620013419e+00 2.012930753589125654e+00 4.099167061975334647e+00 9.817477042468103487e-02
1.990206660905886604e+00 4.472335585781989309e+00 2.143214891825074186e+00 9.817477042468103487e-02
4.527998985933886722e+00 5.060159606514615938e+00 1.423052750984380221e+00 9.817477042468103487e-02
6.025649244307902386e+00 1.086420934727480692e+00 1.868475603374851968e+00 9.817477042468103487e-02
1.192559177288027072e+00 2.201210957003817636e+00 3.020226552428298294e+00 9.817477042468103487e-02
3.276573526181346008e+00 5.293934559029219500e+00 5.512098114092721879e+00 9.817477042468103487e-02
1.437910822533270405e+00 3.889628444166569388e+00 7.768329597953071985e-01 9.817477042468103487e-02
3.035585793145247901e+00 4.540515725620445586e+00 5.192782523720176346e-01 9.817477042468103487e-02
5.449558487064294354e+00 4.570865535438096927e+00 1.172497563450039859e+00 9.817477042468103487e-02
5.814692982196895343e+00 3.180014124540444076e+00 6.183845383190791800e+00 9.817477042468103487e-02
1.298860793845908912e+00 3.354073124046814680e+00 1.864866936985790868e+00 9.817477042468103487e-02
4.999683607896979964e+00 4.504687167549673354e+00 3.501773746915465946e+00 9.817477042468103487e-02
5.712054289780549077e+00 3.095097790631416323e+00 5.417047727282694680e+00 9.817477042468103487e-02
5.174484068835838890e+00 1.399755407442205613e+00 4.792497502310169466e+00 9.817477042468103487e-02
1.722586038245269568e-01 2.063185146000226400e+00 1.495514103560676489e+00 9.817477042468103487e-02
3.232421646050917641e+00 5.810134627628322335e+00 1.489908774795721147e+00 9.817477042468103487e-02
4.219821705255865751e+00 3.706939607766979616e+00 1.594308330856520350e-01 9.817477042468103487e-02
5.451677590549322439e+00 3.263824938606387338e+00 2.848035360068403299e-01 9.817477042468103487e-02
1.581401977149841098e+00 3.681123690858812747e+00 4.683023670993198273e+00 9.817477042468103487e-02
1.533658960635600810e+00 3.875055756453248179e+00 3.991450315836744256e+00 9.817477042468103487e-02
5.871783801141352122e+00 4.835413981607080025e+00 5.261913100779553432e+00 9.817477042468103487e-02
3.083280209614994494e+00 1.226361178889557202e+00 6.159538912269997724e+00 9.817477042468103487e-02
5.843239927029095782e+00 5.971514412205039868e+00 4.476977842937218455e+00 9.817477042468103487e-02
2.228523728992414910e+00 1.646558667872398463e+00 1.713032535143096169e+00 9.817477042468103487e-02
8.729925971917407157e-01 3.298687512268729360e+00 9.613932364479486070e-01 9.817477042468103487e-02
2.459187370638122039e-01 2.716220127799354067e+00 4.067550078413419534e+00 9.817477042468103487e-02
5.291742895583662509e+00 2.991398655416309005e+00 5.997571735333150578e+00 9.817477042468103487e-02
1.304961581665575188e-01 1.672915727839708044e-01 3.209897831555469594e+00 9.817477042468103487e-02
5.326782760867425637e+00 1.023539534459900313e+00 1.022177598961991618e-01 9.817477042468103487e-02
4.307271053881007283e+00 7.610539430911514858e-01 1.709053409093042042e+00 9.817477042468103487e-02
3.291189226950205438e+00 2.254283085244815688e+00 8.302832157249558920e-01 9.817477042468103487e-02
4.693133811131408706e+00 5.485157428364489718e+00 7.083906719025404586e-01 9.817477042468103487e-02
4.717989104383456755e+00 2.020191483775410912e-01 5.984479233782646013e+00 9.817477042468103487e-02
3.841931928794657836e+00 3.460780593412766670e+00 1.899572802553244788e+00 9.817477042468103487e-02
6.094369513536268101e+00 4.866581491567321116e+00 3.257181180197689763e+00 9.817477042468103487e-02
1.094493985587871920e+00 2.784746692394220791e+00 1.697794943970602155e+00 9.817477042468103487e-02
3.275882984890424066e+00 3.121882794515182802e-01 5.614256588958141947e+00 9.817477042468103487e-02
6.172800349902847650e+00 6.111293899494243398e+00 3.770502738549359911e+00 9.817477042468103487e-02
8.774167835214401467e-01 3.647973752765206079e+00 1.107418680835088737e-01 9.817477042468103487e-02
1.308915396603403281e+00 5.917939415050905261e+00 2.109512266390310753e+00 9.817477042468103487e-02
3.983950499139147006e+00 1.807720387665647799e+00 5.867410933006112828e+00 9.817477042468103487e-02
4.532792105753340017e+00 2.104707226803384401e+00 4.917496507265811445e+00 9.817477042468103487e-02
4.259905364090415425e+00 7.217484624416110606e-01 2.514805806519886833e+00 9.817477042468103487e-02
1.782096243007583514e+00 3.180200961792871706e+00 2.227944486671677105e+00 9.817477042468103487e-02
7.286398663637606576e-01 2.083243307657432764e-01 3.692970978685337080e+00 9.817477042468103487e-02
2.749183728693268769e+00 4.959665056714642084e+00 5.719096968981164153e+00 9.817477042468103487e-02
2.469292557656241449e+00 1.703685358313530074e+00 5.847956379111849401e+00 9.817477042468103487e-02
2.334936705151437142e+00 4.400787382213642296e+00 4.051782917590431410e+00 9.817477042468103487e-02
3.438930121554910624e+00 5.060315705865112257e+00 6.983998896976986170e-01 9.817477042468103487e-02
5.013683017178696133e+00 4.086478821478033985e-01 3.915599020187830348e+00 9.817477042468103487e-02
6.076955672621738636e+00 6.140375730298468504e+00 8.201679500552245816e-01 9.817477042468103487e-02
5.809185782875756487e+00 1.586829813968441805e+00 2.887237541694396281e+00 9.817477042468103487e-02
1.229210799509850016e+00 7.356862505985550804e-01 8.076479014349841057e-01 9.817477042468103487e-02
4.141033465525613799e+00 2.543184781819232132e+00 6.203924134268271606e-01 9.817477042468103487e-02
6.013137018514158605e+00 2.312838160844838509e+00 4.894088544185672518e+00 9.817477042468103487e-02
3.589643094177923377e+00 5.911387066888696751e+00 6.058929768412711248e+00 9.817477042468103487e-02
4.207555329445241021e+00 2.281815656555266358e-01 7.209604248663141757e-01 9.817477042468103487e-02
1.876610406838481016e+00 6.081474129664939277e+00 9.487843754135634189e-01 9.817477042468103487e-02
7.082792423200556797e-01 5.376158575702024933e+00 1.889324583070072006e+00 9.817477042468103487e-02
2.748099820248488090e+00 4.939988008167568445e+00 4.222056863676613148e+00 9.817477042468103487e-02
5.806801188757580334e+00 3.878953919346938228e+00 6.935291596259141045e-01 9.817477042468103487e-02
5.481131059730573796e+00 4.779898129795737916e+00 4.431213291915777397e+00 9.817477042468103487e-02
4.252420483091962633e-01 2.509917544065312534e+00 1.117329104875814494e+00 9.817477042468103487e-02
2.180504873815273914e+00 5.110511882606401102e+00 5.370194479341979132e+00 9.817477042468103487e-02
5.657182029594237882e+00 1.954943924420694756e+00 3.494552437617024943e+00 9.817477042468103487e-02
6.078155422721514434e+00 2.535639234229830841e+00 4.151224613433333488e+00 9.817477042468103487e-02
1.543939102050983614e+00 1.749570451188322995e+00 1.668938815134471287e+00 9.817477042468103487e-02
2.375032535166641701e+00 2.616787012057959050e+00 4.276058503693525914e+00 9.817477042468103487e-02
1.899220635205573160e+00 1.944262885360920734e+00 2.264413605741745439e+00 9.817477042468103487e-02
5.030350461893856817e+00 3.613870788778431375e+00 5.563752097026181120e-01 9.817477042468103487e-02
1.846026173619944810e+00 3.435320716465009916e+00 3.405473055234756075e+00 9.817477042468103487e-02
4.370162524269232129e+00 2.819532226413740128e-01 5.413926699609038273e+00 9.817477042468103487e-02
2.033962816071397395e+00 5.929772335982185893e+00 5.976440714406148658e+00 9.817477042468103487e-02
2.323150800763378321e+00 1.323252518831524505e+00 3.063365412846132951e+00 9.817477042468103487e-02
2.515039242423391386e-01 5.568034671463716556e+00 3.367841117827056863e+00 9.817477042468103487e-02
8.412898086710193235e-01 1.678318756625669206e+00 4.638594723749304150e-01 9.817477042468103487e-02
9.148676695782491652e-01 2.024908586986913228e+00 1.916618847720547691e+00 9.817477042468103487e-02
1.650706141585575715e+00 4.666568116478904571e+00 6.172975570563286496e+00 9.817477042468103487e-02
3.348410694399184706e+00 5.845381644489471284e+00 2.512275386201852534e+00 9.817477042468103487e-02
3.101461915842798955e+00 4.097491723120686657e+00 2.904511734435947901e+00 9.817477042468103487e-02
3.078806409237500485e+00 8.997336273437249732e-01 2.514731757088689790e+00 9.817477042468103487e-02
5.624403573796413980e+00 4.414050599755347193e+00 3.843261330247045304e+00 9.817477042468103487e-02
4.921985453862594895e+00 5.184614959979911397e+00 3.040910292046244745e+00 9.817477042468103487e-02
5.461822935973650317e+00 5.676266781705129993e+00 1.751061690442392127e+00 9.817477042468103487e-02
1.293939693771509969e+00 4.185653573179854980e+00 5.229214781020090186e+00 9.817477042468103487e-02
3.231477590596285143e+00 9.530070721123042876e-01 4.437433136033896552e+00 9.817477042468103487e-02
3.297464987109146040e-01 5.920501638913397535e+00 4.159121810465070901e+00 9.817477042468103487e-02
5.967104369472649772e+00 3.333293153371557072e+00 4.980234148720191989e+00 9.817477042468103487e-02
2.377171198918071049e+00 2.251813112696190888e+00 2.400628848831862783e+00 9.817477042468103487e-02
2.817732333004642875e+00 5.192797661937641251e+00 1.448381213164452230e+00 9.817477042468103487e-02
3.104738419198494803e+00 5.756611362740003734e+00 4.159401111515347083e+00 9.817477042468103487e-02
4.955950692233252575e+00 3.451984575181988202e+00 6.066113079782968320e+00 9.817477042468103487e-02
3.681264627824893498e+00 3.751910119234075913e-01 1.303263558216425810e+00 9.817477042468103487e-02
2.612562176151246529e+00 4.420183057573990659e+00 4.905980712682785239e+00 9.817477042468103487e-02
2.029285486278858297e+00 6.058831892377485318e+00 4.052527161454905880e+00 9.817477042468103487e-02
5.460665276885273478e+00 3.482076178515870701e+00 4.612191087461070538e+00 9.817477042468103487e-02
3.496354284407370727e+00 2.705644425524768248e+00 5.717292118515404198e+00 9.817477042468103487e-02
5.475432215451147000e-01 3.086606525998315753e+00 4.465841600788324151e+00 9.817477042468103487e-02
9.408170878189987540e-01 1.278964895596489626e+00 3.026201148702905019e+00 9.817477042468103487e-02
1.913547965143120422e+00 5.348431262589476098e+00 3.666748540044663329e+00 9.817477042468103487e-02
3.997186248914415430e+00 4.289863976664261891e+00 3.565882708404545798e-01 9.817477042468103487e-02
3.229732111642314774e+00 3.426871560650991189e+00 2.168312156088516129e+00 9.817477042468103487e-02
2.746812577384260656e+00 3.695048698682814159e+00 4.495253303730715189e+00 9.817477042468103487e-02
3.469733307886956886e-01 1.667493080677738160e+00 4.603924498119640774e+00 9.817477042468103487e-02
5.569176262950590761e+00 3.669425802512178869e+00 3.678193915411812398e+00 9.817477042468103487e-02
3.067526172469126067e-01 6.176042057251208028e+00 8.990562571834842531e-01 9.817477042468103487e-02
4.604546566384170703e+00 5.095559424807912130e+00 2.368896422191079321e+00 9.817477042468103487e-02
4.240007772606580461e-01 1.203680458120599539e+00 7.812657498602467721e-01 9.817477042468103487e-02
3.929601880502097799e+00 4.554604215924596744e+00 5.516137536555136833e+00 9.817477042468103487e-02
4.833969451480265356e+00 1.970071786033606553e+00 5.428369801189522725e+00 9.817477042468103487e-02
3.584669679658563646e-01 1.004107315095926628e-01 1.764340329398001117e+00 9.817477042468103487e-02
2.910886541293883578e+00 3.983784871612909839e+00 7.176336687769766520e-01 9.817477042468103487e-02
2.624974019041792950e+00 3.263238005227349525e+00 2.848249887580304840e+00 9.817477042468103487e-02
5.729042437881293193e-01 4.997685400634339636e+00 5.035357073824444640e-01 9.817477042468103487e-02
1.534487751107791009e+00 1.030050437798527341e+00 1.300441134509034757e+00 9.817477042468103487e-02
5.939684510859021493e+00 1.560794658358767961e+00 4.743284018665037571e+00 9.817477042468103487e-02
6.633448550739367011e-01 1.111889015309237116e+00 5.279280072305192917e+00 9.817477042468103487e-02
4.192345699061380770e+00 5.140999451815548404e+00 5.288352708133284175e+00 9.817477042468103487e-02
2.976762986908343400e-01 1.584318536584097270e+00 2.162187839737967021e+00 9.817477042468103487e-02
1.246956742350852299e+00 4.985754022932233909e+00 4.769612826604027411e+00 9.817477042468103487e-02
1.505785689362463042e+00 1.972153841414406195e+00 5.852857815600597924e+00 9.817477042468103487e-02
1.651927962935435534e+00 5.482723945712478120e+00 1.354810604408099639e+00 9.817477042468103487e-02
2.461894977373648707e+00 6.710825808041362972e-01 3.102506227297966213e+00 9.817477042468103487e-02
5.124307510158746304e+00 5.079776059150098888e+00 5.878516721459032812e-01 9.817477042468103487e-02
3.757749389548472152e+00 5.178165010299341731e+00 1.546674556163774472e+00 9.817477042468103487e-02
1.361270702114912190e+00 4.897452349185752674e+00 1.762003636676743756e+00 9.817477042468103487e-02
3.883470752814873972e+00 3.316537514980392398e+00 2.955240251478046698e+00 9.817477042468103487e-02
4.720823723745543710e+00 1.182854716543218832e+00 1.140070915331499624e+00 9.817477042468103487e-02
2.726730061826160956e+00 2.050514657782942507e+00 5.493585372196615468e-01 9.817477042468103487e-02
3.427369969256699456e+00 1.885372130800214485e+00 5.991475887232366127e+00 9.817477042468103487e-02
1.474994504601396805e+00 1.939708505499294078e-01 2.081599677365272516e+00 9.817477042468103487e-02
3.788391425007934465e+00 6.118591443557502174e+00 5.077821502183252456e+00 9.817477042468103487e-02
2.171379298998123986e+00 1.023660040629176482e+00 4.870610787862674762e+00 9.817477042468103487e-02
4.626402104971724327e+00 5.984429771559328870e+00 5.423196548977860409e+00 9.817477042468103487e-02
1.238609806438294214e+00 4.345132961593796139e+00 6.004690022668667915e+00 9.817477042468103487e-02
4.840756745699487773e+00 3.084066302283876126e+00 3.809236152729625235e+00 9.817477042468103487e-02
1.392737663249786983e+00 2.999247303610170334e+00 7.803379033340148707e-01 9.817477042468103487e-02
2.865188633294491805e+00 1.373992157274812165e+00 2.213104705669451278e+00 9.817477042468103487e-02
3.751398788709213949e+00 1.467722524386967375e+00 5.194842904447995124e+00 9.817477042468103487e-02
2.088218549874694574e+00 7.362833726686439650e-01 6.066117444257989044e-01 9.817477042468103487e-02
5.349081386248863090e+00 1.645984856750058345e+00 4.151711636042731079e+00 9.817477042468103487e-02
4.469658204320780648e+00 4.979556784197252561e+00 2.583884154494591190e-01 9.817477042468103487e-02
4.387225238961665497e+00 5.715802483903781095e+00 3.853966759640184758e+00 9.817477042468103487e-02
2.828733324793538895e+00 3.568020375460615456e-01 8.136576068056220468e-01 9.817477042468103487e-02
5.113667145702091688e+00 1.893328067716770480e-01 2.882224661309397362e+00 9.817477042468103487e-02
3.805629293480933040e+00 1.224947827188676008e+00 1.359339369510291773e-01 9.817477042468103487e-02
1.546876958348807340e-01 3.336933877565801509e+00 5.836718200301445059e+00 9.817477042468103487e-02
1.479994663385518994e+00 8.600132266769733302e-01 5.967161203239783163e+00 9.817477042468103487e-02
1.273147981378492388e-01 3.468857914039087387e+00 7.914294811646511718e-01 9.817477042468103487e-02
4.493019509479606377e+00 4.347494495138265691e+00 1.171484218360531404e+00 9.817477042468103487e-02
4.017269417801539788e+00 3.152385408952598222e+00 5.037754422443563307e+00 9.817477042468103487e-02
2.158656892439120067e+00 3.613299222858834536e+00 5.288639715536547214e+00 9.817477042468103487e-02
2.229796537032629811e+00 1.729377868064300383e+00 4.748839768860690369e-01 9.817477042468103487e-02
4.495914144256791367e+00 1.551338885239990084e+00 5.843098296844346784e+00 9.817477042468103487e-02
2.585726970142612657e+00 3.253787097004917861e+00 4.147033498940238871e+00 9.817477042468103487e-02
3.723402969836567600e+00 3.060066130950814145e+00 4.313641043352645532e+00 9.817477042468103487e-02
5.087491996292029306e+00 3.071243846713085368e+00 9.154360926290459055e-01 9.817477042468103487e-02
1.668797260919631764e+00 2.979595936242221299e+00 5.175668644254641571e+00 9.817477042468103487e-02
4.602106021686766191e+00 5.983876818974340317e+00 2.620790965312910892e+00 9.817477042468103487e-02
2.261313339370108366e+00 3.651581767248457955e-01 1.219396131655533733e+00 9.817477042468103487e-02
1.541909106199527368e+00 1.215136323875871227e+00 4.692420367383501656e+00 9.817477042468103487e-02
3.360006467423787946e+00 4.161952071953091803e+00 5.092193195942361861e+00 9.817477042468103487e-02
6.121251436975354565e+00 4.020626475202405459e+00 2.325944648355741329e+00 9.817477042468103487e-02
7.191509027941518362e-01 4.893684950407972245e+00 4.408110600819858504e+00 9.817477042468103487e-02
5.709724830835761544e+00 1.420695846431095255e+00 7.977004143553040327e-01 9.817477042468103487e-02
3.375135037161238749e+00 3.582585232743545678e+00 1.466357452345306456e+00 9.817477042468103487e-02
2.036241140916909220e+00 4.535159679094483920e+00 3.562777172251099689e+00 9.817477042468103487e-02
4.126221086918062220e+00 5.879653038847774127e-01 3.398377714632360824e+00 9.817477042468103487e-02
2.265132491443643481e+00 6.108529382756157311e+00 1.812929868831403557e-01 9.817477042468103487e-02
2.152371571458719934e-01 3.566892963283210261e+00 1.891662401711470487e+00 9.817477042468103487e-02
2.934772588632659662e+00 5.517762841797868134e+00 2.701685589750243421e-01 9.817477042468103487e-02
3.895549067214451266e+00 2.774832262625766877e+00 1.626084287521982197e-01 9.817477042468103487e-02
5.971532685476982572e+00 5.953852316991663507e+00 1.422379345001413053e+00 9.817477042468103487e-02
5.734035852882003459e-01 2.065532617278384553e+00 5.657842829207267776e+00 9.817477042468103487e-02
4.444502888495886594e+00 3.242365948017637223e+00 9.081864671174741943e-01 9.817477042468103487e-02
4.806066328679453825e+00 2.571088735469130526e+00 5.960369107700754121e+00 9.817477042468103487e-02
5.002352578614388534e+00 4.185043972681443236e+00 2.669299817548536069e+00 9.817477042468103487e-02
3.877135397923887172e+00 5.168438819421075969e+00 3.534784650952492058e+00 9.817477042468103487e-02
4.422904016899183333e+00 3.172717314657179877e+00 3.012385180146937902e+00 9.817477042468103487e-02
1.583002471571558711e+00 4.493787879770832383e+00 7.846984148202597042e-01 9.817477042468103487e-02
2.682358888059797497e+00 1.841837941070045837e+00 3.151279675833132288e+00 9.817477042468103487e-02
1.525841503315536141e+00 2.150346054067042267e+00 1.256259241059412002e+00 9.817477042468103487e-02
3.888989094615102449e+00 5.200325124912134278e+00 5.792365584700363890e+00 9.817477042468103487e-02
3.011187422734196595e+00 3.598781683768288442e+00 6.161274557307542032e+00 9.817477042468103487e-02
2.396123009650447944e-01 3.330916199189387861e+00 1.344645288533642180e+00 9.817477042468103487e-02
4.248120677655528032e-01 3.674120935070313454e+00 4.800889305103757110e+00 9.817477042468103487e-02
5.955414551914582688e+00 2.243219032807215907e+00 5.540856017779401732e+00 9.817477042468103487e-02
5.883627169976902493e+00 3.118675708371695388e-01 5.782344203697794782e+00 9.817477042468103487e-02
1.901444125110060224e+00 2.589488115926527279e+00 6.868403401420183352e-01 9.817477042468103487e-02
2.611408666019001235e+00 3.683919732641039779e+00 2.588022985470590509e-01 9.817477042468103487e-02
2.018326224907212030e-01 2.398855491095039927e+00 6.055948544313784154e+00 9.817477042468103487e-02
2.395530321086381420e+00 4.177809131190953984e+00 2.969116478293712280e+00 9.817477042468103487e-02
5.920668729680952147e+00 3.333972077677618273e+00 4.050799932899149525e+00 9.817477042468103487e-02
2.005914018109465680e+00 1.259847401775326059e+00 5.588035796011293854e+00 9.817477042468103487e-02
5.323103234491174618e+00 2.908097746046018450e+00 2.333573803631223686e+00 9.817477042468103487e-02
4.298960927777443763e-01 1.261991141831408036e+00 3.774787512224108355e+00 9.817477042468103487e-02
4.128777912435769970e+00 3.634600899613266378e+00 5.391295771780566071e+00 9.817477042468103487e-02
5.292980697403800505e+00 2.266629353331159002e+00 4.706699381746557442e+00 9.817477042468103487e-02
5.369148502954725899e-01 6.438138001248756570e-01 2.661406799211115004e+00 9.817477042468103487e-02
1.688171634583191416e+00 2.569657145945382304e+00 2.863949541429771539e+00 9.817477042468103487e-02
5.346039241179507684e+00 3.190557223109674823e+00 2.904778223111436297e+00 9.817477042468103487e-02
2.826794575549091526e+00 1.855156761070006766e-01 3.820185510625471181e+00 9.817477042468103487e-02
3.492503693201239656e+00 2.033014586510600186e+00 3.836557141598861076e+00 9.817477042468103487e-02
2.373680918296904530e+00 4.876744885778383498e+00 2.626615654946894196e+00 9.817477042468103487e-02
3.678462384967134291e+00 6.080337346191780235e+00 3.138314826223133291e+00 9.817477042468103487e-02
1.513984197446021529e+00 3.076010037431258226e+00 3.032406097434744208e+00 9.817477042468103487e-02
3.805540535802832469e+00 1.222867261252742477e+00 4.704482727214772453e+00 9.817477042468103487e-02
2.274337904160462998e+00 5.465709446730798504e+00 2.345198336338429446e+00 9.817477042468103487e-02
4.048954813095510197e+00 5.308719206991757034e+00 6.655437913120090254e-01 9.817477042468103487e-02
2.857362089453958642e+00 2.741869560988779764e+00 1.793169608561352657e+00 9.817477042468103487e-02
1.289246734584974796e-01 1.232173679062555927e+00 6.062446732581604714e+00 9.817477042468103487e-02
5.377202684287188283e+00 1.720344737454531536e+00 5.964355783708943370e+00 9.817477042468103487e-02
2.336381072939991643e+00 1.909528072996947490e+00 1.028289751249392481e+00 9.817477042468103487e-02
5.586133275641498308e+00 6.105835966149804506e+00 2.091074214916945007e+00 9.817477042468103487e-02
2.488428349118735117e+00 3.455490535219166048e+00 8.469575800381980990e-01 9.817477042468103487e-02
5.078866762629275833e+00 3.125542379184236275e+00 1.524825308747594033e+00 9.817477042468103487e-02
3.706204973934698721e+00 4.926613886490909699e+00 2.092370376154905287e+00 9.817477042468103487e-02
4.790760463255908874e+00 2.267224189259773759e+00 2.062036824211790353e-01 9.817477042468103487e-02
5.764661640126618636e+00 2.989787760713576770e+00 4.476536585280124214e+00 9.817477042468103487e-02
5.794233120676636872e+00 2.118560726296319974e+00 3.503896990737677686e-01 9.817477042468103487e-02
5.316955063366048506e+00 3.855729611610464236e+00 1.132502628732568795e+00 9.817477042468103487e-02
1.033517779061332575e+00 2.803735063671558336e+00 3.111744802460561843e+00 9.817477042468103487e-02
6.122714857784765208e+00 3.561828596582086170e-01 1.931257006288916944e+00 9.817477042468103487e-02
1.345231639276997182e+00 5.028535241434118674e+00 3.554405840094371882e+00 9.817477042468103487e-02
3.051261766718676327e+00 6.961344663914230679e-01 3.057961523116679570e-01 9.817477042468103487e-02
4.142883532392517942e+00 5.379644103291528978e+00 2.152911183375868287e+00 9.817477042468103487e-02
5.428813556930500717e+00 8.106577608969800508e-01 1.546602360100305162e+00 9.817477042468103487e-02
6.011143572640535560e+00 3.395005953120944664e+00 2.500147221746084614e-01 9.817477042468103487e-02
4.350620542676780111e+00 3.164097543007684532e+00 2.548363833897679953e-01 9.817477042468103487e-02
5.171423802388853019e+00 1.779779458204815867e+00 1.684085454461790921e+00 9.817477042468103487e-02
2.428539963818966640e+00 3.363289848881133581e-01 2.424172261482882895e+00 9.817477042468103487e-02
6.052493616011361155e+00 4.980960898533147940e+00 1.771107459303411513e+00 9.817477042468103487e-02
3.002949634553452984e+00 3.570329218833673490e+00 3.816456712752250624e+00 9.817477042468103487e-02
5.224313685433047638e+00 5.325895725716555340e+00 3.783087199740315931e+00 9.817477042468103487e-02
5.748026823636676497e+00 1.122122093146344479e+00 2.379767555962986503e+00 9.817477042468103487e-02
6.089457731270456975e+00 2.636185648918738078e+00 6.023823565691329485e+00 9.817477042468103487e-02
4.397619008370106108e+00 5.498407440388174194e+00 2.789343332696230249e+00 9.817477042468103487e-02
3.501990555923243154e+00 4.249111482000877515e+00 1.074218030970186755e+00 9.817477042468103487e-02
5.461697806813560874e+00 5.555091585269553711e+00 2.334176324657935009e+00 9.817477042468103487e-02
2.237507071487938148e+00 3.213457245677073360e+00 1.480094516854265629e-01 9.817477042468103487e-02
2.967005164997409405e+00 5.333726992255491517e+00 3.795104690521188484e+00 9.817477042468103487e-02
1.470239790471356667e+00 2.054718671633197769e+00 1.150411283208315899e-01 9.817477042468103487e-02
1.304339102094328684e+00 1.581851904182507429e+00 5.073262867223949257e+00 9.817477042468103487e-02
6.037313669277582839e+00 9.048690643597306904e-01 5.280644770570934732e+00 9.817477042468103487e-02
3.630981960353025784e+00 2.914389974542335615e+00 1.313739783263194294e+00 9.817477042468103487e-02
4.104578237118380102e+00 5.634504338575092142e+00 1.538102271662352916e+00 9.817477042468103487e-02
3.518437529319522916e+00 2.141221302209587840e+00 2.891118035153735999e+00 9.817477042468103487e-02
2.474401090434725781e-01 2.725358086835821148e+00 4.973343027738020616e+00 9.817477042468103487e-02
4.039720077708041757e+00 3.525208397039022667e+00 1.142924232039219223e+00 9.817477042468103487e-02
4.937422513576272820e+00 2.345576528352942614e+00 2.001023812793910839e+00 9.817477042468103487e-02
3.897517763092172016e-01 1.261682416746645607e+00 1.620979386117395560e+00 9.817477042468103487e-02
4.868078112100143073e+00 4.043305458901794047e+00 2.037372219728468825e-01 9.817477042468103487e-02
1.665330937834773817e+00 5.932981732940470820e+00 5.077555790639109112e+00 9.817477042468103487e-02
2.396692343200887532e+00 1.115219219213621216e+00 1.571456238109994796e+00 9.817477042468103487e-02
5.152096943133098961e+00 1.302805846272269363e+00 7.357968007952576661e-01 9.817477042468103487e-02
4.445550014686612816e-01 4.532786101605291940e+00 4.086703235276723412e+00 9.817477042468103487e-02
2.293300748374736742e+00 5.218908367773006596e+00 6.020947440156157349e+00 9.817477042468103487e-02
4.832413776120915827e+00 5.308751465334220487e-01 2.182347300551285230e+00 9.817477042468103487e-02
3.013900002657150523e+00 5.851602412959715060e+00 5.565545962796809576e+00 9.817477042468103487e-02
5.149745471995127666e+00 4.034095911304555138e+00 4.784564260010699677e+00 9.817477042468103487e-02
4.330425125080574755e-01 2.079608015513680463e+00 2.475589910213933376e+00 9.817477042468103487e-02
2.141451146690127150e+00 4.235492549068904822e+00 2.970510005698886458e-01 9.817477042468103487e-02
1.236213291920389867e+00 4.204037100015101558e+00 1.784630999345846902e+00 9.817477042468103487e-02
2.137786653751213795e+00 2.073961654863436088e+00 6.159036013245358987e+00 9.817477042468103487e-02
1.300477043983045089e+00 3.311244456446310824e+00 4.185580704425976961e+00 9.817477042468103487e-02
1.593316574658540929e+00 5.643577413818032795e+00 3.425917947397876806e-01 9.817477042468103487e-02
6.150771079518447593e+00 2.132258955267769096e+00 1.073926298944414714e+00 9.817477042468103487e-02
5.003134662548951006e+00 3.725074077675109563e-01 5.023939340620798832e-01 9.817477042468103487e-02
1.909122718362430859e+00 3.866967181943255505e-01 6.158914347729028016e+00 9.817477042468103487e-02
5.379687382993394884e+00 2.149203026101663472e+00 2.822888018366107143e+00 9.817477042468103487e-02
4.807263229193263321e+00 5.246960040789381274e+00 5.356149123952554270e+00 9.817477042468103487e-02
4.179799414124151014e+00 2.921447211345119754e+00 1.771384980697698008e+00 9.817477042468103487e-02
3.137151433516016219e+00 5.159734370266559011e+00 2.395299913241015766e+00 9.817477042468103487e-02
4.400263379363442695e+00 3.416724917174716047e+00 2.026484205808360972e+00 9.817477042468103487e-02
5.815566751148058877e+00 3.384400248995391269e+00 1.162855504106374394e+00 9.817477042468103487e-02
4.484607599737819861e+00 7.284495363134164680e-01 4.795049876940920441e+00 9.817477042468103487e-02
3.152770133719900336e+00 3.159946800316631776e+00 6.525011894418033531e-01 9.817477042468103487e-02
3.437543638406019841e-01 3.209175318771480878e+00 2.716579952535603804e-01 9.817477042468103487e-02
2.561394442627753953e+00 8.280101517437006287e-01 2.226372175523322561e+00 9.817477042468103487e-02
5.948661393618742466e+00 3.093321727821178868e+00 3.556430902732187427e+00 9.817477042468103487e-02
4.235985882666552627e+00 1.721697868235827489e+00 4.052556157634243483e+00 9.817477042468103487e-02
3.643219529105269139e+00 1.323024413825905299e+00 2.826311139861349631e+00 9.817477042468103487e-02
6.774482583605574426e-01 9.235307373067348502e-01 6.026162128371987059e+00 9.817477042468103487e-02
1.540541919250169922e+00 5.287948557277791117e+00 5.633261344614671096e+00 9.817477042468103487e-02
4.905310754860797040e+00 5.462137238663367533e+00 2.037881041423791562e+00 9.817477042468103487e-02
2.446034940888481835e+00 1.513766980845257404e+00 5.323238772713843936e+00 9.817477042468103487e-02
5.772443786401359134e+00 4.470305723278025667e+00 2.833178753734220567e+00 9.817477042468103487e-02
3.643973122471386716e+00 2.075619306344996584e+00 1.531969637886737345e+00 9.817477042468103487e-02
4.577484973922359757e+00 1.396929134874350442e+00 4.999832125792853077e+00 9.817477042468103487e-02
2.736401438353461391e+00 2.747260166400459891e+00 4.756176120618983205e+00 9.817477042468103487e-02
5.623960375706417381e+00 2.848492225408938872e+00 7.089116444182571586e-01 9.817477042468103487e-02
4.505294435373873974e+00 4.940256207010622624e+00 3.969825396765506831e+00 9.817477042468103487e-02
5.299165583115573064e+00 9.562506932784060609e-01 2.078540097332769676e+00 9.817477042468103487e-02
1.728948775885127187e+00 4.657436910423535359e+00 4.062588357529742566e+00 9.817477042468103487e-02
3.662900528653002752e+00 2.595230209944324073e+00 4.620833087898191138e+00 9.817477042468103487e-02
1.478601952709383549e-01 8.263717862400324909e-01 2.047753145109763917e+00 9.817477042468103487e-02
3.403242820298449711e+00 1.937767343110136653e-01 7.255373284206043660e-01 9.817477042468103487e-02
5.303626907520251343e+00 1.034396789476499601e+00 5.732361387370199068e+00 9.817477042468103487e-02
4.126363829945137951e+00 1.824517929458616461e+00 1.686282503084392648e+00 9.817477042468103487e-02
2.894150367682313707e+00 4.156600169569068193e+00 5.523335004272901472e+00 9.817477042468103487e-02
4.747447457035233853e+00 3.278725155154720738e+00 5.325556871170105566e+00 9.817477042468103487e-02
3.349784770177324233e+00 1.081086920457240197e+00 5.292999041191730036e+00 9.817477042468103487e-02
3.473376315860939201e+00 1.238035360302280008e+00 2.080061881701749993e+00 9.817477042468103487e-02
5.071444237916400866e+00 3.578927057342260909e+00 3.260792937677090997e+00 9.817477042468103487e-02
8.842369701651305869e-01 4.293886990408108062e+00 4.852258936986579840e+00 9.817477042468103487e-02
2.067947701748027001e+00 2.589496263496810169e+00 4.925449996292935673e+00 9.817477042468103487e-02
1.101127712906900119e-01 2.118828278333986681e+00 5.200194410642777321e+00 9.817477042468103487e-02
1.585460393068889751e+00 5.369846713999087306e+00 4.966774033129446764e+00 9.817477042468103487e-02
3.866795467052293489e+00 6.955292472978745755e-01 4.453565000637290439e+00 9.817477042468103487e-02
3.471875396884946507e+00 6.011723973180445491e+00 4.578711008221418410e+00 9.817477042468103487e-02
1.079423047858364626e+00 2.666858812111684962e+00 4.015746710587579926e+00 9.817477042468103487e-02
5.246241245897597771e+00 5.011168075371722708e+00 1.551246521614729090e+00 9.817477042468103487e-02
2.668455515817783064e-01 1.950774107892834230e+00 3.268268166522065421e+00 9.817477042468103487e-02
3.563447095264518971e+00 4.677704910414958839e+00 4.328231559469865708e+00 9.817477042468103487e-02
3.071213029150377416e+00 2.055595137718320586e+00 4.276306582555498892e+00 9.817477042468103487e-02
1.700824396904050961e-01 6.704826892412369954e-01 5.283452339027706834e+00 9.817477042468103487e-02
4.820432333837446848e+00 4.590219876543413235e+00 4.293807553106817387e+00 9.817477042468103487e-02
3.042814097715985433e+00 2.034435940402501419e+00 2.628301093417338308e+00 9.817477042468103487e-02
2.163391457331141243e+00 1.527001215637640019e+00 2.534900499290963172e+00 9.817477042468103487e-02
3.994026888991521140e+00 4.153668076646095386e+00 3.981830469937866823e+00 9.817477042468103487e-02
5.503430115758022545e+00 3.642851327423446417e+00 6.146203970555580653e+00 9.817477042468103487e-02
3.014615898269569438e+00 4.225998342998383173e+00 6.168902828060783605e+00 9.817477042468103487e-02
5.729274905417394148e-01 4.717893565898751973e+00 5.073703505347419984e+00 9.817477042468103487e-02
2.495516169354364600e+00 3.189186033686473021e+00 1.386053055962524372e+00 9.817477042468103487e-02
5.951695170316877004e+00 6.336894345121352190e-01 3.322739715977111263e+00 9.817477042468103487e-02
5.084878980216635647e+00 2.657848450397058748e+00 4.347069659600413694e+00 9.817477042468103487e-02
1.046483723088653672e+00 1.282479825439883925e+00 1.443368558736834117e+00 9.817477042468103487e-02
4.601621002626074208e+00 2.436116550036668826e+00 3.199795151541050320e+00 9.817477042468103487e-02
3.738634045682705409e+00 1.620849827984127245e+00 5.330723564511076207e-01 9.817477042468103487e-02
3.117912772250367670e+00 4.519949825185044290e+00 2.506897585811334039e+00 9.817477042468103487e-02
1.972817363621517828e+00 5.768100427589805790e+00 3.245918410742949511e+00 9.817477042468103487e-02
6.174845781529782585e+00 7.791215767956304328e-01 1.111116996114949323e-01 9.817477042468103487e-02
2.715678925168400593e+00 1.472581750153870050e+00 4.381162199469082807e+00 9.817477042468103487e-02
1.438365300846681016e+00 5.938369796677891443e-01 5.203796045290085992e+00 9.817477042468103487e-02
1.857930849888094649e+00 4.232246084983998458e+00 5.238778728998100931e+00 9.817477042468103487e-02
3.707046076384342026e+00 3.281496536287282328e+00 7.653468266217811067e-01 9.817477042468103487e-02
3.046751756362915842e+00 4.701907233800774577e+00 1.376185252291329597e+00 9.817477042468103487e-02
2.638238727394382366e+00 2.609625634920427650e+00 2.857399841407665342e+00 9.817477042468103487e-02
8.764222392204971124e-01 4.826210691764450722e+00 2.037524980322110491e+00 9.817477042468103487e-02
1.749328836833734968e+00 5.048298595389351107e+00 1.747219093142604318e-01 9.817477042468103487e-02
3.918933590296472591e+00 5.496607852295645635e+00 3.095978450417102845e+00 9.817477042468103487e-02
1.101071675984498732e+00 3.753661887545653553e+00 6.084413024690414673e+00 9.817477042468103487e-02
8.862344903339480773e-01 1.919512759159207049e-01 2.452211854076771225e+00 9.817477042468103487e-02
1.516873915188408972e+00 1.708155195479099220e+00 2.671706374127737149e+00 9.817477042468103487e-02
3.158257903500200747e+00 1.701666164653373503e+00 5.733586542239119677e-01 9.817477042468103487e-02
6.010085692885247521e-01 4.877169842510935993e+00 3.056398041347058836e+00 9.817477042468103487e-02
4.797835433220248191e+00 8.890060954748317812e-01 6.104265356141024057e+00 9.817477042468103487e-02
4.272517154306849640e+00 3.155525764784180787e+00 4.175584172053636856e+00 9.817477042468103487e-02
5.021722244572375260e+00 6.104547209176361733e+00 3.025683986659670754e+00 9.817477042468103487e-02
3.655521427430212800e+00 3.008522003594437777e+00 2.313130324276677641e+00 9.817477042468103487e-02
1.600685348140537201e+00 2.975148616665524326e+00 5.841728455106739659e+00 9.817477042468103487e-02
4.318297056136035650e-01 5.459812838943031821e+00 1.187478863649373384e+00 9.817477042468103487e-02
1.723937166627859341e+00 8.760684351617743504e-01 3.197679799059543360e+00 9.817477042468103487e-02
1.260121473423533534e+00 4.684963138777758829e+00 2.449991608859144687e+00 9.817477042468103487e-02
2.595684535422920991e+00 5.054240151454536978e+00 4.927697187921023847e+00 9.817477042468103487e-02
4.104821683930204856e-01 2.831101222165970377e-01 7.602281475913559294e-01 9.817477042468103487e-02
4.720411091547143556e+00 2.487569314180751445e-01 1.261473943922881702e+00 9.817477042468103487e-02
1.974013931300140356e+00 1.089629939767220584e-01 3.624974101455150421e+00 9.817477042468103487e-02
2.162471116241956870e-01 3.739892029881976665e+00 4.216380366669033819e+00 9.817477042468103487e-02
3.917037420768760825e+00 5.321679735580254089e+00 4.839620438448494433e+00 9.817477042468103487e-02
5.163788631243358296e+00 1.950495713590386426e+00 4.504314709869289834e-01 9.817477042468103487e-02
2.586887336603509446e+00 4.148980978246481044e+00 1.308263318262237185e+00 9.817477042468103487e-02
6.133096568447410135e+00 5.348614242526406493e+00 5.383117081401989523e+00 9.817477042468103487e-02
3.338410859583870849e+00 4.685126773604356698e-01 1.889339061424489152e+00 9.817477042468103487e-02
2.477238072921696066e+00 3.929753889952525725e+00 3.666641629121553780e+00 9.817477042468103487e-02
4.645706924572293062e+00 1.448688332483996977e+00 4.298474382542220584e-01 9.817477042468103487e-02
5.151563123143685807e+00 6.154264667444640402e+00 1.036988759320027764e+00 9.817477042468103487e-02
3.230470632769937733e+00 9.988717161560780600e-01 3.862768723370673563e+00 9.817477042468103487e-02
2.287298442728313397e+00 3.907155898870398048e+00 6.134406652260793180e+00 9.817477042468103487e-02
1.488661504906966915e+00 1.299750202911285624e-01 1.214786525430530340e+00 9.817477042468103487e-02
6.049731708447632528e+00 1.122329023060869846e-01 2.891490700003888747e+00 9.817477042468103487e-02
5.987728160770172892e+00 4.878117689949912794e+00 3.675818819868994503e-01 9.817477042468103487e-02
2.194490554491188572e+00 1.952557730531200075e+00 5.088022508668158750e+00 9.817477042468103487e-02
2.889264575946137725e+00 5.466097836055888060e+00 1.961140561268048366e+00 9.817477042468103487e-02
6.141715881096486029e+00 5.459030482912843318e+00 5.131768926845938772e-01 9.817477042468103487e-02
1.499882124292218677e+00 4.007509521096487504e+00 1.308256936929671266e+00 9.817477042468103487e-02
7.316938357503954826e-01 1.164686456386641034e+00 4.681310856538337006e+00 9.817477042468103487e-02
4.106231293926841275e+00 3.923103535624181681e+00 1.553678266637315009e+00 9.817477042468103487e-02
9.710752284480090868e-01 2.846965031252202682e-01 4.691740723338589936e-01 9.817477042468103487e-02
1.187175990456654784e+00 2.582173221620991832e+00 1.147719376215561998e-01 9.817477042468103487e-02
5.335415072605671050e+00 5.389880649068572005e+00 1.056217454336974004e+00 9.817477042468103487e-02
1.368635473698730787e-01 4.801167921361281898e+00 1.999085162617213918e+00 9.817477042468103487e-02
1.491822823722119828e+00 2.174903437259874395e-01 5.708452552384308376e+00 9.817477042468103487e-02
2.995901922974910647e-01 5.999679101631451239e+00 4.987035917097609072e+00 9.817477042468103487e-02
4.786941380994080397e+00 1.599101060797031071e+00 3.666945555677099566e+00 9.817477042468103487e-02
5.530372872995877209e+00 3.932642136094356200e+00 2.347438017967451884e+00 9.817477042468103487e-02
5.791341233128651567e+00 5.639516780494234105e+00 2.765382258216859235e+00 9.817477042468103487e-02
2.324904266895811311e+00 5.922811629471511630e+00 2.719264676892668486e+00 9.817477042468103487e-02
4.723706476745266336e+00 6.164394078414601630e+00 1.050044397960652048e-01 9.817477042468103487e-02
6.145802534343454582e+00 4.964989097152804121e+00 9.597601169613005911e-01 9.817477042468103487e-02
3.481300792533105426e+00 2.473347752349642104e+00 3.424633740602321730e+00 9.817477042468103487e-02
2.869978088715797515e+00 4.919136408952539341e+00 1.435191259879415870e-01 9.817477042468103487e-02
3.662415870857415712e+00 2.411630711955810025e-01 6.059222399604415443e+00 9.817477042468103487e-02
1.431112656159458929e+00 4.468690827674380195e+00 4.727528452830423333e+00 9.817477042468103487e-02
4.694537085766434248e-01 6.132805636365683100e+00 3.569964175524916961e+00 9.817477042468103487e-02
2.892056872982565974e+00 2.186297858146887541e-01 2.705782331010254005e+00 9.817477042468103487e-02
3.342675415262526872e+00 3.642682119380623029e-01 4.449227556328327893e+00 9.817477042468103487e-02
5.126504339600972848e+00 2.630337878957115461e+00 3.034463204573918826e+00 9.817477042468103487e-02
3.442630823465012035e+00 3.992709749064409230e+00 4.567166079094119313e-01 9.817477042468103487e-02
5.479568013504316770e-01 3.329501911066605757e+00 2.693134592465988408e+00 9.817477042468103487e-02
1.259189994820431591e-01 5.306465733063242318e+00 6.108302241590378934e+00 9.817477042468103487e-02
5.042314140159398939e+00 2.816524278049488572e+00 1.315713834032196106e-01 9.817477042468103487e-02
5.620762481238466890e+00 1.293197246660499344e-01 4.716643548168087285e+00 9.817477042468103487e-02
6.111338788358078311e+00 5.487241355493123862e+00 3.248521756315800868e+00 9.817477042468103487e-02
5.256374804749175844e+00 6.022225673619582942e+00 4.365376802851177018e+00 9.817477042468103487e-02
5.237002520158472230e+00 5.508904607918329255e+00 5.607118742352339424e+00 9.817477042468103487e-02
5.641574116805899708e-01 5.316071034141619300e+00 2.628667951707969852e+00 9.817477042468103487e-02
1.279467915083226381e-01 5.875851229601049219e+00 4.288666206267357506e-01 9.817477042468103487e-02
6.075443897408986160e+00 3.267424938346865648e+00 1.681843347356253737e+00 9.817477042468103487e-02
4.241636847151001533e+00 4.803219447729513369e+00 7.904614031966392673e-01 9.817477042468103487e-02
4.575076216158902476e+00 3.527950792601314944e+00 4.738040970196554902e+00 9.817477042468103487e-02
4.711935519053150223e+00 3.646878595844079030e+00 4.193790718644685001e+00 9.817477042468103487e-02
5.775798580175219854e+00 1.362257892714499707e+00 1.419990586969020363e+00 9.817477042468103487e-02
2.362989672287723497e+00 3.521664497403206084e+00 2.296957826976154582e+00 9.817477042468103487e-02
6.068501628671854498e+00 4.911237332134191114e+00 2.520001675475942449e+00 9.817477042468103487e-02
4.548871917054876590e+00 1.892337128279893421e-01 3.009005372592315375e+00 9.817477042468103487e-02
4.295526676780969666e+00 9.935998760175208666e-01 4.008307971747296250e+00 9.817477042468103487e-02
4.940598275208194501e+00 5.455161755955991509e+00 4.469726361900572265e+00 9.817477042468103487e-02
3.098484072328295369e+00 9.971986932324962416e-02 2.783908008936972767e-01 9.817477042468103487e-02
3.055280703188277158e+00 3.302609273402715040e+00 4.925846846341026541e+00 9.817477042468103487e-02
1.295995576785321513e-01 3.742147258205361204e+00 2.792280087538820954e-01 9.817477042468103487e-02
6.084550431195877351e+00 6.143437976714433146e-01 4.151817591755965431e+00 9.817477042468103487e-02
4.092685574419541727e-01 1.853561990294778916e-01 1.586680891034248087e-01 9.817477042468103487e-02
2.001326622473498684e+00 5.626000126574474125e-01 3.956687653255924086e+00 9.817477042468103487e-02
4.744759277129495523e-01 5.370074577799684334e+00 3.904274421615434587e+00 9.817477042468103487e-02
4.555961270227173898e+00 5.536432548962043398e+00 4.915794832803069170e+00 9.817477042468103487e-02
3.693419774086508234e+00 4.286417579890725804e+00 2.445381167473170247e+00 9.817477042468103487e-02
9.992050896336120980e-01 5.849956819176456158e+00 6.121121916340438673e+00 9.817477042468103487e-02
4.866569956346459946e+00 2.330137001180481171e+00 9.162822311071847636e-01 9.817477042468103487e-02
1.145037525362207376e+00 5.965701497606644921e+00 6.447752808149761483e-01 9.817477042468103487e-02
5.339207512499370978e+00 3.918916054458930986e+00 4.246619038090697629e+00 9.817477042468103487e-02
5.190879248028714699e-01 4.712385707042439087e+00 5.771142235667354292e+00 9.817477042468103487e-02
2.008209938263505467e+00 4.367620060124420611e+00 5.820395462679357479e+00 9.817477042468103487e-02
5.602300081334373516e+00 1.476184239955503907e-01 4.080096227703675638e+00 9.817477042468103487e-02
4.102671349392569944e+00 6.050582228131381690e+00 2.271396687351473709e+00 9.817477042468103487e-02
2.498296717733656358e+00 8.586549916265502347e-01 6.091630605702587076e+00 9.817477042468103487e-02
6.983323036890988211e-01 6.001789682527318703e+00 2.402116381292759062e+00 9.817477042468103487e-02
4.348603604352633489e+00 5.542159742800584432e+00 5.674472449405318919e+00 9.817477042468103487e-02
6.011119692289205396e+00 1.668055864440133984e+00 2.375274182078625174e+00 9.817477042468103487e-02
1.658685648916784494e+00 5.519706096132106055e+00 2.368292574290986163e+00 9.817477042468103487e-02
5.212851503641397599e+00 4.705971139902310973e+00 6.156956566304161882e+00 9.817477042468103487e-02
5.061879247986165176e+00 2.346492978019119047e+00 3.766351364434812332e+00 9.817477042468103487e-02
4.585944862131344557e+00 1.468920668409139818e+00 1.739781721018362148e+00 9.817477042468103487e-02
5.484916794409334884e+00 1.297366456587353056e+00 3.559230722094445465e+00 9.817477042468103487e-02
2.491425024373375319e+00 8.660527545770776436e-01 5.359590935617401186e+00 9.817477042468103487e-02
2.158726080900529531e+00 1.973566223427749566e+00 4.413134316470111784e+00 9.817477042468103487e-02
2.466094760495249893e+00 3.270409003938926640e-01 1.699248028740857897e-01 9.817477042468103487e-02
5.550537148925053899e+00 2.657602074674549342e-01 1.802036403657862884e+00 9.817477042468103487e-02
1.720707690475437035e-01 3.730008298851752890e+00 5.399151219775430555e+00 9.817477042468103487e-02
4.349272164989120171e+00 3.898452667255047910e+00 2.726416435407656991e+00 9.817477042468103487e-02
3.907776418775493532e+00 2.377306594184604105e+00 6.076738901081586874e+00 9.817477042468103487e-02
4.335081828090040723e+00 1.875595800466059782e+00 1.049379047169332613e-01 9.817477042468103487e-02
6.177290059725316418e+00 2.132170197598226125e+00 3.051424387627862167e+00 9.817477042468103487e-02
7.143613750033167564e-01 4.375200626472520504e+00 3.562957032043803984e+00 9.817477042468103487e-02
2.921649666422611036e-01 9.958887439681884945e-01 3.252189668183903315e+00 9.817477042468103487e-02
2.451082422067150102e+00 6.164934191654051432e+00 4.782722292540136699e+00 9.817477042468103487e-02
5.167525353230550955e+00 1.234931083244861227e+00 2.668640323369249501e+00 9.817477042468103487e-02
1.050187123166084646e+00 5.232105594745364741e+00 5.336682323829040620e+00 9.817477042468103487e-02
8.490705005973395725e-01 3.209511595485528446e+00 6.129118032433318319e+00 9.817477042468103487e-02
1.426860971063088179e+00 5.167164714629400635e+00 4.158593810692378767e+00 9.817477042468103487e-02
2.872783364121882066e+00 4.252831212660860949e+00 4.223876473178624913e+00 9.817477042468103487e-02
3.177606351055228817e-01 5.106997220208421062e+00 4.727986398884858943e+00 9.817477042468103487e-02
6.179792126817519993e+00 4.257765572278181310e+00 3.237614009275946447e+00 9.817477042468103487e-02
1.491266412796262042e+00 1.425598462766311414e+00 2.313296910224671710e-01 9.817477042468103487e-02
8.908612375979499953e-01 4.189847852710901321e+00 3.600688500122426472e-01 9.817477042468103487e-02
4.700999028152062387e+00 3.871133760513515210e+00 9.855621689336844238e-01 9.817477042468103487e-02
4.172615547673101943e+00 6.176998342187634883e+00 5.851917070776488039e+00 9.817477042468103487e-02
1.231566683910246152e+00 6.922798852674514336e-01 2.859396866706164442e+00 9.817477042468103487e-02
2.856650800552257286e-01 6.098941443893046710e+00 5.817204785246513410e+00 9.817477042468103487e-02
5.672936184746642851e+00 2.929412668001488695e-01 2.325141917394346058e-01 9.817477042468103487e-02
4.726088072066468193e+00 3.005184539067861316e+00 2.576500690320489895e+00 9.817477042468103487e-02
4.413127773332432113e+00 7.785080399868449241e-01 6.643838749748134376e-01 9.817477042468103487e-02
3.010378974502209815e+00 2.936067894773504605e+00 5.937088474106122504e+00 9.817477042468103487e-02
2.138074278680708762e+00 5.333447423708231661e+00 1.576861509972935504e+00 9.817477042468103487e-02
1.626223423972648630e-01 1.310781943921533799e+00 5.182815160894889139e+00 9.817477042468103487e-02
5.450541425891070269e+00 4.499080442478244457e+00 4.978633881861645349e+00 9.817477042468103487e-02
3.004219249220263510e+00 2.528444276458997830e+00 2.379394533657133159e+00 9.817477042468103487e-02
1.556920142766422543e+00 4.436870989867093940e+00 2.385123278175004524e-01 9.817477042468103487e-02
2.835434526123038479e-01 4.277415485196240041e+00 4.658228191857971545e+00 9.817477042468103487e-02
2.882633853088842901e+00 2.678377977765234341e+00 1.088817866312911553e+00 9.817477042468103487e-02
3.272378154849690635e+00 1.923538410302743529e+00 1.927450574395859650e+00 9.817477042468103487e-02
5.880831766479431622e+00 1.987630843228247457e+00 4.174360890207402086e+00 9.817477042468103487e-02
5.964531452594505012e+00 4.346703614192746201e+00 4.282187725550144819e+00 9.817477042468103487e-02
2.297652820093368575e+00 4.304365748043413320e-01 5.064699766156832261e+00 9.817477042468103487e-02
2.155866017064832274e+00 5.455716818664111400e+00 1.032735159012713844e+00 9.817477042468103487e-02
3.849738575412069430e+00 3.016338679791016997e+00 6.082743591260861393e+00 9.817477042468103487e-02
4.175227398448764227e+00 5.948286074236905918e+00 5.907076231882604223e-01 9.817477042468103487e-02
3.492072421788326775e+00 3.391585129561799139e+00 5.798402419427053367e+00 9.817477042468103487e-02
1.326870028273489766e+00 2.121241455367201656e+00 6.401319140337671243e-01 9.817477042468103487e-02
4.100625970076849924e+00 2.234028692587025910e-01 4.750105913463143814e+00 9.817477042468103487e-02
1.098487656806394597e+00 1.624860853232559688e+00 4.447262788689275048e+00 9.817477042468103487e-02
2.854743403698537740e+00 5.537929604557787933e+00 4.872981866833829834e+00 9.817477042468103487e-02
3.613392503602406158e+00 1.319247624884033687e+00 5.861181051103271145e+00 9.817477042468103487e-02
2.327158093996291477e+00 1.894542354480954482e-01 5.798481437643840941e+00 9.817477042468103487e-02
1.183964126613796353e+00 3.582342878680093712e+00 5.121278150555139241e+00 9.817477042468103487e-02
1.605563791040640897e-01 5.970844348202945184e+00 2.735444517041705659e+00 9.817477042468103487e-02
5.338262503444562768e+00 1.937218885346337238e+00 1.128966248373015624e+00 9.817477042468103487e-02
3.022177895014349858e+00 1.428620693000300701e+00 4.890930418631059595e+00 9.817477042468103487e-02
5.544052138988337042e+00 1.432182077557481448e-01 5.278617282930037291e+00 9.817477042468103487e-02
3.015435828050673006e+00 3.447995954229454707e+00 3.202913449881608532e+00 9.817477042468103487e-02
2.454815535813017480e+00 2.650918192784456728e+00 3.403767610497330676e+00 9.817477042468103487e-02
2.849559993271488345e+00 1.190023153508577458e+00 3.154097108610064204e+00 9.817477042468103487e-02
9.521696143464947193e-01 5.552510859455077608e+00 4.154486514345809844e+00 9.817477042468103487e-02
5.605251863051163852e-01 2.393936151311488736e+00 3.587818177044873380e+00 9.817477042468103487e-02
5.729498855454199457e+00 6.046930004494960542e+00 3.189411478078470363e+00 9.817477042468103487e-02
4.514423595722332649e+00 6.155951583440487873e+00 1.103022877620908559e+00 9.817477042468103487e-02
1.843776006696214331e+00 2.486558382296571779e+00 2.190024221008530780e+00 9.817477042468103487e-02
4.636093110861409627e+00 1.533892617322739627e-01 3.577211548558090204e+00 9.817477042468103487e-02
1.983865043117646887e-01 4.675784582305142933e+00 3.540534604877627611e+00 9.817477042468103487e-02
2.237560678130932512e+00 1.578211676132119101e-01 3.092493754759855662e+00 9.817477042468103487e-02
6.059352490830558047e+00 6.084210849669171139e+00 5.056284243457545458e+00 9.817477042468103487e-02
5.555708814777517546e+00 6.101446391643575495e+00 2.089538105910370980e-01 9.817477042468103487e-02
5.811177349464086817e+00 2.873382984384084349e+00 1.956354149355898464e+00 9.817477042468103487e-02
3.324720847299535986e+00 5.287302937144332304e+00 3.269945365802268356e+00 9.817477042468103487e-02
4.364751581436655314e+00 4.481340962183558041e+00 2.760517443566855800e+00 9.817477042468103487e-02
1.175737056781258616e+00 4.789399297554278512e+00 1.106363355894217637e+00 9.817477042468103487e-02
7.618859520042619016e-01 8.337605331358873828e-01 3.796687772102363412e-01 9.817477042468103487e-02
3.430336132908973212e+00 1.672955319503467209e+00 4.482785442055121194e+00 9.817477042468103487e-02
5.997396267878477794e+00 1.114262301011074152e-01 6.542415460614555700e-01 9.817477042468103487e-02
1.493844484323702260e-01 4.062811628303486522e+00 1.049503541895451697e+00 9.817477042468103487e-02
1.466869973085149326e+00 1.537898260044817889e+00 3.738692687437350504e+00 9.817477042468103487e-02
2.761619450529660735e+00 4.123119483939760244e+00 1.878403848722014491e+00 9.817477042468103487e-02
3.514740271914253089e+00 3.108930773961163574e+00 5.329320577508124934e+00 9.817477042468103487e-02
4.315033754194523397e+00 5.248638283658240589e+00 4.437854480030497761e+00 9.817477042468103487e-02
3.323871255568414451e+00 2.904788872692626533e+00 2.996864985817852656e+00 9.817477042468103487e-02
1.854474382968011703e+00 3.566861787168059461e+00 4.084899232819101389e-01 9.817477042468103487e-02
5.462617774228731626e+00 5.264937513755012510e+00 3.161942428320672072e+00 9.817477042468103487e-02
2.888510547507766368e+00 4.782372692312641504e+00 1.988553301493255265e+00 9.817477042468103487e-02
1.653005080874127675e+00 3.844648999086064833e+00 6.167935188751272335e+00 9.817477042468103487e-02
4.697342635218016760e+00 2.841518568349449492e+00 6.065355762860569211e-01 9.817477042468103487e-02
2.494517619326297897e+00 3.342693136780158003e+00 3.490408739087979662e+00 9.817477042468103487e-02
1.137295449623946020e+00 3.488603153478869956e+00 3.165333172332261746e+00 9.817477042468103487e-02
9.698595520596033914e-01 1.549183085814526351e+00 5.871127244015396762e+00 9.817477042468103487e-02
1.498850312406518004e+00 1.139092694809613171e+00 2.367146423959726853e+00 9.817477042468103487e-02
1.562264958406272886e+00 4.726678068729146531e+00 5.551073988181967067e+00 9.817477042468103487e-02
2.323491777800237301e+00 1.795938300659128739e+00 3.640234346594377612e+00 9.817477042468103487e-02
5.134340265731109021e+00 5.002999060032005119e+00 2.485183619911942365e+00 9.817477042468103487e-02
4.402772943866740007e+00 4.843242601173377793e+00 6.149376667234730753e+00 9.817477042468103487e-02
6.027023671832462348e+00 8.822199461678997823e-01 5.887997317022843013e+00 9.817477042468103487e-02
5.987376588334604399e+00 2.810850027100312065e+00 2.926246679846856047e+00 9.817477042468103487e-02
1.420549164722194890e-01 1.081049217202029872e-01 2.577810177430718497e+00 9.817477042468103487e-02
5.960418709284960315e+00 5.681383290671570663e+00 6.177047682820844265e+00 9.817477042468103487e-02
1.788671099273619614e-01 1.135839384218707337e+00 2.709765204009908057e+00 9.817477042468103487e-02
8.125749343162459448e-01 1.759378255024061755e+00 5.267905613000437803e+00 9.817477042468103487e-02
4.442547150118101307e+00 1.214635149689524962e-01 2.452062075019916243e+00 9.817477042468103487e-02
3.737301539394704886e+00 6.911636685346074227e-01 8.206290377687608384e-01 9.817477042468103487e-02
2.533858273338994938e+00 5.825971037708794320e+00 4.263894694197414736e+00 9.817477042468103487e-02
8.776726932882432664e-01 3.165307863221240581e+00 4.300968326296513711e-01 9.817477042468103487e-02
3.961955063335524052e+00 3.985562099303510575e+00 3.190200518332666046e+00 9.817477042468103487e-02
1.358026380608372552e-01 4.728453079813942139e+00 2.601430999659696042e+00 9.817477042468103487e-02
3.619142686886084981e+00 4.332854580054532612e+00 6.115526673848656891e+00 9.817477042468103487e-02
1.614470374512361750e-01 1.092269560105697312e+00 4.274588469419653869e+00 9.817477042468103487e-02
1.913818709418879216e+00 2.339607669998347905e+00 5.724835268638557295e+00 9.817477042468103487e-02
4.301412904880253407e+00 6.419658640369716451e-01 5.956896503612691518e+00 9.817477042468103487e-02
3.038164661743753658e+00 4.599093095833753253e+00 3.266628318733457714e+00 9.817477042468103487e-02
2.407919775928597517e+00 5.394514021552434535e+00 3.897672878790980899e+00 9.817477042468103487e-02
3.049700977156681869e-01 2.627892625521921044e+00 5.566421626065671369e+00 9.817477042468103487e-02
4.864457814755522413e+00 6.022031744462758240e+00 3.658111111895122392e+00 9.817477042468103487e-02
3.805008918549193098e+00 1.275997460032546549e+00 3.670947578515601606e+00 9.817477042468103487e-02
2.402454466566108504e+00 4.106679700191715021e+00 2.404701140933918513e+00 9.817477042468103487e-02
1.382821272600567308e+00 3.249244707583888392e+00 3.636856161926934838e+00 9.817477042468103487e-02
2.336795803936522198e+00 1.311047430859435536e+00 3.987619591708248201e+00 9.817477042468103487e-02
1.219274421340149850e+00 6.124939384357729111e+00 1.328074360095718998e+00 9.817477042468103487e-02
3.130749221171350349e+00 2.452809970534169270e+00 2.077639582052113187e-01 9.817477042468103487e-02
3.120901305039413209e+00 6.225125612541291265e-01 3.432734236413244933e+00 9.817477042468103487e-02
2.816865362142908946e+00 1.338231225958078863e+00 2.090350251331278830e-01 9.817477042468103487e-02
2.374577884223120494e-01 4.893049441637941643e-01 6.127784860427803793e+00 9.817477042468103487e-02
4.615109315446344951e+00 1.573185131477137233e+00 2.915262049121106092e+00 9.817477042468103487e-02
5.015459213644450465e+00 9.066320203594742111e-01 4.472429387808460888e+00 9.817477042468103487e-02
1.502015111974488004e+00 6.181352346890452765e+00 6.116639417074978269e+00 9.817477042468103487e-02
1.421423878000224406e+00 3.399645105344344387e-01 4.124817217994765528e+00 9.817477042468103487e-02
2.571586639125167828e+00 2.253431212950875118e+00 3.914468242171773582e+00 9.817477042468103487e-02
2.826852550947386078e+00 6.103750827652200783e+00 6.039005449740669995e+00 9.817477042468103487e-02
2.979504636042322296e+00 1.601793559124307986e+00 1.091980075052264354e+00 9.817477042468103487e-02
4.852596372620760157e+00 5.652771583659053078e+00 1.225900457441299274e+00 9.817477042468103487e-02
4.796763230511309928e+00 4.565918445830756234e+00 5.004894732739968433e+00 9.817477042468103487e-02
3.016608695785346406e+00 6.111901488764759804e+00 3.071014479267840436e+00 9.817477042468103487e-02
3.994488467144545751e+00 6.180498113900504187e+00 1.549517144650540690e+00 9.817477042468103487e-02
4.513168197599686238e+00 9.620466737445932948e-01 1.379534804129013414e-01 9.817477042468103487e-02
3.226845808865514087e+00 1.328725797809620912e-01 3.159837572547707030e+00 9.817477042468103487e-02
1.265490724930455446e+00 4.455217916752208573e+00 3.587321820955196028e+00 9.817477042468103487e-02
2.078774088785246388e+00 1.252694407612635175e+00 9.430505106520068459e-01 9.817477042468103487e-02
5.413226928068769261e+00 4.399107358795856015e+00 5.521773049085881624e+00 9.817477042468103487e-02
2.075822524949156311e-01 6.017440751794630671e+00 2.043425802818819914e+00 9.817477042468103487e-02
1.532370630526605382e+00 3.939264876500679691e+00 2.192024279047837254e+00 9.817477042468103487e-02
2.157226166864866457e+00 1.749716420678594786e-01 1.875062352547248068e+00 9.817477042468103487e-02
2.970340719515808914e+00 2.406063335607310449e+00 5.243346527020210424e+00 9.817477042468103487e-02
2.334883995865783213e+00 6.171177657168095188e+00 3.612088554904617332e+00 9.817477042468103487e-02
4.866636464379912930e+00 2.016942734575696061e+00 2.489372660958042882e+00 9.817477042468103487e-02
4.926964983413204990e+00 6.124824128608412188e+00 2.003234164772039971e+00 9.817477042468103487e-02
2.687656500254401948e+00 2.761217671552573805e+00 5.175488575570463823e-01 9.817477042468103487e-02
6.472643714340615695e-01 4.675639814015996265e+00 1.456043074337908916e+00 9.817477042468103487e-02
5.707985447515173227e+00 3.608716043793574801e+00 3.058868279366729670e+00 9.817477042468103487e-02
5.411265164891650770e+00 3.070628570640017596e+00 3.706479641531328806e+00 9.817477042468103487e-02
3.230604796663008926e+00 5.205954445783435247e+00 4.612789660587723439e+00 9.817477042468103487e-02
5.504951330626846939e+00 3.848103659831169310e+00 1.310527599209801164e-01 9.817477042468103487e-02
4.666976432410243625e+00 3.893876742504144062e+00 2.224966571254157088e+00 9.817477042468103487e-02
1.910958523904054296e+00 9.634297621000423861e-01 4.330089749590257497e+00 9.817477042468103487e-02
6.153158997018294940e+00 1.393958018199772830e+00 1.372580650375770372e-01 9.817477042468103487e-02
5.776578031080364717e+00 6.437184220199403395e-01 2.662794451064178780e+00 9.817477042468103487e-02
1.332980898924891466e+00 1.101323888225679948e+00 5.491139592712940498e+00 9.817477042468103487e-02
4.928310525003637643e+00 4.067546455517535797e+00 5.983910148474964608e+00 9.817477042468103487e-02
5.747986733667455717e+00 3.870778830324124176e+00 1.793034282588577444e+00 9.817477042468103487e-02
8.580755126856600690e-01 4.939277586269961162e+00 3.802459430487679981e+00 9.817477042468103487e-02
9.536589809039481835e-01 2.602739179180279194e+00 8.187686432610471465e-01 9.817477042468103487e-02
3.749398568761186823e+00 2.259786025554491928e+00 5.239183967342611936e+00 9.817477042468103487e-02
4.473805392099440503e+00 4.072257094591080318e+00 3.414664525605789258e+00 9.817477042468103487e-02
5.874577590655580828e+00 2.019739821054984841e+00 6.062267648919925200e+00 9.817477042468103487e-02
2.162992998659896415e-01 1.962153755927592336e+00 1.777956873422578132e-01 9.817477042468103487e-02
3.848873811327464978e+00 4.224991041001213254e+00 4.759377782337526952e+00 9.817477042468103487e-02
6.136256424055796188e+00 5.466487671673207593e+00 3.820173126705110001e+00 9.817477042468103487e-02
9.623917607545731112e-01 6.182950245446747317e+00 5.031095867902597440e+00 9.817477042468103487e-02
6.104141116129548905e+00 4.695326056293803063e+00 4.710184458700394927e+00 9.817477042468103487e-02
3.507597680267326989e+00 3.660107084657089338e+00 2.707663171877384478e+00 9.817477042468103487e-02
1.977255497542800278e+00 1.566568256550469496e+00 4.761211668589580448e+00 9.817477042468103487e-02
1.755116952275332931e+00 3.492845176616379721e+00 9.855231871141654221e-01 9.817477042468103487e-02
4.560996982845740177e+00 1.348287970396778945e+00 4.435942905317702412e+00 9.817477042468103487e-02
2.629957894360045234e+00 2.491850399607202338e+00 6.113623830299361295e+00 9.817477042468103487e-02
4.155944707441569186e+00 3.695890903267682770e+00 3.691135034518274516e+00 9.817477042468103487e-02
3.593854262999527815e+00 5.654876277428336095e+00 2.048642027686039757e+00 9.817477042468103487e-02
6.098525490535077864e+00 1.015673030488172701e+00 4.531165484663609355e+00 9.817477042468103487e-02
1.368557435885986717e-01 2.693842053459403196e+00 4.748841655995824085e-01 9.817477042468103487e-02
4.829900285579169505e+00 4.718255991852721820e+00 1.940428055295531085e+00 9.817477042468103487e-02
3.574157988930680041e+00 9.379483827502570481e-01 1.512893240901268310e+00 9.817477042468103487e-02
1.462079929952977697e-01 5.345392453284211420e+00 1.641521335222252187e+00 9.817477042468103487e-02
6.138353380695828143e+00 2.714619055789592394e+00 1.094706130923339238e+00 9.817477042468103487e-02
4.131625764948721802e+00 1.191414925650172041e+00 6.139504791117828653e+00 9.817477042468103487e-02
1.147912289359206639e+00 3.351766316844503102e+00 5.621171139422779461e+00 9.817477042468103487e-02
6.144389218192228164e+00 3.617981978614924987e+00 6.170726280652216289e+00 9.817477042468103487e-02
3.963210624240371516e+00 9.923951405320157182e-01 2.128026768394188473e+00 9.817477042468103487e-02
3.966790789018912022e+00 2.584519046308090928e+00 3.194740381644267213e+00 9.817477042468103487e-02
2.045074002488234122e+00 2.952883263290547511e+00 3.752379134170245045e+00 9.817477042468103487e-02
4.220831944254019419e+00 4.468592031722455893e+00 4.383816948663650237e+00 9.817477042468103487e-02
9.254856391676212768e-01 6.139038650460790336e+00 4.154368786515216350e+00 9.817477042468103487e-02
5.512596298234103465e+00 5.212492956036207659e+00 4.851430813462706659e+00 9.817477042468103487e-02
6.035447908637406655e+00 4.034882851760609235e+00 3.799617120232705147e+00 9.817477042468103487e-02
3.274620435926440365e+00 6.165168445126342434e+00 2.022038439191896630e-01 9.817477042468103487e-02
4.877026049322149781e+00 8.004280940526067312e-01 2.909747851133737129e+00 9.817477042468103487e-02
2.905847880095081770e+00 8.045274318450321704e-01 1.189094773575806840e+00 9.817477042468103487e-02
3.644330950928382773e-01 3.943547623392789081e+00 6.099977847856677293e+00 9.817477042468103487e-02
2.414027447933543291e-01 2.892870285376776263e+00 2.521612121682125007e+00 9.817477042468103487e-02
2.264951108759551524e+00 3.880158510728790144e+00 4.703322843624097693e+00 9.817477042468103487e-02
4.223614896044227685e+00 1.113352742927921357e-01 1.687200795180209045e+00 9.817477042468103487e-02
4.775049248433024474e+00 1.017882791307629819e+00 5.568346101062005005e+00 9.817477042468103487e-02
1.132025356138220973e-01 4.001455077678017780e+00 2.565177957112366069e+00 9.817477042468103487e-02
4.130004333385042692e+00 1.273051072001208261e+00 1.440911344636752300e+00 9.817477042468103487e-02
4.557793899026163054e+00 5.637750432731191808e+00 1.430856080373477113e-01 9.817477042468103487e-02
3.480209253917982082e+00 5.646024307102163853e+00 5.024183848755265913e+00 9.817477042468103487e-02
1.214442692022966064e+00 3.109588749490641124e+00 4.696778183309731070e+00 9.817477042468103487e-02
2.694794782023331781e+00 5.791608009192944273e+00 1.192792392649403510e+00 9.817477042468103487e-02
5.272421593575645105e+00 2.484045153649543813e+00 5.031145147064335355e-01 9.817477042468103487e-02
2.183532595410405897e+00 2.975594292628937598e+00 6.076009021058628612e+00 9.817477042468103487e-02
3.560812260274279772e+00 2.100026092406371614e+00 1.849875795510396159e-01 9.817477042468103487e-02
1.667055521041288291e+00 1.398600503825843777e+00 6.105283119913879730e+00 9.817477042468103487e-02
6.177999668744121209e+00 4.678197454893876284e+00 5.713870488173894202e+00 9.817477042468103487e-02
3.445615423148190359e+00 4.929435853457644345e-01 2.517181000261967672e+00 9.817477042468103487e-02
5.908717820457160208e+00 4.442097630781316475e+00 8.569807664494831778e-01 9.817477042468103487e-02
3.337762425133866895e+00 3.936619371920599075e+00 4.050003078561599246e+00 9.817477042468103487e-02
4.038392871819043606e+00 1.726301939393377616e+00 4.728818469060549035e+00 9.817477042468103487e-02
2.793059376496190627e+00 6.182924689505065352e+00 2.365677515037899248e+00 9.817477042468103487e-02
3.162520407921848964e+00 6.183614238278087427e+00 5.072627729263195384e+00 9.817477042468103487e-02
2.271475346615589253e+00 1.018879966806201409e+00 1.174176079252346183e-01 9.817477042468103487e-02
6.184697045656454506e+00 3.864021893820170472e+00 1.157653331103140282e+00 9.817477042468103487e-02
4.451901756787779441e+00 2.817141958552815240e+00 4.639181693402473883e+00 9.817477042468103487e-02
1.077254649575461604e-01 6.979118371481912719e-01 1.111172849725336143e+00 9.817477042468103487e-02
1.124869219456461344e-01 5.102937834054280586e+00 5.257800086584667021e+00 9.817477042468103487e-02
4.988611617380040997e+00 1.969443772188421149e-01 4.664836400378950643e+00 9.817477042468103487e-02
3.938535990126162956e-01 6.395234535608670390e-01 4.779239236371215505e+00 9.817477042468103487e-02
5.473884001898116303e+00 9.485576242915604306e-01 4.895600045662487965e+00 9.817477042468103487e-02
4.708763192121749874e+00 2.930618965184999425e+00 1.927653998798088075e+00 9.817477042468103487e-02
6.121554991970245219e+00 2.544826922367383393e+00 9.937274956980986229e-02 9.817477042468103487e-02
4.199410505516666170e+00 6.532026775307671063e-01 1.174759287921957718e+00 9.817477042468103487e-02
6.038463001856643864e+00 8.027383022179142014e-01 1.357735338206570219e+00 9.817477042468103487e-02
1.341507959568872255e-01 7.401437774401881109e-01 3.739810911759021139e-01 9.817477042468103487e-02
5.466465842079529125e+00 6.064744780179663231e+00 5.163809433054949771e+00 9.817477042468103487e-02
6.174557520943031008e+00 3.924943127564201273e+00 1.544888549148548673e-01 9.817477042468103487e-02
5.311429315502624426e+00 2.408349729699740038e+00 6.126671319998050258e+00 9.817477042468103487e-02
6.152357335288891171e+00 1.120591262123381782e+00 2.807874825539113495e+00 9.817477042468103487e-02
2.114037881040019773e+00 3.049644593628964007e+00 2.970568252570323420e+00 9.817477042468103487e-02
