   5.0006600000000001e-01   1.2844899999999999e+00
   4.9438500000000002e-01   1.2844400000000000e+00
   4.9438500000000002e-01   1.2844400000000000e+00
   4.8870500000000000e-01   1.2843000000000000e+00
   4.8870500000000000e-01   1.2843000000000000e+00
   4.8302299999999998e-01   1.2840600000000000e+00
   4.8302299999999998e-01   1.2840600000000000e+00
   4.7735100000000003e-01   1.2837300000000000e+00
   4.7735100000000003e-01   1.2837300000000000e+00
   4.7168100000000002e-01   1.2833100000000000e+00
   4.7168100000000002e-01   1.2833100000000000e+00
   4.6602300000000002e-01   1.2827900000000001e+00
   4.6602300000000002e-01   1.2827900000000001e+00
   4.6037000000000000e-01   1.2821700000000000e+00
   4.6037000000000000e-01   1.2821700000000000e+00
   4.5473200000000003e-01   1.2814600000000000e+00
   4.5473200000000003e-01   1.2814600000000000e+00
   4.4910200000000000e-01   1.2806599999999999e+00
   4.4910200000000000e-01   1.2806599999999999e+00
   4.4348900000000002e-01   1.2797600000000000e+00
   4.4348900000000002e-01   1.2797600000000000e+00
   4.3788899999999997e-01   1.2787700000000000e+00
   4.3788899999999997e-01   1.2787700000000000e+00
   4.3230800000000003e-01   1.2776900000000000e+00
   4.3230800000000003e-01   1.2776900000000000e+00
   4.2674099999999998e-01   1.2765200000000001e+00
   4.2674099999999998e-01   1.2765200000000001e+00
   4.2119899999999999e-01   1.2752600000000001e+00
   4.2119899999999999e-01   1.2752600000000001e+00
   4.1567199999999999e-01   1.2739000000000000e+00
   4.1567199999999999e-01   1.2739000000000000e+00
   4.1017100000000001e-01   1.2724599999999999e+00
   4.1017100000000001e-01   1.2724599999999999e+00
   4.0469400000000000e-01   1.2709299999999999e+00
   4.0469400000000000e-01   1.2709299999999999e+00
   3.9923599999999998e-01   1.2693099999999999e+00
   3.9923599999999998e-01   1.2693099999999999e+00
   3.9380700000000002e-01   1.2676000000000001e+00
   3.9380700000000002e-01   1.2676000000000001e+00
   3.8840700000000000e-01   1.2658100000000001e+00
   3.8840700000000000e-01   1.2658100000000001e+00
   3.8303100000000001e-01   1.2639300000000000e+00
   3.8303100000000001e-01   1.2639300000000000e+00
   3.7768699999999999e-01   1.2619600000000000e+00
   3.7768699999999999e-01   1.2619600000000000e+00
   3.7236999999999998e-01   1.2599100000000001e+00
   3.7236999999999998e-01   1.2599100000000001e+00
   3.6708700000000000e-01   1.2577799999999999e+00
   3.6708700000000000e-01   1.2577799999999999e+00
   3.6183199999999999e-01   1.2555700000000001e+00
   3.6183199999999999e-01   1.2555700000000001e+00
   3.5661399999999999e-01   1.2532799999999999e+00
   3.5661399999999999e-01   1.2532799999999999e+00
   3.5142899999999999e-01   1.2509100000000000e+00
   3.5142899999999999e-01   1.2509100000000000e+00
   3.4627500000000000e-01   1.2484500000000001e+00
   3.4627500000000000e-01   1.2484500000000001e+00
   3.4115899999999999e-01   1.2459300000000000e+00
   3.4115899999999999e-01   1.2459300000000000e+00
   3.3607999999999999e-01   1.2433200000000000e+00
   3.3607999999999999e-01   1.2433200000000000e+00
   3.3103399999999999e-01   1.2406400000000000e+00
   3.3103399999999999e-01   1.2406400000000000e+00
   3.2602900000000001e-01   1.2378800000000001e+00
   3.2602900000000001e-01   1.2378800000000001e+00
   3.2105899999999998e-01   1.2350500000000000e+00
   3.2105899999999998e-01   1.2350500000000000e+00
   3.1612899999999999e-01   1.2321500000000001e+00
   3.1612899999999999e-01   1.2321500000000001e+00
   3.1123600000000001e-01   1.2291700000000001e+00
   3.1123600000000001e-01   1.2291700000000001e+00
   3.0638599999999999e-01   1.2261200000000001e+00
   3.0638599999999999e-01   1.2261200000000001e+00
   3.0157400000000001e-01   1.2230099999999999e+00
   3.0157400000000001e-01   1.2230099999999999e+00
   2.9680000000000001e-01   1.2198199999999999e+00
   2.9680000000000001e-01   1.2198199999999999e+00
   2.9207000000000000e-01   1.2165699999999999e+00
   2.9207000000000000e-01   1.2165699999999999e+00
   2.8738200000000003e-01   1.2132400000000001e+00
   2.8738200000000003e-01   1.2132400000000001e+00
   2.8273300000000001e-01   1.2098500000000001e+00
   2.8273300000000001e-01   1.2098500000000001e+00
   2.7812900000000002e-01   1.2063999999999999e+00
   2.7812900000000002e-01   1.2063999999999999e+00
   2.7356500000000000e-01   1.2028799999999999e+00
   2.7356500000000000e-01   1.2028799999999999e+00
   2.6904600000000001e-01   1.1992900000000000e+00
   2.6904600000000001e-01   1.1992900000000000e+00
   2.6457000000000003e-01   1.1956400000000000e+00
   2.6457000000000003e-01   1.1956400000000000e+00
   2.6013900000000001e-01   1.1919299999999999e+00
   2.6013900000000001e-01   1.1919299999999999e+00
   2.5575300000000001e-01   1.1881600000000001e+00
   2.5575300000000001e-01   1.1881600000000001e+00
   2.5141100000000000e-01   1.1843200000000000e+00
   2.5141100000000000e-01   1.1843200000000000e+00
   2.4711600000000000e-01   1.1804100000000000e+00
   2.4711600000000000e-01   1.1804100000000000e+00
   2.4287100000000000e-01   1.1764500000000000e+00
   2.4287100000000000e-01   1.1764500000000000e+00
   2.3866999999999999e-01   1.1724200000000000e+00
   2.3866999999999999e-01   1.1724200000000000e+00
   2.3452100000000001e-01   1.1683399999999999e+00
   2.3452100000000001e-01   1.1683399999999999e+00
   2.3042099999999999e-01   1.1641900000000001e+00
   2.3042099999999999e-01   1.1641900000000001e+00
   2.2637499999999999e-01   1.1599699999999999e+00
   2.2637499999999999e-01   1.1599699999999999e+00
   2.2237999999999999e-01   1.1556999999999999e+00
   2.2237999999999999e-01   1.1556999999999999e+00
   2.1844400000000000e-01   1.1513599999999999e+00
   2.1844400000000000e-01   1.1513599999999999e+00
   2.1456700000000001e-01   1.1469600000000000e+00
   2.1456700000000001e-01   1.1469600000000000e+00
   2.1074799999999999e-01   1.1425000000000001e+00
   2.1074799999999999e-01   1.1425000000000001e+00
   2.0699699999999999e-01   1.1379699999999999e+00
   2.0699699999999999e-01   1.1379699999999999e+00
   2.0330999999999999e-01   1.1333700000000000e+00
   2.0330999999999999e-01   1.1333700000000000e+00
   1.9969999999999999e-01   1.1287199999999999e+00
   1.9969999999999999e-01   1.1287199999999999e+00
   1.9616400000000001e-01   1.1239900000000000e+00
   1.9616400000000001e-01   1.1239900000000000e+00
   1.9271500000000000e-01   1.1192100000000000e+00
   1.9271500000000000e-01   1.1192100000000000e+00
   1.8935199999999999e-01   1.1143500000000000e+00
   1.8935199999999999e-01   1.1143500000000000e+00
   1.8609000000000001e-01   1.1094400000000000e+00
   1.8609000000000001e-01   1.1094400000000000e+00
   1.8293300000000001e-01   1.1044600000000000e+00
   1.8293300000000001e-01   1.1044600000000000e+00
   1.7988899999999999e-01   1.0994100000000000e+00
   1.7988899999999999e-01   1.0994100000000000e+00
   1.7697800000000000e-01   1.0943000000000001e+00
   1.7697800000000000e-01   1.0943000000000001e+00
   1.7420200000000000e-01   1.0891299999999999e+00
   1.7420200000000000e-01   1.0891299999999999e+00
   1.7158300000000001e-01   1.0839200000000000e+00
   1.7158300000000001e-01   1.0839200000000000e+00
   1.6912800000000000e-01   1.0786500000000001e+00
   1.6912800000000000e-01   1.0786500000000001e+00
   1.6686200000000001e-01   1.0733400000000000e+00
   1.6686200000000001e-01   1.0733400000000000e+00
   1.6479400000000000e-01   1.0680000000000001e+00
   1.6479400000000000e-01   1.0680000000000001e+00
   1.6294700000000001e-01   1.0626500000000001e+00
   1.6294700000000001e-01   1.0626500000000001e+00
   1.6133400000000001e-01   1.0572900000000001e+00
   1.6133400000000001e-01   1.0572900000000001e+00
   1.5997400000000001e-01   1.0519499999999999e+00
   1.5997400000000001e-01   1.0519499999999999e+00
   1.5887899999999999e-01   1.0466400000000000e+00
   1.5887899999999999e-01   1.0466400000000000e+00
   1.5806100000000001e-01   1.0414099999999999e+00
   1.5806100000000001e-01   1.0414099999999999e+00
   1.5752400000000000e-01   1.0362400000000000e+00
   1.5752400000000000e-01   1.0362400000000000e+00
   1.5727300000000000e-01   1.0311999999999999e+00
   1.5727300000000000e-01   1.0311999999999999e+00
   1.5730200000000000e-01   1.0262899999999999e+00
   1.5730200000000000e-01   1.0262899999999999e+00
   1.5760299999999999e-01   1.0215300000000000e+00
   1.5760299999999999e-01   1.0215300000000000e+00
   1.5816100000000000e-01   1.0169500000000000e+00
   1.5816100000000000e-01   1.0169500000000000e+00
   1.5895999999999999e-01   1.0125500000000001e+00
   1.5895999999999999e-01   1.0125500000000001e+00
   1.5998200000000001e-01   1.0083400000000000e+00
   1.5998200000000001e-01   1.0083400000000000e+00
   1.6120499999999999e-01   1.0043299999999999e+00
   1.6120499999999999e-01   1.0043299999999999e+00
   1.6261100000000001e-01   1.0004999999999999e+00
   1.6261100000000001e-01   1.0004999999999999e+00
   1.6418500000000000e-01   9.9685100000000004e-01
   1.6418500000000000e-01   9.9685100000000004e-01
   1.6591100000000000e-01   9.9337500000000001e-01
   1.6591100000000000e-01   9.9337500000000001e-01
   1.6778100000000001e-01   9.9005200000000004e-01
   1.6778100000000001e-01   9.9005200000000004e-01
   1.6978599999999999e-01   9.8687100000000005e-01
   1.6978599999999999e-01   9.8687100000000005e-01
   1.7192299999999999e-01   9.8381799999999997e-01
   1.7192299999999999e-01   9.8381799999999997e-01
   1.7419100000000001e-01   9.8087999999999997e-01
   1.7419100000000001e-01   9.8087999999999997e-01
   1.7658900000000000e-01   9.7804400000000002e-01
   1.7658900000000000e-01   9.7804400000000002e-01
   1.7912100000000000e-01   9.7529900000000003e-01
   1.7912100000000000e-01   9.7529900000000003e-01
   1.8178900000000001e-01   9.7263800000000000e-01
   1.8178900000000001e-01   9.7263800000000000e-01
   1.8459400000000001e-01   9.7005600000000003e-01
   1.8459400000000001e-01   9.7005600000000003e-01
   1.8753600000000001e-01   9.6754899999999999e-01
   1.8753600000000001e-01   9.6754899999999999e-01
   1.9062200000000001e-01   9.6511199999999997e-01
   1.9062200000000001e-01   9.6511199999999997e-01
   1.9384100000000001e-01   9.6274899999999997e-01
   1.9384100000000001e-01   9.6274899999999997e-01
   1.9719800000000001e-01   9.6045800000000003e-01
   1.9719800000000001e-01   9.6045800000000003e-01
   2.0069100000000001e-01   9.5823599999999998e-01
   2.0069100000000001e-01   9.5823599999999998e-01
   2.0430799999999999e-01   9.5609000000000000e-01
   2.0430799999999999e-01   9.5609000000000000e-01
   2.0804200000000000e-01   9.5401999999999998e-01
   2.0804200000000000e-01   9.5401999999999998e-01
   2.1190100000000001e-01   9.5202100000000001e-01
   2.1190100000000001e-01   9.5202100000000001e-01
   2.1586200000000000e-01   9.5010099999999997e-01
   2.1586200000000000e-01   9.5010099999999997e-01
   2.1992999999999999e-01   9.4825300000000001e-01
   2.1992999999999999e-01   9.4825300000000001e-01
   2.2408800000000001e-01   9.4648299999999996e-01
   2.2408800000000001e-01   9.4648299999999996e-01
   2.2834099999999999e-01   9.4478399999999996e-01
   2.2834099999999999e-01   9.4478399999999996e-01
   2.3266800000000001e-01   9.4316100000000003e-01
   2.3266800000000001e-01   9.4316100000000003e-01
   2.3707800000000001e-01   9.4160699999999997e-01
   2.3707800000000001e-01   9.4160699999999997e-01
   2.4154900000000001e-01   9.4012499999999999e-01
   2.4154900000000001e-01   9.4012499999999999e-01
   2.4609200000000001e-01   9.3870900000000002e-01
   2.4609200000000001e-01   9.3870900000000002e-01
   2.5068900000000000e-01   9.3735999999999997e-01
   2.5068900000000000e-01   9.3735999999999997e-01
   2.5533800000000001e-01   9.3607399999999996e-01
   2.5533800000000001e-01   9.3607399999999996e-01
   2.6004200000000000e-01   9.3484900000000004e-01
   2.6004200000000000e-01   9.3484900000000004e-01
   2.6478600000000002e-01   9.3368399999999996e-01
   2.6478600000000002e-01   9.3368399999999996e-01
   2.6957700000000001e-01   9.3257400000000001e-01
   2.6957700000000001e-01   9.3257400000000001e-01
   2.7440100000000001e-01   9.3152000000000001e-01
   2.7440100000000001e-01   9.3152000000000001e-01
   2.7926499999999999e-01   9.3051700000000004e-01
   2.7926499999999999e-01   9.3051700000000004e-01
   2.8415800000000002e-01   9.2956399999999995e-01
   2.8415800000000002e-01   9.2956399999999995e-01
   2.8908400000000001e-01   9.2865799999999998e-01
   2.8908400000000001e-01   9.2865799999999998e-01
   2.9403400000000002e-01   9.2779900000000004e-01
   2.9403400000000002e-01   9.2779900000000004e-01
   2.9901299999999997e-01   9.2698199999999997e-01
   2.9901299999999997e-01   9.2698199999999997e-01
   3.0401400000000001e-01   9.2620800000000003e-01
   3.0401400000000001e-01   9.2620800000000003e-01
   3.0903999999999998e-01   9.2547199999999996e-01
   3.0903999999999998e-01   9.2547199999999996e-01
   3.1408399999999997e-01   9.2477500000000001e-01
   3.1408399999999997e-01   9.2477500000000001e-01
   3.1914900000000002e-01   9.2411399999999999e-01
   3.1914900000000002e-01   9.2411399999999999e-01
   3.2423000000000002e-01   9.2348699999999995e-01
   3.2423000000000002e-01   9.2348699999999995e-01
   3.2932800000000001e-01   9.2289399999999999e-01
   3.2932800000000001e-01   9.2289399999999999e-01
   3.3444299999999999e-01   9.2233200000000004e-01
   3.3444299999999999e-01   9.2233200000000004e-01
   3.3957100000000001e-01   9.2179999999999995e-01
   3.3957100000000001e-01   9.2179999999999995e-01
   3.4471400000000002e-01   9.2129600000000000e-01
   3.4471400000000002e-01   9.2129600000000000e-01
   3.4987099999999999e-01   9.2082100000000000e-01
   3.4987099999999999e-01   9.2082100000000000e-01
   3.5503899999999999e-01   9.2037100000000005e-01
   3.5503899999999999e-01   9.2037100000000005e-01
   3.6021799999999998e-01   9.1994699999999996e-01
   3.6021799999999998e-01   9.1994699999999996e-01
   3.6540899999999998e-01   9.1954700000000000e-01
   3.6540899999999998e-01   9.1954700000000000e-01
   3.7060900000000002e-01   9.1916900000000001e-01
   3.7060900000000002e-01   9.1916900000000001e-01
   3.7581999999999999e-01   9.1881400000000002e-01
   3.7581999999999999e-01   9.1881400000000002e-01
   3.8103799999999999e-01   9.1847999999999996e-01
   3.8103799999999999e-01   9.1847999999999996e-01
   3.8626700000000003e-01   9.1816699999999996e-01
   3.8626700000000003e-01   9.1816699999999996e-01
   3.9150200000000002e-01   9.1787200000000002e-01
   3.9150200000000002e-01   9.1787200000000002e-01
   3.9674500000000001e-01   9.1759700000000000e-01
   3.9674500000000001e-01   9.1759700000000000e-01
   4.0199499999999999e-01   9.1733900000000002e-01
   4.0199499999999999e-01   9.1733900000000002e-01
   4.0725200000000000e-01   9.1709900000000000e-01
   4.0725200000000000e-01   9.1709900000000000e-01
   4.1251399999999999e-01   9.1687600000000002e-01
   4.1251399999999999e-01   9.1687600000000002e-01
   4.1778300000000002e-01   9.1666800000000004e-01
   4.1778300000000002e-01   9.1666800000000004e-01
   4.2305700000000002e-01   9.1647699999999999e-01
   4.2305700000000002e-01   9.1647699999999999e-01
   4.2833599999999999e-01   9.1630000000000000e-01
   4.2833599999999999e-01   9.1630000000000000e-01
   4.3361899999999998e-01   9.1613800000000001e-01
   4.3361899999999998e-01   9.1613800000000001e-01
   4.3890699999999999e-01   9.1598900000000005e-01
   4.3890699999999999e-01   9.1598900000000005e-01
   4.4419799999999998e-01   9.1585499999999997e-01
   4.4419799999999998e-01   9.1585499999999997e-01
   4.4949400000000000e-01   9.1573400000000005e-01
   4.4949400000000000e-01   9.1573400000000005e-01
   4.5479100000000000e-01   9.1562600000000005e-01
   4.5479100000000000e-01   9.1562600000000005e-01
   4.6009299999999997e-01   9.1553099999999998e-01
   4.6009299999999997e-01   9.1553099999999998e-01
   4.6539599999999998e-01   9.1544800000000004e-01
   4.6539599999999998e-01   9.1544800000000004e-01
   4.7070200000000001e-01   9.1537800000000002e-01
   4.7070200000000001e-01   9.1537800000000002e-01
   4.7600999999999999e-01   9.1531899999999999e-01
   4.7600999999999999e-01   9.1531899999999999e-01
   4.8131800000000002e-01   9.1527300000000000e-01
   4.8131800000000002e-01   9.1527300000000000e-01
   4.8662899999999998e-01   9.1523800000000000e-01
   4.8662899999999998e-01   9.1523800000000000e-01
   4.9193900000000002e-01   9.1521500000000000e-01
   4.9193900000000002e-01   9.1521500000000000e-01
   4.9725100000000000e-01   9.1520400000000002e-01
   4.9725100000000000e-01   9.1520400000000002e-01
   5.0256199999999995e-01   9.1520400000000002e-01
   5.0256199999999995e-01   9.1520400000000002e-01
   5.0787300000000002e-01   9.1521600000000003e-01
   5.0787300000000002e-01   9.1521600000000003e-01
   5.1318399999999997e-01   9.1523900000000002e-01
   5.1318399999999997e-01   9.1523900000000002e-01
   5.1849400000000001e-01   9.1527400000000003e-01
   5.1849400000000001e-01   9.1527400000000003e-01
   5.2380300000000002e-01   9.1532100000000005e-01
   5.2380300000000002e-01   9.1532100000000005e-01
   5.2910999999999997e-01   9.1537999999999997e-01
   5.2910999999999997e-01   9.1537999999999997e-01
   5.3441600000000000e-01   9.1545100000000001e-01
   5.3441600000000000e-01   9.1545100000000001e-01
   5.3971899999999995e-01   9.1553399999999996e-01
   5.3971899999999995e-01   9.1553399999999996e-01
   5.4501999999999995e-01   9.1563000000000005e-01
   5.4501999999999995e-01   9.1563000000000005e-01
   5.5031799999999997e-01   9.1573800000000005e-01
   5.5031799999999997e-01   9.1573800000000005e-01
   5.5561300000000002e-01   9.1585899999999998e-01
   5.5561300000000002e-01   9.1585899999999998e-01
   5.6090499999999999e-01   9.1599399999999997e-01
   5.6090499999999999e-01   9.1599399999999997e-01
   5.6619299999999995e-01   9.1614200000000001e-01
   5.6619299999999995e-01   9.1614200000000001e-01
   5.7147700000000001e-01   9.1630500000000004e-01
   5.7147700000000001e-01   9.1630500000000004e-01
   5.7675500000000002e-01   9.1648200000000002e-01
   5.7675500000000002e-01   9.1648200000000002e-01
   5.8203000000000005e-01   9.1667399999999999e-01
   5.8203000000000005e-01   9.1667399999999999e-01
   5.8729900000000002e-01   9.1688199999999997e-01
   5.8729900000000002e-01   9.1688199999999997e-01
   5.9256100000000000e-01   9.1710499999999995e-01
   5.9256100000000000e-01   9.1710499999999995e-01
   5.9781899999999999e-01   9.1734599999999999e-01
   5.9781899999999999e-01   9.1734599999999999e-01
   6.0306899999999997e-01   9.1760299999999995e-01
   6.0306899999999997e-01   9.1760299999999995e-01
   6.0831299999999999e-01   9.1787900000000000e-01
   6.0831299999999999e-01   9.1787900000000000e-01
   6.1354799999999998e-01   9.1817300000000002e-01
   6.1354799999999998e-01   9.1817300000000002e-01
   6.1877599999999999e-01   9.1848700000000005e-01
   6.1877599999999999e-01   9.1848700000000005e-01
   6.2399600000000000e-01   9.1882100000000000e-01
   6.2399600000000000e-01   9.1882100000000000e-01
   6.2920600000000004e-01   9.1917599999999999e-01
   6.2920600000000004e-01   9.1917599999999999e-01
   6.3440700000000005e-01   9.1955299999999995e-01
   6.3440700000000005e-01   9.1955299999999995e-01
   6.3959699999999997e-01   9.1995300000000002e-01
   6.3959699999999997e-01   9.1995300000000002e-01
   6.4477700000000004e-01   9.2037700000000000e-01
   6.4477700000000004e-01   9.2037700000000000e-01
   6.4994600000000002e-01   9.2082600000000003e-01
   6.4994600000000002e-01   9.2082600000000003e-01
   6.5510199999999996e-01   9.2130100000000004e-01
   6.5510199999999996e-01   9.2130100000000004e-01
   6.6024600000000000e-01   9.2180399999999996e-01
   6.6024600000000000e-01   9.2180399999999996e-01
   6.6537500000000005e-01   9.2233600000000004e-01
   6.6537500000000005e-01   9.2233600000000004e-01
   6.7049099999999995e-01   9.2289699999999997e-01
   6.7049099999999995e-01   9.2289699999999997e-01
   6.7558900000000000e-01   9.2349000000000003e-01
   6.7558900000000000e-01   9.2349000000000003e-01
   6.8067200000000005e-01   9.2411600000000005e-01
   6.8067200000000005e-01   9.2411600000000005e-01
   6.8573799999999996e-01   9.2477699999999996e-01
   6.8573799999999996e-01   9.2477699999999996e-01
   6.9078200000000001e-01   9.2547299999999999e-01
   6.9078200000000001e-01   9.2547299999999999e-01
   6.9580799999999998e-01   9.2620700000000000e-01
   6.9580799999999998e-01   9.2620700000000000e-01
   7.0080900000000002e-01   9.2698100000000005e-01
   7.0080900000000002e-01   9.2698100000000005e-01
   7.0578799999999997e-01   9.2779599999999995e-01
   7.0578799999999997e-01   9.2779599999999995e-01
   7.1074300000000001e-01   9.2865500000000001e-01
   7.1074300000000001e-01   9.2865500000000001e-01
   7.1566900000000000e-01   9.2955900000000002e-01
   7.1566900000000000e-01   9.2955900000000002e-01
   7.2056200000000004e-01   9.3050999999999995e-01
   7.2056200000000004e-01   9.3050999999999995e-01
   7.2542700000000004e-01   9.3151200000000001e-01
   7.2542700000000004e-01   9.3151200000000001e-01
   7.3025300000000004e-01   9.3256499999999998e-01
   7.3025300000000004e-01   9.3256499999999998e-01
   7.3504499999999995e-01   9.3367299999999998e-01
   7.3504499999999995e-01   9.3367299999999998e-01
   7.3979099999999998e-01   9.3483600000000000e-01
   7.3979099999999998e-01   9.3483600000000000e-01
   7.4449600000000005e-01   9.3606000000000000e-01
   7.4449600000000005e-01   9.3606000000000000e-01
   7.4914700000000001e-01   9.3734300000000004e-01
   7.4914700000000001e-01   9.3734300000000004e-01
   7.5374900000000000e-01   9.3869100000000005e-01
   7.5374900000000000e-01   9.3869100000000005e-01
   7.5828700000000004e-01   9.4010400000000005e-01
   7.5828700000000004e-01   9.4010400000000005e-01
   7.6276900000000003e-01   9.4158600000000003e-01
   7.6276900000000003e-01   9.4158600000000003e-01
   7.6717400000000002e-01   9.4313499999999995e-01
   7.6717400000000002e-01   9.4313499999999995e-01
   7.7151000000000003e-01   9.4475799999999999e-01
   7.7151000000000003e-01   9.4475799999999999e-01
   7.7576000000000001e-01   9.4645199999999996e-01
   7.7576000000000001e-01   9.4645199999999996e-01
   7.7992799999999995e-01   9.4822200000000001e-01
   7.7992799999999995e-01   9.4822200000000001e-01
   7.8399300000000005e-01   9.5006400000000002e-01
   7.8399300000000005e-01   9.5006400000000002e-01
   7.8796400000000000e-01   9.5198600000000000e-01
   7.8796400000000000e-01   9.5198600000000000e-01
   7.9181900000000005e-01   9.5397799999999999e-01
   7.9181900000000005e-01   9.5397799999999999e-01
   7.9556499999999997e-01   9.5604900000000004e-01
   7.9556499999999997e-01   9.5604900000000004e-01
   7.9918299999999998e-01   9.5819100000000001e-01
   7.9918299999999998e-01   9.5819100000000001e-01
   8.0267900000000003e-01   9.6040999999999999e-01
   8.0267900000000003e-01   9.6040999999999999e-01
   8.0603800000000003e-01   9.6269700000000002e-01
   8.0603800000000003e-01   9.6269700000000002e-01
   8.0926600000000004e-01   9.6506000000000003e-01
   8.0926600000000004e-01   9.6506000000000003e-01
   8.1235000000000002e-01   9.6749099999999999e-01
   8.1235000000000002e-01   9.6749099999999999e-01
   8.1530000000000002e-01   9.6999800000000003e-01
   8.1530000000000002e-01   9.6999800000000003e-01
   8.1810700000000003e-01   9.7257499999999997e-01
   8.1810700000000003e-01   9.7257499999999997e-01
   8.2077900000000004e-01   9.7523300000000002e-01
   8.2077900000000004e-01   9.7523300000000002e-01
   8.2331500000000002e-01   9.7797400000000001e-01
   8.2331500000000002e-01   9.7797400000000001e-01
   8.2571700000000003e-01   9.8080699999999998e-01
   8.2571700000000003e-01   9.8080699999999998e-01
   8.2798799999999995e-01   9.8374200000000001e-01
   8.2798799999999995e-01   9.8374200000000001e-01
   8.3013000000000003e-01   9.8679099999999997e-01
   8.3013000000000003e-01   9.8679099999999997e-01
   8.3213800000000004e-01   9.8996499999999998e-01
   8.3213800000000004e-01   9.8996499999999998e-01
   8.3401199999999998e-01   9.9328200000000000e-01
   8.3401199999999998e-01   9.9328200000000000e-01
   8.3574300000000001e-01   9.9675400000000003e-01
   8.3574300000000001e-01   9.9675400000000003e-01
   8.3731999999999995e-01   1.0003899999999999e+00
   8.3731999999999995e-01   1.0003899999999999e+00
   8.3873299999999995e-01   1.0042199999999999e+00
   8.3873299999999995e-01   1.0042199999999999e+00
   8.3996099999999996e-01   1.0082199999999999e+00
   8.3996099999999996e-01   1.0082199999999999e+00
   8.4098799999999996e-01   1.0124200000000001e+00
   8.4098799999999996e-01   1.0124200000000001e+00
   8.4179499999999996e-01   1.0168200000000001e+00
   8.4179499999999996e-01   1.0168200000000001e+00
   8.4236100000000003e-01   1.0213900000000000e+00
   8.4236100000000003e-01   1.0213900000000000e+00
   8.4267000000000003e-01   1.0261400000000001e+00
   8.4267000000000003e-01   1.0261400000000001e+00
   8.4270699999999998e-01   1.0310500000000000e+00
   8.4270699999999998e-01   1.0310500000000000e+00
   8.4246399999999999e-01   1.0360900000000000e+00
   8.4246399999999999e-01   1.0360900000000000e+00
   8.4193600000000002e-01   1.0412399999999999e+00
   8.4193600000000002e-01   1.0412399999999999e+00
   8.4112500000000001e-01   1.0464800000000001e+00
   8.4112500000000001e-01   1.0464800000000001e+00
   8.4003700000000003e-01   1.0517900000000000e+00
   8.4003700000000003e-01   1.0517900000000000e+00
   8.3868600000000004e-01   1.0571200000000001e+00
   8.3868600000000004e-01   1.0571200000000001e+00
   8.3707799999999999e-01   1.0624800000000001e+00
   8.3707799999999999e-01   1.0624800000000001e+00
   8.3523800000000004e-01   1.0678300000000001e+00
   8.3523800000000004e-01   1.0678300000000001e+00
   8.3317500000000000e-01   1.0731700000000000e+00
   8.3317500000000000e-01   1.0731700000000000e+00
   8.3091300000000001e-01   1.0784800000000001e+00
   8.3091300000000001e-01   1.0784800000000001e+00
   8.2846299999999995e-01   1.0837500000000000e+00
   8.2846299999999995e-01   1.0837500000000000e+00
   8.2584599999999997e-01   1.0889700000000000e+00
   8.2584599999999997e-01   1.0889700000000000e+00
   8.2307699999999995e-01   1.0941300000000000e+00
   8.2307699999999995e-01   1.0941300000000000e+00
   8.2016400000000000e-01   1.0992500000000001e+00
   8.2016400000000000e-01   1.0992500000000001e+00
   8.1712700000000005e-01   1.1042900000000000e+00
   8.1712700000000005e-01   1.1042900000000000e+00
   8.1396999999999997e-01   1.1092800000000000e+00
   8.1396999999999997e-01   1.1092800000000000e+00
   8.1071099999999996e-01   1.1142000000000001e+00
   8.1071099999999996e-01   1.1142000000000001e+00
   8.0735000000000001e-01   1.1190500000000001e+00
   8.0735000000000001e-01   1.1190500000000001e+00
   8.0390200000000001e-01   1.1238400000000000e+00
   8.0390200000000001e-01   1.1238400000000000e+00
   8.0036900000000000e-01   1.1285600000000000e+00
   8.0036900000000000e-01   1.1285600000000000e+00
   7.9675900000000000e-01   1.1332199999999999e+00
   7.9675900000000000e-01   1.1332199999999999e+00
   7.9307499999999997e-01   1.1378200000000001e+00
   7.9307499999999997e-01   1.1378200000000001e+00
   7.8932599999999997e-01   1.1423399999999999e+00
   7.8932599999999997e-01   1.1423399999999999e+00
   7.8550799999999998e-01   1.1468100000000001e+00
   7.8550799999999998e-01   1.1468100000000001e+00
   7.8163300000000002e-01   1.1512100000000001e+00
   7.8163300000000002e-01   1.1512100000000001e+00
   7.7769500000000003e-01   1.1555500000000001e+00
   7.7769500000000003e-01   1.1555500000000001e+00
   7.7370499999999998e-01   1.1598299999999999e+00
   7.7370499999999998e-01   1.1598299999999999e+00
   7.6965799999999995e-01   1.1640400000000000e+00
   7.6965799999999995e-01   1.1640400000000000e+00
   7.6556100000000005e-01   1.1681999999999999e+00
   7.6556100000000005e-01   1.1681999999999999e+00
   7.6141199999999998e-01   1.1722900000000001e+00
   7.6141199999999998e-01   1.1722900000000001e+00
   7.5721499999999997e-01   1.1763100000000000e+00
   7.5721499999999997e-01   1.1763100000000000e+00
   7.5296700000000005e-01   1.1802800000000000e+00
   7.5296700000000005e-01   1.1802800000000000e+00
   7.4867499999999998e-01   1.1841800000000000e+00
   7.4867499999999998e-01   1.1841800000000000e+00
   7.4433600000000000e-01   1.1880200000000001e+00
   7.4433600000000000e-01   1.1880200000000001e+00
   7.3995000000000000e-01   1.1918000000000000e+00
   7.3995000000000000e-01   1.1918000000000000e+00
   7.3552099999999998e-01   1.1955199999999999e+00
   7.3552099999999998e-01   1.1955199999999999e+00
   7.3104499999999994e-01   1.1991700000000001e+00
   7.3104499999999994e-01   1.1991700000000001e+00
   7.2652899999999998e-01   1.2027500000000000e+00
   7.2652899999999998e-01   1.2027500000000000e+00
   7.2196700000000003e-01   1.2062800000000000e+00
   7.2196700000000003e-01   1.2062800000000000e+00
   7.1736400000000000e-01   1.2097300000000000e+00
   7.1736400000000000e-01   1.2097300000000000e+00
   7.1271600000000002e-01   1.2131200000000000e+00
   7.1271600000000002e-01   1.2131200000000000e+00
   7.0802900000000002e-01   1.2164500000000000e+00
   7.0802900000000002e-01   1.2164500000000000e+00
   7.0330000000000004e-01   1.2197000000000000e+00
   7.0330000000000004e-01   1.2197000000000000e+00
   6.9852899999999996e-01   1.2228900000000000e+00
   6.9852899999999996e-01   1.2228900000000000e+00
   6.9372000000000000e-01   1.2260100000000000e+00
   6.9372000000000000e-01   1.2260100000000000e+00
   6.8886700000000001e-01   1.2290600000000000e+00
   6.8886700000000001e-01   1.2290600000000000e+00
   6.8397799999999997e-01   1.2320400000000000e+00
   6.8397799999999997e-01   1.2320400000000000e+00
   6.7905099999999996e-01   1.2349399999999999e+00
   6.7905099999999996e-01   1.2349399999999999e+00
   6.7408100000000004e-01   1.2377800000000001e+00
   6.7408100000000004e-01   1.2377800000000001e+00
   6.6907700000000003e-01   1.2405400000000000e+00
   6.6907700000000003e-01   1.2405400000000000e+00
   6.6403299999999998e-01   1.2432200000000000e+00
   6.6403299999999998e-01   1.2432200000000000e+00
   6.5895400000000004e-01   1.2458300000000000e+00
   6.5895400000000004e-01   1.2458300000000000e+00
   6.5384100000000001e-01   1.2483599999999999e+00
   6.5384100000000001e-01   1.2483599999999999e+00
   6.4868800000000004e-01   1.2508200000000000e+00
   6.4868800000000004e-01   1.2508200000000000e+00
   6.4350399999999996e-01   1.2531900000000000e+00
   6.4350399999999996e-01   1.2531900000000000e+00
   6.3828700000000005e-01   1.2554900000000000e+00
   6.3828700000000005e-01   1.2554900000000000e+00
   6.3303399999999999e-01   1.2577100000000001e+00
   6.3303399999999999e-01   1.2577100000000001e+00
   6.2775099999999995e-01   1.2598400000000001e+00
   6.2775099999999995e-01   1.2598400000000001e+00
   6.2243700000000002e-01   1.2618900000000000e+00
   6.2243700000000002e-01   1.2618900000000000e+00
   6.1709199999999997e-01   1.2638600000000000e+00
   6.1709199999999997e-01   1.2638600000000000e+00
   6.1172000000000004e-01   1.2657400000000001e+00
   6.1172000000000004e-01   1.2657400000000001e+00
   6.0631900000000005e-01   1.2675300000000000e+00
   6.0631900000000005e-01   1.2675300000000000e+00
   6.0088900000000001e-01   1.2692500000000000e+00
   6.0088900000000001e-01   1.2692500000000000e+00
   5.9543599999999997e-01   1.2708699999999999e+00
   5.9543599999999997e-01   1.2708699999999999e+00
   5.8995900000000001e-01   1.2724000000000000e+00
   5.8995900000000001e-01   1.2724000000000000e+00
   5.8445599999999998e-01   1.2738499999999999e+00
   5.8445599999999998e-01   1.2738499999999999e+00
   5.7893399999999995e-01   1.2752100000000000e+00
   5.7893399999999995e-01   1.2752100000000000e+00
   5.7338699999999998e-01   1.2764800000000001e+00
   5.7338699999999998e-01   1.2764800000000001e+00
   5.6782600000000005e-01   1.2776500000000000e+00
   5.6782600000000005e-01   1.2776500000000000e+00
   5.6224200000000002e-01   1.2787400000000000e+00
   5.6224200000000002e-01   1.2787400000000000e+00
   5.5664400000000003e-01   1.2797300000000000e+00
   5.5664400000000003e-01   1.2797300000000000e+00
   5.5103300000000000e-01   1.2806299999999999e+00
   5.5103300000000000e-01   1.2806299999999999e+00
   5.4540400000000000e-01   1.2814300000000001e+00
   5.4540400000000000e-01   1.2814300000000001e+00
   5.3976500000000005e-01   1.2821499999999999e+00
   5.3976500000000005e-01   1.2821499999999999e+00
   5.3411200000000003e-01   1.2827700000000000e+00
   5.3411200000000003e-01   1.2827700000000000e+00
   5.2845399999999998e-01   1.2832900000000000e+00
   5.2845399999999998e-01   1.2832900000000000e+00
   5.2278700000000000e-01   1.2837200000000000e+00
   5.2278700000000000e-01   1.2837200000000000e+00
   5.1711099999999999e-01   1.2840499999999999e+00
   5.1711099999999999e-01   1.2840499999999999e+00
   5.1143400000000006e-01   1.2842899999999999e+00
   5.1143400000000006e-01   1.2842899999999999e+00
   5.0575300000000001e-01   1.2844400000000000e+00
   5.0575300000000001e-01   1.2844400000000000e+00
   5.0006600000000001e-01   1.2844899999999999e+00
