8.104204469510484898e+00
7.662784525347772657e+00
7.662784525350357256e+00
8.104203792960298358e+00
8.094060318847006386e+00
7.351627583404560795e+00
7.593434208792792184e+00
7.593434208794137774e+00
7.351627583402349231e+00
8.094060318840096357e+00
7.662784525347768216e+00
7.593434208792792184e+00
8.013267672769565308e+00
8.013267672772691697e+00
7.593434208797617657e+00
7.677087775145212234e+00
7.662784525350359033e+00
7.593434208794134221e+00
8.013267672772697026e+00
8.013267672774759376e+00
7.593434208798969465e+00
7.677087775147812820e+00
8.104203792960301911e+00
7.351627583402347454e+00
7.593434208797611440e+00
7.593434208798967688e+00
7.351627572456103543e+00
8.094059642289970213e+00
8.094060318840099910e+00
7.677087775145206017e+00
7.677087775147804827e+00
8.104203792953295959e+00
8.094059642301758117e+00
7.677087775150681637e+00
7.677087775153148108e+00
8.104203792960317898e+00
7.589086448526987994e+00
7.284379196039903803e+00
7.752410534894518257e+00
7.752410534898119820e+00
7.298728131842900702e+00
7.589086448526304096e+00
8.094060318846997504e+00
7.270722842253955598e+00
8.817726823052845830e+00
8.817726823068207764e+00
7.270722842257678842e+00
8.094060318829384926e+00
7.677087775150683413e+00
7.752410534894514704e+00
7.752410534907304474e+00
7.662784525337433372e+00
7.677087775153144555e+00
7.752410534898121597e+00
7.752410534910903372e+00
7.662784525339874975e+00
8.104203792960310793e+00
7.298728131842900702e+00
8.817726823068213093e+00
8.817726793028448640e+00
7.284379196043561322e+00
8.104204469487907403e+00
7.589086448526298767e+00
7.270722842257673513e+00
7.752410534907302697e+00
7.752410534910897155e+00
7.298728131846551115e+00
7.589086448525595330e+00
8.094060318829390255e+00
7.662784525337436925e+00
7.662784525339879416e+00
8.104203792942675122e+00
8.104203792966320208e+00
7.322820306544179481e+00
7.593434208792803730e+00
7.593434208794129781e+00
7.351627572453764969e+00
8.094059642295963641e+00
8.104203792966321984e+00
7.298728131843085443e+00
8.817726793001812169e+00
8.817726823068438691e+00
7.284379196043612836e+00
8.104204469493922147e+00
7.322820306544179481e+00
8.817726793001817498e+00
8.817726793016760212e+00
7.322820317483330399e+00
7.593434208792801954e+00
7.593434208800548646e+00
7.593434208794126228e+00
7.593434208801871144e+00
7.351627572453760529e+00
8.817726823068442243e+00
8.817726823083040344e+00
7.351627583392875032e+00
8.094059642295958312e+00
7.284379196043624383e+00
8.817726793016763764e+00
8.817726823083049226e+00
7.270722842261422514e+00
8.094060318823581568e+00
8.104204469493925700e+00
7.322820317483335728e+00
7.593434208800541541e+00
7.593434208801874696e+00
7.351627583392873255e+00
8.094060318823576239e+00
7.677087775150719828e+00
7.593434208792775308e+00
8.013267672769350369e+00
8.013267672772501626e+00
7.593434208797627427e+00
7.677087775145214010e+00
7.662784525347777986e+00
7.752410534894721650e+00
7.752410534907486550e+00
7.662784525337452912e+00
7.593434208792773532e+00
7.593434208800529106e+00
8.013267672769350369e+00
8.013267672792196095e+00
8.013267672772501626e+00
8.013267672795356233e+00
7.593434208797630092e+00
7.593434208805362573e+00
7.677087775145210458e+00
7.752410534907490991e+00
7.752410534920272767e+00
7.662784525332134500e+00
7.662784525337453800e+00
7.593434208800527330e+00
8.013267672792197871e+00
8.013267672795352681e+00
7.593434208805364349e+00
7.677087775134848968e+00
7.677087775153340843e+00
7.593434208793888196e+00
8.013267672772698802e+00
8.013267672774738060e+00
7.593434208798738538e+00
7.677087775147829696e+00
7.662784525350359033e+00
7.752410534898302785e+00
7.752410534911070350e+00
7.662784525340043729e+00
7.593434208793892637e+00
7.593434208801637553e+00
8.013267672772698802e+00
8.013267672795556962e+00
8.013267672774759376e+00
8.013267672797605101e+00
7.593434208798742091e+00
7.593434208806495889e+00
7.677087775147829696e+00
7.752410534911073903e+00
7.752410534923857455e+00
7.662784525334706665e+00
7.662784525340041952e+00
7.593434208801629559e+00
8.013267672795558738e+00
8.013267672797626417e+00
7.593434208806495000e+00
7.677087775137459325e+00
8.104203792960326780e+00
7.351627572453785397e+00
7.593434208797633644e+00
7.593434208798953478e+00
7.322820306544708835e+00
8.104203792953313723e+00
8.104203792960330333e+00
7.298728131842938893e+00
8.817726823068440467e+00
8.817726823079929943e+00
7.298728131846597300e+00
8.104203792942685780e+00
7.351627583402366106e+00
8.817726823068445796e+00
8.817726823083043897e+00
7.351627583392892795e+00
7.593434208797631868e+00
7.593434208805376784e+00
7.593434208798949925e+00
7.593434208806693952e+00
7.322820306544702618e+00
8.817726793028654697e+00
8.817726823094876210e+00
7.351627583395181631e+00
8.104203792953310170e+00
7.298728131846595524e+00
8.817726823083043897e+00
8.817726823094872657e+00
7.270722842261593044e+00
8.094060318817634325e+00
8.104203792942676898e+00
7.351627583392892795e+00
7.593434208805370567e+00
7.593434208806696617e+00
7.351627583395174526e+00
8.094060318817632549e+00
8.094059642294881840e+00
7.677087775145363224e+00
7.677087775147820814e+00
8.094059642289996859e+00
7.589086448526277451e+00
7.284379196043591520e+00
7.752410534907505202e+00
7.752410534911112983e+00
7.284379196043573756e+00
7.589086448525579343e+00
8.094060318840105239e+00
7.270722842257683283e+00
8.817726823068010589e+00
8.817726823083004817e+00
7.270722842261408303e+00
8.094060318822492661e+00
7.677087775145360560e+00
7.752410534907509643e+00
7.752410534920288754e+00
7.662784525332288155e+00
7.677087775147821702e+00
7.752410534911112983e+00
7.752410534923900087e+00
7.677087775137443337e+00
8.094059642290000411e+00
7.284379196043565763e+00
8.817726823083010146e+00
8.817726823094872657e+00
7.284379196047249927e+00
8.104204469480910333e+00
7.589086448525579343e+00
7.270722842261410079e+00
7.752410534920293195e+00
7.752410534923892094e+00
7.298728131850215739e+00
7.589086448524868800e+00
8.094060318822492661e+00
7.662784525332286378e+00
7.677087775137435344e+00
8.104203792935679829e+00
8.104204469492827911e+00
7.662784525337473340e+00
7.662784525340061492e+00
8.104204469487887863e+00
8.094060318829386702e+00
7.351627583395083931e+00
7.593434208800529106e+00
7.593434208801856045e+00
7.351627583392884802e+00
8.094060318822496214e+00
7.662784525337476005e+00
7.593434208800532659e+00
8.013267672792432350e+00
8.013267672795555185e+00
7.593434208805337704e+00
7.677087775134842751e+00
7.662784525340054387e+00
7.593434208801866703e+00
8.013267672795556962e+00
8.013267672797613983e+00
7.593434208806694841e+00
7.662784525334710217e+00
8.104204469487877205e+00
7.351627583392884802e+00
7.593434208805335928e+00
7.593434208806692176e+00
7.351627572446627568e+00
8.094059642272380728e+00
8.094060318822497990e+00
7.677087775134848968e+00
7.662784525334714658e+00
8.104203792935660289e+00
