8.109966924085846074e+00
7.655386773946799117e+00
7.655386773949185653e+00
8.109966858275360124e+00
8.100530433662267882e+00
7.299333702235044186e+00
7.509030775574450089e+00
7.509030775575691763e+00
7.296770962078567457e+00
8.103771185876288641e+00
7.655386773946785794e+00
7.509030775574456307e+00
7.993683093894798475e+00
7.993683093897938186e+00
7.509030775579216055e+00
7.667314440190754254e+00
7.655386773949177659e+00
7.509030775575693539e+00
7.993683093897948844e+00
7.993683093900141756e+00
7.509030775580480821e+00
7.667314440193156777e+00
8.109966858275360124e+00
7.296770962078555023e+00
7.509030775579218719e+00
7.509030775580485262e+00
7.294111494295625775e+00
8.103771120065859535e+00
8.103771185876292193e+00
7.667314440190750702e+00
7.667314440193150560e+00
8.113207610489276078e+00
8.103771120079786172e+00
7.667314440197488423e+00
7.667314440199742620e+00
8.113207610498639255e+00
7.526910965690976063e+00
7.271718031616529743e+00
7.744005996245608259e+00
7.744005996249297752e+00
7.283767779565634370e+00
7.526910965688127675e+00
8.103771185885522144e+00
7.260402823683372198e+00
8.989472481599394271e+00
8.988845545435417250e+00
7.260402823688584917e+00
8.100530433642029848e+00
7.667314440197499081e+00
7.744005996245605594e+00
7.744005996263127578e+00
7.655386773933675393e+00
7.667314440199727521e+00
7.744005996249303969e+00
7.744005996266809966e+00
7.655386773935891398e+00
8.113207610498630373e+00
7.283767779565632594e+00
8.988845545435417250e+00
8.988491552938375762e+00
7.271718031621694500e+00
8.109966924060813653e+00
7.526910965688127675e+00
7.260402823688575147e+00
7.744005996263127578e+00
7.744005996266795755e+00
7.283767779570790246e+00
7.526910965685279287e+00
8.100530433642019190e+00
7.655386773933685163e+00
7.655386773935901168e+00
8.109966858255095445e+00
8.113207610504725054e+00
7.266468605886155174e+00
7.509030775574452754e+00
7.509030775575678440e+00
7.294111494295464126e+00
8.103771120071892042e+00
8.109966858281403290e+00
7.283767779565775591e+00
8.988491552906765492e+00
8.988491249226941093e+00
7.271718031621739797e+00
8.109966924066938532e+00
7.269346162838897563e+00
8.989118066943872165e+00
8.989472785317007109e+00
7.272005630611557692e+00
7.509030775574454530e+00
7.509030775582533401e+00
7.509030775575681993e+00
7.509030775583783068e+00
7.294111494295464126e+00
8.988491249226951751e+00
8.989472481636754608e+00
7.299333702223392173e+00
8.103771120071893819e+00
7.271718031621757561e+00
8.989472785316998227e+00
8.988845545454928754e+00
7.260402823693854479e+00
8.100530433634141048e+00
8.109966924066942084e+00
7.272005630611564797e+00
7.509030775582530737e+00
7.509030775583775963e+00
7.296770962070365130e+00
8.103771185857405968e+00
7.667314440197484871e+00
7.509030775574421668e+00
7.993683093894579095e+00
7.993683093897763214e+00
7.509030775579238259e+00
7.667314440190756031e+00
7.655386773946803558e+00
7.744005996245701517e+00
7.744005996263187086e+00
7.655386773933645195e+00
7.509030775574427885e+00
7.509030775582527184e+00
7.993683093894592417e+00
7.993683093919984550e+00
7.993683093897762326e+00
7.993683093923160676e+00
7.509030775579235595e+00
7.509030775587305584e+00
7.667314440190756031e+00
7.744005996263203073e+00
7.744005996280702853e+00
7.655386773927100208e+00
7.655386773933648747e+00
7.509030775582528072e+00
7.993683093919975668e+00
7.993683093923155347e+00
7.509030775587310913e+00
7.667314440177601220e+00
7.667314440199916703e+00
7.509030775575459948e+00
7.993683093897946179e+00
7.993683093900119552e+00
7.509030775580260553e+00
7.667314440193164771e+00
7.655386773949189205e+00
7.744005996249492263e+00
7.744005996266972502e+00
7.655386773936046829e+00
7.509030775575465277e+00
7.509030775583543260e+00
7.993683093897951508e+00
7.993683093923355187e+00
7.993683093900131098e+00
7.993683093925513461e+00
7.509030775580268546e+00
7.509030775588368734e+00
7.667314440193167435e+00
7.744005996266969838e+00
7.744005996284486493e+00
7.655386773929476973e+00
7.655386773936031730e+00
7.509030775583536155e+00
7.993683093923357852e+00
7.993683093925532113e+00
7.509030775588360740e+00
7.667314440180005519e+00
8.113207610498692546e+00
7.294111494295479226e+00
7.509030775579245365e+00
7.509030775580463946e+00
7.266468605886675647e+00
8.113207610489292065e+00
8.109966858275392099e+00
7.283767779565661904e+00
8.988491249226967739e+00
8.988491249240896153e+00
7.283767779570840872e+00
8.109966858255152289e+00
7.296770962078547917e+00
8.988845545435644624e+00
8.988845545454932306e+00
7.296770962070366906e+00
7.509030775579243588e+00
7.509030775587329565e+00
7.509030775580455064e+00
7.509030775588545481e+00
7.266468605886674759e+00
8.988491552938572937e+00
8.989472481651111124e+00
7.299333702223491649e+00
8.113207610489293842e+00
7.283767779570823109e+00
8.988845545454942965e+00
8.988845545469290599e+00
7.260402823693989482e+00
8.100530433628158278e+00
8.109966858255145183e+00
7.296770962070360689e+00
7.509030775587318018e+00
7.509030775588547257e+00
7.296770962070451283e+00
8.103771185851421421e+00
8.103771120070561551e+00
7.667314440190945213e+00
7.667314440193161218e+00
8.103771120065864864e+00
7.526910965688099253e+00
7.271718031621706935e+00
7.744005996263310543e+00
7.744005996267022240e+00
7.271718031621706935e+00
7.526910965685249977e+00
8.103771185876281535e+00
7.260402823688595575e+00
8.989472481619289468e+00
8.989472481636701318e+00
7.260402823693849150e+00
8.103771185856073700e+00
7.667314440190936331e+00
7.744005996263316760e+00
7.744005996280822757e+00
7.654088809660170689e+00
7.667314440193160330e+00
7.744005996267015135e+00
7.744005996284506033e+00
7.668612404447094022e+00
8.103771120065864864e+00
7.271718031621698053e+00
8.989472481636720858e+00
8.988491249260635030e+00
7.271718031626904555e+00
8.109966924051517978e+00
7.526910965685247312e+00
7.260402823693839380e+00
7.744005996280813875e+00
7.744005996284506033e+00
7.283767779575997636e+00
7.526910965682387378e+00
8.103771185856073700e+00
7.654088809660166248e+00
7.668612404447075370e+00
8.109966858245794441e+00
8.109966924065593830e+00
7.655386773933666511e+00
7.655386773936056599e+00
8.109966924060858062e+00
8.100530433642067152e+00
7.299333702226847187e+00
7.509030775582528072e+00
7.509030775583753758e+00
7.299333702223390397e+00
8.100530433632808780e+00
7.655386773933676281e+00
7.509030775582526296e+00
7.993683093920201266e+00
7.993683093923348970e+00
7.509030775587294926e+00
7.668612404444687058e+00
7.655386773936047717e+00
7.509030775583758199e+00
7.993683093923350746e+00
7.993683093925515237e+00
7.509030775588552586e+00
7.654088809662370707e+00
8.109966924060854510e+00
7.299333702223386844e+00
7.509030775587295814e+00
7.509030775588545481e+00
7.294111494287469633e+00
8.103771120045655252e+00
8.100530433632807004e+00
7.668612404444697717e+00
7.654088809662370707e+00
8.113207610469048703e+00
