8.106798133843497567e+00
7.652084289868539280e+00
7.652084289870520806e+00
8.106798210272497585e+00
8.098530774149569567e+00
7.280979855176543225e+00
7.435054574698424901e+00
7.435054574699456964e+00
7.279482475455512969e+00
8.097309015850981950e+00
7.652084289868533951e+00
7.435054574698411578e+00
7.943185945259213732e+00
7.943185945262182912e+00
7.435054574703132246e+00
7.663068364748744088e+00
7.652084289870517253e+00
7.435054574699467622e+00
7.943185945262182912e+00
7.943185945264277237e+00
7.435054574704162533e+00
7.663068364750764694e+00
8.106798210272499361e+00
7.279482475455515633e+00
7.435054574703093166e+00
7.435054574704174968e+00
7.280268402529259220e+00
8.097309092280090326e+00
8.097309015850990832e+00
7.663068364748748529e+00
7.663068364750743378e+00
8.105573277509918739e+00
8.097309092293821564e+00
7.663068364756449036e+00
7.663068364758188089e+00
8.105573277519672715e+00
7.509172184512080683e+00
7.323992067397307792e+00
7.785823726463091177e+00
7.785823726466515993e+00
7.336006544499053206e+00
7.509172184511838211e+00
8.097309015860682635e+00
7.312728154995021157e+00
9.032574155484750733e+00
9.033824368857111153e+00
7.312728155001368080e+00
8.098530774128514409e+00
7.663068364756450812e+00
7.785823726463082295e+00
7.785823726482142604e+00
7.652084289853772425e+00
7.663068364758190754e+00
7.785823726466506223e+00
7.785823726485574525e+00
7.652084289855539900e+00
8.105573277519672715e+00
7.336006544499055870e+00
9.033824368857153786e+00
9.033774949234324225e+00
7.323992067404031303e+00
8.106798133818285734e+00
7.509172184511800907e+00
7.312728155001370745e+00
7.785823726482127505e+00
7.785823726485550544e+00
7.336006544505360161e+00
7.509172184511519355e+00
8.098530774128517962e+00
7.652084289853769761e+00
7.652084289855541677e+00
8.106798210251406900e+00
8.105573277525214948e+00
7.255424041823561154e+00
7.435054574698393814e+00
7.435054574699440089e+00
7.280268402528830229e+00
8.097309092285554399e+00
8.106798210278009620e+00
7.336006544498765436e+00
9.033774949202475923e+00
9.041006149449763996e+00
7.323992067403624517e+00
8.106798133823842178e+00
7.257158890799438211e+00
9.032524780320986935e+00
9.025342955276039802e+00
7.256372963715513436e+00
7.435054574698410690e+00
7.435054574706149388e+00
7.435054574699416996e+00
7.435054574707185004e+00
7.280268402528816907e+00
9.041006149449763996e+00
9.032574155522917536e+00
7.280979855165037762e+00
8.097309092285559728e+00
7.323992067403624517e+00
9.025342955276062895e+00
9.033824368877210631e+00
7.312728155007750530e+00
8.098530774120215270e+00
8.106798133823858166e+00
7.256372963715513436e+00
7.435054574706138730e+00
7.435054574707196551e+00
7.279482475446815926e+00
8.097309015831447354e+00
7.663068364756394857e+00
7.435054574698382268e+00
7.943185945259038760e+00
7.943185945262020375e+00
7.435054574703067409e+00
7.663068364748760075e+00
7.652084289868538391e+00
7.785823726463102723e+00
7.785823726482119511e+00
7.652084289853665844e+00
7.435054574698408025e+00
7.435054574706113861e+00
7.943185945259035208e+00
7.943185945285687666e+00
7.943185945262007053e+00
7.943185945288647964e+00
7.435054574703083397e+00
7.435054574710808772e+00
7.663068364748754746e+00
7.785823726482119511e+00
7.785823726501201136e+00
7.652084289846227350e+00
7.652084289853663179e+00
7.435054574706127184e+00
7.943185945285687666e+00
7.943185945288637306e+00
7.435054574710810549e+00
7.663068364733882198e+00
7.663068364758397699e+00
7.435054574699245578e+00
7.943185945262182912e+00
7.943185945264265690e+00
7.435054574703968910e+00
7.663068364750767358e+00
7.652084289870530576e+00
7.785823726466699846e+00
7.785823726485712193e+00
7.652084289855671351e+00
7.435054574699258900e+00
7.435054574706986941e+00
7.943185945262182912e+00
7.943185945288829153e+00
7.943185945264275460e+00
7.943185945290939465e+00
7.435054574703966246e+00
7.435054574711720932e+00
7.663068364750777128e+00
7.785823726485716634e+00
7.785823726504806253e+00
7.652084289848186671e+00
7.652084289855672239e+00
7.435054574706989605e+00
7.943185945288806060e+00
7.943185945290944794e+00
7.435054574711707609e+00
7.663068364735896587e+00
8.105573277519747322e+00
7.280268402528894178e+00
7.435054574703069186e+00
7.435054574704178521e+00
7.255424041824433345e+00
8.105573277509913410e+00
8.106798210272526006e+00
7.336006544499078963e+00
9.041006149449794194e+00
9.041006149463594710e+00
7.336006544505385918e+00
8.106798210251536574e+00
7.279482475455518298e+00
9.033824368857320763e+00
9.033824368877182209e+00
7.279482475446829248e+00
7.435054574703083397e+00
7.435054574710848740e+00
7.435054574704137664e+00
7.435054574711888797e+00
7.255424041824433345e+00
9.033774949234516072e+00
9.032574155537217209e+00
7.280979855165420567e+00
8.105573277509915187e+00
7.336006544505399241e+00
9.033824368877183986e+00
9.033824368891488987e+00
7.312728155008329622e+00
8.098530774114799158e+00
8.106798210251534798e+00
7.279482475446842571e+00
7.435054574710862063e+00
7.435054574711887909e+00
7.279482475447163203e+00
8.097309015825985057e+00
8.097309092284163512e+00
7.663068364748984784e+00
7.663068364750726502e+00
8.097309092280115195e+00
7.509172184511927028e+00
7.323992067403660933e+00
7.785823726482307805e+00
7.785823726485749496e+00
7.323992067403992223e+00
7.509172184511657022e+00
8.097309015850978398e+00
7.312728155001407160e+00
9.032574155505260549e+00
9.032574155522897996e+00
7.312728155007762965e+00
8.097309015830026269e+00
7.663068364748950145e+00
7.785823726482315799e+00
7.785823726501397424e+00
7.651579868426445330e+00
7.663068364750754924e+00
7.785823726485750385e+00
7.785823726504810693e+00
7.663572786155890881e+00
8.097309092280109866e+00
7.323992067403994000e+00
9.032574155522887338e+00
9.041006149483859389e+00
7.323992067410364015e+00
8.106798133808490903e+00
7.509172184511648140e+00
7.312728155007762965e+00
7.785823726501409858e+00
7.785823726504797371e+00
7.336006544511714189e+00
7.509172184511390569e+00
8.097309015830026269e+00
7.651579868426442665e+00
7.663572786155877559e+00
8.106798210241645819e+00
8.106798133822424646e+00
7.652084289853715582e+00
7.652084289855695332e+00
8.106798133818344354e+00
8.098530774128576581e+00
7.280979855167817760e+00
7.435054574706138730e+00
7.435054574707170794e+00
7.280979855165067072e+00
8.098530774118838593e+00
7.652084289853715582e+00
7.435054574706152941e+00
7.943185945285883065e+00
7.943185945288821159e+00
7.435054574710795450e+00
7.663572786153865835e+00
7.652084289855695332e+00
7.435054574707224084e+00
7.943185945288819383e+00
7.943185945290913708e+00
7.435054574711914555e+00
7.651579868428204811e+00
8.106798133818355012e+00
7.280979855165107040e+00
7.435054574710795450e+00
7.435054574711890574e+00
7.280268402520623461e+00
8.097309092259095564e+00
8.098530774118851028e+00
7.663572786153875604e+00
7.651579868428218134e+00
8.105573277488874240e+00
