8.049879045816961565e+00
7.644474418502630542e+00
7.644474418504266566e+00
8.049879077711345587e+00
8.042677007257237776e+00
7.242853240755699140e+00
7.366446476606963500e+00
7.366446476608050631e+00
7.244125773613364849e+00
8.044034273084005093e+00
7.644474418502590574e+00
7.366446476606967053e+00
7.927553203895549849e+00
7.927553203898270340e+00
7.366446476610734706e+00
7.655623898652748061e+00
7.644474418504245250e+00
7.366446476608070171e+00
7.927553203898266787e+00
7.927553203900397527e+00
7.366446476611781868e+00
7.655623898654359216e+00
8.049879077711327824e+00
7.244125773613320440e+00
7.366446476610673422e+00
7.366446476611820948e+00
7.245742830919116528e+00
8.044034304978502803e+00
8.044034273084006870e+00
7.655623898652690329e+00
7.655623898654378756e+00
8.051234064346587616e+00
8.044034304992651485e+00
7.655623898660873117e+00
7.655623898662366145e+00
8.051234064357467801e+00
7.421669559074440592e+00
7.366170345734237124e+00
7.765252975138048797e+00
7.765252975141387459e+00
7.376946685267974146e+00
7.421669559073092337e+00
8.044034273094824883e+00
7.356171744368184662e+00
9.122548020645261602e+00
9.121301058634024628e+00
7.356171744374929489e+00
8.042677007235296216e+00
7.655623898660873117e+00
7.765252975138031921e+00
7.765252975159476989e+00
7.644474418485867950e+00
7.655623898662362592e+00
7.765252975141404335e+00
7.765252975162756144e+00
7.644474418487342327e+00
8.051234064357450038e+00
7.376946685267974146e+00
9.121301058634040615e+00
9.110645548195167365e+00
7.366170345741095637e+00
8.049879045791582755e+00
7.421669559073113653e+00
7.356171744374928601e+00
7.765252975159438797e+00
7.765252975162756144e+00
7.376946685274629267e+00
7.421669559071705891e+00
8.042677007235296216e+00
7.644474418485867950e+00
7.644474418487322787e+00
8.049879077689370277e+00
8.051234064362532195e+00
7.224611577268404083e+00
7.366446476606988369e+00
7.366446476608029315e+00
7.245742830918918465e+00
8.044034304983378902e+00
8.049879077716276754e+00
7.376946685267905757e+00
9.110645548161910412e+00
9.119587071433299386e+00
7.366170345740988168e+00
8.049879045796549448e+00
7.223328401582467251e+00
9.111891530401344141e+00
9.113606497413755392e+00
7.221711344264366339e+00
7.366446476606987481e+00
7.366446476613146110e+00
7.366446476608007998e+00
7.366446476614229688e+00
7.245742830918895372e+00
9.119587071433299386e+00
9.122548020684584813e+00
7.242853240740999787e+00
8.044034304983323835e+00
7.366170345740965075e+00
9.113606497413739405e+00
9.121301058655390648e+00
7.356171744381692967e+00
8.042677007226043173e+00
8.049879045796547672e+00
7.221711344264366339e+00
7.366446476613144334e+00
7.366446476614249228e+00
7.244125773602401175e+00
8.044034273063696006e+00
7.655623898660835813e+00
7.366446476606900440e+00
7.927553203895376654e+00
7.927553203898114909e+00
7.366446476610649441e+00
7.655623898652748949e+00
7.644474418502668733e+00
7.765252975137930669e+00
7.765252975159318893e+00
7.644474418485811995e+00
7.366446476606921756e+00
7.366446476613061733e+00
7.927553203895377543e+00
7.927553203919954328e+00
7.927553203898113132e+00
7.927553203922728109e+00
7.366446476610652105e+00
7.366446476616767214e+00
7.655623898652749837e+00
7.765252975159355309e+00
7.765252975180710671e+00
7.644474418477887667e+00
7.644474418485811107e+00
7.366446476613102590e+00
7.927553203919951663e+00
7.927553203922726333e+00
7.366446476616789418e+00
7.655623898635845137e+00
7.655623898662525129e+00
7.366446476607886318e+00
7.927553203898288992e+00
7.927553203900339795e+00
7.366446476611616667e+00
7.655623898654399184e+00
7.644474418504285218e+00
7.765252975141599734e+00
7.765252975162876048e+00
7.644474418487407164e+00
7.366446476607906746e+00
7.366446476614105343e+00
7.927553203898266787e+00
7.927553203922847125e+00
7.927553203900377987e+00
7.927553203924956549e+00
7.366446476611617555e+00
7.366446476617816153e+00
7.655623898654399184e+00
7.765252975162876936e+00
7.765252975184339768e+00
7.644474418479525468e+00
7.644474418487407164e+00
7.366446476614067151e+00
7.927553203922847125e+00
7.927553203924992076e+00
7.366446476617794836e+00
7.655623898637478497e+00
8.051234064357547737e+00
7.245742830918895372e+00
7.366446476610693850e+00
7.366446476611782757e+00
7.224611577267667784e+00
8.051234064346626695e+00
8.049879077711384667e+00
7.376946685268038983e+00
9.119587071433281622e+00
9.119587071448558291e+00
7.376946685274673676e+00
8.049879077689524820e+00
7.244125773613363961e+00
9.121301058634209369e+00
9.121301058655404859e+00
7.244125773602382523e+00
7.366446476610713390e+00
7.366446476616894223e+00
7.366446476611740124e+00
7.366446476617939609e+00
7.224611577267689988e+00
9.110645548195332566e+00
9.122548020700259386e+00
7.242853240741237819e+00
8.051234064346589392e+00
7.376946685274672788e+00
9.121301058655372884e+00
9.121301058671077655e+00
7.356171744381992283e+00
8.042677007221143981e+00
8.049879077689507056e+00
7.244125773602382523e+00
7.366446476616872907e+00
7.366446476617979577e+00
7.244125773602621443e+00
8.044034273058851880e+00
8.044034304981872552e+00
7.655623898652908821e+00
7.655623898654359216e+00
8.044034304978518790e+00
7.421669559073216682e+00
7.366170345740925107e+00
7.765252975159575577e+00
7.765252975162915128e+00
7.366170345741057446e+00
7.421669559071905731e+00
8.044034273084024633e+00
7.356171744374906396e+00
9.122548020667066382e+00
9.122548020684584813e+00
7.356171744381629019e+00
8.044034273062205642e+00
7.655623898652904380e+00
7.765252975159575577e+00
7.765252975180924722e+00
7.645669389221602330e+00
7.655623898654380532e+00
7.765252975162913351e+00
7.765252975184280260e+00
7.654428927893959234e+00
8.044034304978577410e+00
7.366170345741056558e+00
9.122548020684551062e+00
9.119587071470222739e+00
7.366170345747832471e+00
8.049879045780718556e+00
7.421669559071910172e+00
7.356171744381629019e+00
7.765252975180925610e+00
7.765252975184261608e+00
7.376946685281352778e+00
7.421669559070558364e+00
8.044034273062203866e+00
7.645669389221642298e+00
7.654428927893941470e+00
8.049879077678550487e+00
8.049879045795117705e+00
7.644474418485811995e+00
7.644474418487446243e+00
8.049879045791659138e+00
8.042677007235466746e+00
7.242853240744711485e+00
7.366446476613206507e+00
7.366446476614267880e+00
7.242853240740936727e+00
8.042677007224535046e+00
7.644474418485811995e+00
7.366446476613184302e+00
7.927553203920126634e+00
7.927553203922901304e+00
7.366446476616851591e+00
7.654428927892232615e+00
7.644474418487427592e+00
7.366446476614250116e+00
7.927553203922882652e+00
7.927553203924954772e+00
7.366446476617959149e+00
7.645669389223018975e+00
8.049879045791659138e+00
7.242853240740958931e+00
7.366446476616894223e+00
7.366446476617937833e+00
7.245742830908155518e+00
8.044034304956682035e+00
8.042677007224536823e+00
7.654428927892273471e+00
7.645669389223001211e+00
8.051234064324770401e+00
