8.064533734310614932e+00
7.639623733607429301e+00
7.639623733608951639e+00
8.064533843358498544e+00
8.058206016790872894e+00
7.217708812243867733e+00
7.416823944710023042e+00
7.416823944710840166e+00
7.219950655520150917e+00
8.056982994403341536e+00
7.639623733607526113e+00
7.416823944710023042e+00
7.897524846027548229e+00
7.897524846030194112e+00
7.405253200651707779e+00
7.650182206905117077e+00
7.639623733608951639e+00
7.416823944710840166e+00
7.897524846030147927e+00
7.897524846032476731e+00
7.405253200652675005e+00
7.650182206906448457e+00
8.064533843358455911e+00
7.219950655520150917e+00
7.405253200651706891e+00
7.405253200652675005e+00
7.222599594446030835e+00
8.056983103451358375e+00
8.056982994403341536e+00
7.650182206905117077e+00
7.650182206906447568e+00
8.063307440701985129e+00
8.056983103465690021e+00
7.650182206913849647e+00
7.650182206914934113e+00
8.063307440713163743e+00
7.370590374886360152e+00
7.375681049222594154e+00
7.839579411593850189e+00
7.839579411596616865e+00
7.386710856281367477e+00
7.370590374886961449e+00
8.056982994414578769e+00
7.365420217153416438e+00
9.174026806689425939e+00
9.173320936972055861e+00
7.365420217160813188e+00
8.058206016768890478e+00
7.650182206913800798e+00
7.839579411593848413e+00
7.839579411614803206e+00
7.639623733589963273e+00
7.650182206914885263e+00
7.839579411596616865e+00
7.839579411617524585e+00
7.639623733590958921e+00
8.063307440713121110e+00
7.386710856281368365e+00
9.173320936972015005e+00
9.165973353004437385e+00
7.375681049230497166e+00
8.064533734285285860e+00
7.370590374886961449e+00
7.365420217160962402e+00
7.839579411614707283e+00
7.839579411617524585e+00
7.386710856288836169e+00
7.370590374887465934e+00
8.058206016768846069e+00
7.639623733589866461e+00
7.639623733591004218e+00
8.064533843336445074e+00
8.063307440717910168e+00
7.203910315843715217e+00
7.405253200649170253e+00
7.405253200649988266e+00
7.222599594445875404e+00
8.056983103456010653e+00
8.064533843363244969e+00
7.386710856281045068e+00
9.165973352969050580e+00
9.175504460591605849e+00
7.375681049230125019e+00
8.064533734290174394e+00
7.201650796604711857e+00
9.166678531673714048e+00
9.164495699110338123e+00
7.199001857665446202e+00
7.405253200649170253e+00
7.416823944719581618e+00
7.405253200649988266e+00
7.416823944720350781e+00
7.222599594445874516e+00
9.175504460591646705e+00
9.174026806732538120e+00
7.217708812228644355e+00
8.056983103456008877e+00
7.375681049230125019e+00
9.164495699110338123e+00
9.173320936995256858e+00
7.365420217168505701e+00
8.058206016759212886e+00
8.064533734290176170e+00
7.199001857665446202e+00
7.416823944719581618e+00
7.416823944720301043e+00
7.219950655508275084e+00
8.056982994382874352e+00
7.650182206913755500e+00
7.405253200649168477e+00
7.897524846027407008e+00
7.897524846030003154e+00
7.405253200651755741e+00
7.650182206905068227e+00
7.639623733607523448e+00
7.839579411593941671e+00
7.839579411614851168e+00
7.639623733589725241e+00
7.416823944710071004e+00
7.416823944719581618e+00
7.897524846027405232e+00
7.897524846053427972e+00
7.897524846030052892e+00
7.897524846056121817e+00
7.405253200651755741e+00
7.416823944722119144e+00
7.650182206905022042e+00
7.839579411614852944e+00
7.839579411635666517e+00
7.639623733581318632e+00
7.639623733589676391e+00
7.416823944719581618e+00
7.897524846053427972e+00
7.897524846056120040e+00
7.405253200661424451e+00
7.650182206887287784e+00
7.650182206915128624e+00
7.405253200649836387e+00
7.897524846030147927e+00
7.897524846032429657e+00
7.405253200652524903e+00
7.650182206906542604e+00
7.639623733608952527e+00
7.839579411596853120e+00
7.839579411617621396e+00
7.639623733591103694e+00
7.416823944710636773e+00
7.416823944720251305e+00
7.897524846030195889e+00
7.897524846056214187e+00
7.897524846032476731e+00
7.897524846058546544e+00
7.405253200652427203e+00
7.416823944722737316e+00
7.650182206906494642e+00
7.839579411617762617e+00
7.839579411638673889e+00
7.639623733582793008e+00
7.639623733591103694e+00
7.416823944720251305e+00
7.897524846056169778e+00
7.897524846058403547e+00
7.405253200661996438e+00
7.650182206888713310e+00
8.063307440713259666e+00
7.222599594445927806e+00
7.405253200651858769e+00
7.405253200652476941e+00
7.203910315842882106e+00
8.063307440701890982e+00
8.064533843358500320e+00
7.386710856281468729e+00
9.175504460591724865e+00
9.175504460607120549e+00
7.386710856288836169e+00
8.064533843336540997e+00
7.219950655520205096e+00
9.173320936972302775e+00
9.173320936995297714e+00
7.219950655508221793e+00
7.405253200651807255e+00
7.405253200661475077e+00
7.405253200652478718e+00
7.416823944722889195e+00
7.203910315842882106e+00
9.165973353004483570e+00
9.174026806748303287e+00
7.217708812228687876e+00
8.063307440701890982e+00
7.386710856288835281e+00
9.173320936995338570e+00
9.173320937011148146e+00
7.365420217169035944e+00
8.058206016754558831e+00
8.064533843336540997e+00
7.219950655508275084e+00
7.405253200661475077e+00
7.416823944722888307e+00
7.219950655508270643e+00
8.056982994378218521e+00
8.056983103454404826e+00
7.650182206905405735e+00
7.650182206906544380e+00
8.056983103451266004e+00
7.370590374887162177e+00
7.375681049230122355e+00
7.839579411614995941e+00
7.839579411617667581e+00
7.375681049230548680e+00
7.370590374887715512e+00
8.056982994403295351e+00
7.365420217160911776e+00
9.174026806712996418e+00
9.174026806732456407e+00
7.365420217168505701e+00
8.056982994381401753e+00
7.650182206905404847e+00
7.839579411614994164e+00
7.839579411635811290e+00
7.641457994203661563e+00
7.650182206906495530e+00
7.839579411617667581e+00
7.839579411638672113e+00
7.648347946266658148e+00
8.056983103451310413e+00
7.375681049230547792e+00
9.174026806732497263e+00
9.175504460630559578e+00
7.375681049237979181e+00
8.064533734274020205e+00
7.370590374887765250e+00
7.365420217168505701e+00
7.839579411635811290e+00
7.839579411638675666e+00
7.386710856296252459e+00
7.370590374888369212e+00
8.056982994381401753e+00
7.641457994203611825e+00
7.648347946266659925e+00
8.064533843325175866e+00
8.064533734288659161e+00
7.639623733589771426e+00
7.639623733591103694e+00
8.064533734285383559e+00
8.058206016768986402e+00
7.217708812231887983e+00
7.416823944719634021e+00
7.416823944720351669e+00
7.217708812228535997e+00
8.058206016757699430e+00
7.639623733589721688e+00
7.416823944719634021e+00
7.897524846053615377e+00
7.897524846056263037e+00
7.416823944722120032e+00
7.648347946265234398e+00
7.639623733591103694e+00
7.416823944720351669e+00
7.897524846056263037e+00
7.897524846058405323e+00
7.405253200662146540e+00
7.641457994204798432e+00
8.064533734285385336e+00
7.217708812228535997e+00
7.416823944722120920e+00
7.405253200662146540e+00
7.222599594434047532e+00
8.056983103429329773e+00
8.058206016757608836e+00
7.648347946265234398e+00
7.641457994204846393e+00
8.063307440679928106e+00
