8.050254431729142013e+00
7.618032118754604731e+00
7.618032118755734494e+00
8.044673227138442684e+00
8.044620312650966554e+00
7.205544937137203121e+00
7.378189937444069812e+00
7.378189937444973978e+00
7.208744988276839294e+00
8.045191757834990298e+00
7.618032118754650028e+00
7.378189937444178170e+00
7.902621925643147804e+00
7.902621925645641809e+00
7.367742035323977312e+00
7.628216193168784187e+00
7.618032118755731830e+00
7.378189937444973978e+00
7.902621925645646250e+00
7.902621925647911105e+00
7.367742035324772232e+00
7.628216193169865100e+00
8.044673227138444460e+00
7.208744988276785115e+00
7.367742035323926686e+00
7.367742035324825522e+00
7.213941631912864416e+00
8.039610553244378011e+00
8.045191757835031154e+00
7.628216193168782411e+00
7.628216193169810033e+00
8.045242036284991016e+00
8.039610553260271075e+00
7.628216193177623339e+00
7.628216193178447568e+00
8.045242036297359789e+00
7.397015250911658235e+00
7.373904203935895296e+00
7.822462661592248345e+00
7.822462661594871136e+00
7.384148246022398610e+00
7.397015250909949380e+00
8.045191757847399927e+00
7.364453249220259679e+00
9.206908339458111712e+00
9.207031555959126479e+00
7.364453249227898901e+00
8.044620312627007053e+00
7.628216193177473237e+00
7.822462661592246569e+00
7.822462661614370205e+00
7.618032118736173253e+00
7.628216193178447568e+00
7.822462661594874689e+00
7.822462661616944146e+00
7.618032118737255054e+00
8.045242036297365118e+00
7.384148246022348872e+00
9.207031555959201086e+00
9.196530784496616207e+00
7.373904203944007030e+00
8.050254431701263869e+00
7.397015250909951156e+00
7.364453249227901566e+00
7.822462661614367541e+00
7.822462661616894408e+00
7.384148246030226126e+00
7.397015250908391515e+00
8.044620312626914682e+00
7.618032118736175917e+00
7.618032118737251501e+00
8.044673227114357061e+00
8.045242036302695965e+00
7.197186826174998053e+00
7.367742035321594329e+00
7.367742035322186744e+00
7.213941631912585528e+00
8.039610553249470826e+00
8.044673227143492866e+00
7.384148246022123274e+00
9.196530784461604213e+00
9.211091012468100914e+00
7.373904203943515867e+00
8.050254431706788338e+00
7.193958091897273199e+00
9.196407023416922399e+00
9.192348111495425300e+00
7.188761448248533803e+00
7.367742035321598770e+00
7.378189937453202951e+00
7.367742035322132566e+00
7.378189937453839775e+00
7.213941631912584640e+00
9.211091012468095585e+00
9.206908339501339356e+00
7.205544937122236426e+00
8.039610553249566749e+00
7.373904203943625113e+00
9.192348111495553198e+00
9.207031555982712945e+00
7.364453249235746846e+00
8.044620312616320490e+00
8.050254431706779457e+00
7.188761448248529362e+00
7.378189937453198510e+00
7.378189937453839775e+00
7.208744988264865761e+00
8.045191757812757416e+00
7.628216193177526527e+00
7.367742035321334981e+00
7.902621925643098066e+00
7.902621925645546774e+00
7.367742035323821881e+00
7.628216193168780634e+00
7.618032118754547888e+00
7.822462661592248345e+00
7.822462661614163260e+00
7.618032118736025815e+00
7.378189937444122215e+00
7.378189937453093705e+00
7.902621925643098066e+00
7.902621925669868652e+00
7.902621925645496148e+00
7.902621925672365322e+00
7.367742035323926686e+00
7.378189937455472247e+00
7.628216193168782411e+00
7.822462661614163260e+00
7.822462661636190973e+00
7.618032118727471769e+00
7.618032118736030256e+00
7.378189937453096370e+00
7.902621925669870429e+00
7.902621925672320025e+00
7.367742035332903505e+00
7.628216193150271884e+00
7.628216193178496418e+00
7.367742035322130789e+00
7.902621925645641809e+00
7.902621925647911105e+00
7.367742035324411631e+00
7.628216193169865100e+00
7.618032118755731830e+00
7.822462661595066535e+00
7.822462661617048063e+00
7.618032118737255942e+00
7.378189937444760815e+00
7.378189937453787373e+00
7.902621925645646250e+00
7.902621925672519865e+00
7.902621925647911105e+00
7.902621925674682579e+00
7.367742035324517325e+00
7.378189937456061109e+00
7.628216193169865100e+00
7.822462661617096025e+00
7.822462661639017156e+00
7.618032118728601532e+00
7.618032118737260383e+00
7.378189937453785596e+00
7.902621925672461245e+00
7.902621925674684356e+00
7.367742035333597173e+00
7.628216193151353686e+00
8.045242036297414856e+00
7.213941631912635266e+00
7.367742035324083893e+00
7.367742035324563510e+00
7.197186826174513996e+00
8.045242036285046083e+00
8.044673227138348537e+00
7.384148246022507855e+00
9.211091012468054728e+00
9.211091012483363372e+00
7.384148246030333596e+00
8.044673227114499170e+00
7.208744988276785115e+00
9.207031555959332536e+00
9.207031555982670312e+00
7.208744988264915499e+00
7.367742035324086558e+00
7.367742035333108674e+00
7.367742035324566174e+00
7.378189937456269831e+00
7.197186826174515772e+00
9.196530784496784960e+00
9.206908339517159590e+00
7.205544937122722260e+00
8.045242036284991016e+00
7.384148246030327378e+00
9.207031555982547744e+00
9.207031555998575811e+00
7.364453249236350807e+00
8.044620312611126423e+00
8.044673227114454761e+00
7.208744988264911058e+00
7.367742035333107786e+00
7.378189937456269831e+00
7.208744988265300968e+00
8.045191757807565125e+00
8.039610553247944935e+00
7.628216193168935177e+00
7.628216193169864212e+00
8.039610553244427749e+00
7.397015250910155437e+00
7.373904203943413727e+00
7.822462661614320467e+00
7.822462661617091584e+00
7.373904203943951075e+00
7.397015250908443917e+00
8.045191757835038260e+00
7.364453249227901566e+00
9.206908339482149373e+00
9.206908339501337579e+00
7.364453249235852539e+00
8.045191757811043232e+00
7.628216193168881887e+00
7.822462661614320467e+00
7.822462661636390813e+00
7.620478719432735915e+00
7.628216193169864212e+00
7.822462661617044510e+00
7.822462661639012715e+00
7.625769592446291156e+00
8.039610553244379787e+00
7.373904203943952851e+00
9.206908339501339356e+00
9.211091012507150566e+00
7.373904203951592073e+00
8.050254431689092272e+00
7.397015250908441253e+00
7.364453249235852539e+00
7.822462661636387260e+00
7.822462661639010939e+00
7.384148246037851138e+00
7.397015250906524564e+00
8.045191757811037903e+00
7.620478719432737691e+00
7.625769592446292933e+00
8.044673227102078883e+00
8.050254431705065272e+00
7.618032118736179470e+00
7.618032118737260383e+00
8.050254431701548086e+00
8.044620312626966196e+00
7.205544937125387683e+00
7.378189937453147884e+00
7.378189937453839775e+00
7.205544937122440707e+00
8.044620312614595647e+00
7.618032118736223879e+00
7.378189937453144331e+00
7.902621925669921055e+00
7.902621925672515424e+00
7.378189937455526426e+00
7.625769592445169387e+00
7.618032118737255942e+00
7.378189937453839775e+00
7.902621925672519865e+00
7.902621925674730541e+00
7.367742035333705530e+00
7.620478719433658732e+00
8.050254431701452162e+00
7.205544937122442484e+00
7.378189937455530867e+00
7.367742035333597173e+00
7.213941631900852691e+00
8.039610553220599698e+00
8.044620312614597424e+00
7.625769592445114320e+00
7.620478719433663173e+00
8.045242036261093688e+00
