8.054295567572513193e+00
7.618034716170879683e+00
7.618034716172115139e+00
8.049452743324165382e+00
8.047342322807546466e+00
7.194015733212283159e+00
7.329523807361029597e+00
7.329523807361720600e+00
7.199200934063556545e+00
8.046031411754164253e+00
7.618034716170878795e+00
7.329523807361032262e+00
7.903250041132007020e+00
7.903250041134005421e+00
7.320077052118758587e+00
7.628560987357032808e+00
7.618034716172204845e+00
7.329523807361717935e+00
7.903250041134096016e+00
7.903250041136145931e+00
7.320077052119253302e+00
7.628560987358082635e+00
8.049452743324167159e+00
7.199200934063349600e+00
7.320077052118760363e+00
7.320077052119250638e+00
7.204963573252883613e+00
8.041188587505637031e+00
8.046031411754249518e+00
7.628560987357033696e+00
7.628560987358175005e+00
8.048136621472664842e+00
8.041188587522523079e+00
7.628560987367309920e+00
7.628560987368262047e+00
8.048136621485815212e+00
7.402319240754880347e+00
7.378735977458027229e+00
7.820465145718093147e+00
7.820465145720585376e+00
7.389251200796368657e+00
7.402319240754404284e+00
8.046031411766875863e+00
7.369001041897274895e+00
9.210782511466865330e+00
9.209493506717207012e+00
7.369001041905621996e+00
8.047342322783542556e+00
7.628560987367307256e+00
7.820465145718004329e+00
7.820465145740374879e+00
7.618034716151725227e+00
7.628560987368260271e+00
7.820465145720585376e+00
7.820465145743134450e+00
7.618034716152407348e+00
8.048136621485729947e+00
7.389251200796365104e+00
9.209493506717285172e+00
9.200971883569600607e+00
7.378735977466709173e+00
8.054295567544810908e+00
7.402319240754406948e+00
7.369001041905518079e+00
7.820465145740378432e+00
7.820465145743134450e+00
7.389251200804401343e+00
7.402319240753827856e+00
8.047342322783626045e+00
7.618034716151630192e+00
7.618034716152405572e+00
8.049452743300451019e+00
8.048136621491387643e+00
7.190079480485239039e+00
7.320077052117100358e+00
7.320077052117698102e+00
7.204963573252518572e+00
8.041188587511216568e+00
8.049452743329656101e+00
7.389251200795917462e+00
9.200971883531439133e+00
9.208038477963205182e+00
7.378735977466154061e+00
8.054295567550299850e+00
7.184777704348872973e+00
9.202259592676385935e+00
9.203715917079355435e+00
7.179015065147094532e+00
7.320077052117099470e+00
7.329523807368876653e+00
7.320077052117704319e+00
7.329523807369370481e+00
7.204963573252521236e+00
9.208038477963434332e+00
9.210782511510398507e+00
7.194015733197844931e+00
8.041188587511213015e+00
7.378735977466155838e+00
9.203715917079355435e+00
9.209493506741512903e+00
7.369001041914336803e+00
8.047342322772507828e+00
8.054295567550299850e+00
7.179015065147098973e+00
7.329523807368871324e+00
7.329523807369469957e+00
7.199200934051548373e+00
8.046031411731737748e+00
7.628560987367220214e+00
7.320077052117101246e+00
7.903250041131645531e+00
7.903250041134096016e+00
7.320077052118760363e+00
7.628560987357317913e+00
7.618034716171067089e+00
7.820465145718092259e+00
7.820465145740461921e+00
7.618034716151726116e+00
7.329523807360936338e+00
7.329523807368870436e+00
7.903250041131643755e+00
7.903250041157468431e+00
7.903250041134096016e+00
7.903250041159742167e+00
7.320077052118758587e+00
7.329523807370322608e+00
7.628560987357317025e+00
7.820465145740464585e+00
7.820465145762923953e+00
7.618034716141906415e+00
7.618034716151727004e+00
7.329523807368971688e+00
7.903250041157562578e+00
7.903250041159744832e+00
7.320077052126497286e+00
7.628560987337995591e+00
7.628560987368270041e+00
7.320077052117799354e+00
7.903250041134005421e+00
7.903250041136325343e+00
7.320077052119248862e+00
7.628560987358172341e+00
7.618034716172204845e+00
7.820465145720776334e+00
7.820465145743325408e+00
7.618034716152597419e+00
7.329523807361623788e+00
7.329523807369374033e+00
7.903250041134009862e+00
7.903250041160015726e+00
7.903250041136234749e+00
7.903250041162248607e+00
7.320077052119253302e+00
7.329523807370820876e+00
7.628560987358175005e+00
7.820465145743323632e+00
7.820465145765790105e+00
7.618034716142953577e+00
7.618034716152596530e+00
7.329523807369269228e+00
7.903250041160016615e+00
7.903250041162155348e+00
7.320077052127198058e+00
7.628560987338948607e+00
8.048136621485729947e+00
7.204963573252523013e+00
7.320077052118658223e+00
7.320077052119349226e+00
7.190079480485120023e+00
8.048136621472664842e+00
8.049452743324346571e+00
7.389251200796365104e+00
9.208038477963357948e+00
9.208038477979771486e+00
7.389251200804303643e+00
8.049452743300363977e+00
7.199200934063349600e+00
9.209493506717365108e+00
9.209493506741436519e+00
7.199200934051346756e+00
7.320077052118656447e+00
7.320077052126499950e+00
7.320077052119346561e+00
7.329523807371016275e+00
7.190079480485121799e+00
9.200971883569909693e+00
9.210782511527272121e+00
7.194015733198598106e+00
8.048136621472668395e+00
7.389251200804302755e+00
9.209493506741669222e+00
9.209493506758239079e+00
7.369001041914896355e+00
8.047342322766672496e+00
8.049452743300367530e+00
7.199200934051251721e+00
7.320077052126500838e+00
7.329523807371010058e+00
7.199200934052202072e+00
8.046031411725905969e+00
8.041188587509800811e+00
7.628560987357501766e+00
7.628560987358175005e+00
8.041188587505637031e+00
7.402319240754215990e+00
7.378735977466064355e+00
7.820465145740829627e+00
7.820465145743603408e+00
7.378735977466812201e+00
7.402319240754019702e+00
8.046031411753981288e+00
7.369001041905615779e+00
9.210782511491483859e+00
9.210782511510394954e+00
7.369001041914145844e+00
8.046031411729890337e+00
7.628560987357503542e+00
7.820465145740834068e+00
7.820465145763283665e+00
7.621623048093280062e+00
7.628560987358172341e+00
7.820465145743601632e+00
7.820465145765881587e+00
7.624972655388041254e+00
8.041188587505633478e+00
7.378735977466712725e+00
9.210782511510473114e+00
9.208038478004153760e+00
7.378735977475132657e+00
8.054295567531502442e+00
7.402319240754016150e+00
7.369001041914048145e+00
7.820465145763288994e+00
7.820465145765881587e+00
7.389251200812704923e+00
7.402319240753349128e+00
8.046031411729890337e+00
7.621623048093278285e+00
7.624972655388043918e+00
8.049452743287305978e+00
8.054295567548621193e+00
7.618034716151731445e+00
7.618034716152505936e+00
8.054295567544549783e+00
8.047342322783547885e+00
7.194015733200671114e+00
7.329523807368875765e+00
7.329523807369370481e+00
7.194015733197948848e+00
8.047342322770834500e+00
7.618034716151729668e+00
7.329523807368870436e+00
7.903250041157479089e+00
7.903250041160016615e+00
7.329523807370232902e+00
7.624972655386715203e+00
7.618034716152503272e+00
7.329523807369468180e+00
7.903250041160015726e+00
7.903250041162158901e+00
7.320077052127385464e+00
7.621623048093772113e+00
8.054295567544549783e+00
7.194015733197853812e+00
7.329523807370232014e+00
7.320077052127389905e+00
7.204963573241196961e+00
8.041188587481709504e+00
8.047342322770742129e+00
7.624972655386715203e+00
7.621623048093777442e+00
8.048136621448756856e+00
