8.032142265196061004e+00
7.610635692825854726e+00
7.610635692826831722e+00
8.034704805713889897e+00
8.025529302702384626e+00
7.175734442306310967e+00
7.299297730283911712e+00
7.299297730284508567e+00
7.181429837157793372e+00
8.025757593912180354e+00
7.610635692825934662e+00
7.299297730283911712e+00
7.881091445994425015e+00
7.881091445996596612e+00
7.290691014285587634e+00
7.624157467843158287e+00
7.610635692826833498e+00
7.299297730284505015e+00
7.881091445996598388e+00
7.881091445998734457e+00
7.290691014286267979e+00
7.624157467844050906e+00
8.034704805713959175e+00
7.181429837157790708e+00
7.290691014285589411e+00
7.290691014286264426e+00
7.187739458552358407e+00
8.028320134430005695e+00
8.025757593912256738e+00
7.624157467843241776e+00
7.624157467844050906e+00
8.034929783598585118e+00
8.028320134447179512e+00
7.624157467852888281e+00
7.624157467853464709e+00
8.034929783611948650e+00
7.387850078663714015e+00
7.385582341312058041e+00
7.837091814027676406e+00
7.837091814030106462e+00
7.395518177095810053e+00
7.387850078662645537e+00
8.025757593925419542e+00
7.376445750752966823e+00
9.244979417674962008e+00
9.244119697414511450e+00
7.376445750761472908e+00
8.025529302678302557e+00
7.624157467852727521e+00
7.837091814027676406e+00
7.837091814050909377e+00
7.610635692806575037e+00
7.624157467853466486e+00
7.837091814030027415e+00
7.837091814053412264e+00
7.610635692807076857e+00
8.034929783611948650e+00
7.395518177095811829e+00
9.244119697414509673e+00
9.239743705772278659e+00
7.385582341321011768e+00
8.032142265168152662e+00
7.387850078662565600e+00
7.376445750761388531e+00
7.837091814050909377e+00
7.837091814053414929e+00
7.395518177104038138e+00
7.387850078661335473e+00
8.025529302678304333e+00
7.610635692806575037e+00
7.610635692807075969e+00
8.034704805689074192e+00
8.034929783617785759e+00
7.174199544092370928e+00
7.290691014283497751e+00
7.290691014284181648e+00
7.187739458552051985e+00
8.028320134435622535e+00
8.034704805719497855e+00
7.395518177095181223e+00
9.239743705735012469e+00
9.245528785752551215e+00
7.385582341320548139e+00
8.032142265173444429e+00
7.168398675253499164e+00
9.240602369657681336e+00
9.239194337703160897e+00
7.162089053844815645e+00
7.290691014283499527e+00
7.299297730292276576e+00
7.290691014284181648e+00
7.299297730293122122e+00
7.187739458552052874e+00
9.245528785752616940e+00
9.244979417719703108e+00
7.175734442289652293e+00
8.028320134435622535e+00
7.385582341320546362e+00
9.239194337703095172e+00
9.244119697438641481e+00
7.376445750769732079e+00
8.025529302666363662e+00
8.032142265173520812e+00
7.162089053844815645e+00
7.299297730292278352e+00
7.299297730293123898e+00
7.181429837144495565e+00
8.025757593889538910e+00
7.624157467852811010e+00
7.290691014283582128e+00
7.881091445994496958e+00
7.881091445996517564e+00
7.290691014285417104e+00
7.624157467843159175e+00
7.610635692825937326e+00
7.837091814027754566e+00
7.837091814050831218e+00
7.610635692806337893e+00
7.299297730283822894e+00
7.299297730292360065e+00
7.881091445994497846e+00
7.881091446019690139e+00
7.881091445996519340e+00
7.881091446021939007e+00
7.290691014285336280e+00
7.299297730294189712e+00
7.624157467842998415e+00
7.837091814050831218e+00
7.837091814073977147e+00
7.610635692796833496e+00
7.610635692806339669e+00
7.299297730292440889e+00
7.881091446019688362e+00
7.881091446021939895e+00
7.290691014293958716e+00
7.624157467823348355e+00
7.624157467853549086e+00
7.290691014284099936e+00
7.881091445996596612e+00
7.881091445998660738e+00
7.290691014286019289e+00
7.624157467844134395e+00
7.610635692826833498e+00
7.837091814030185510e+00
7.837091814053492200e+00
7.610635692807238506e+00
7.299297730284509456e+00
7.299297730292960473e+00
7.881091445996595723e+00
7.881091446021863511e+00
7.881091445998660738e+00
7.881091446024152347e+00
7.290691014286019289e+00
7.299297730294702191e+00
7.624157467844130842e+00
7.837091814053493977e+00
7.837091814076490692e+00
7.610635692797734109e+00
7.610635692807319330e+00
7.299297730292957809e+00
7.881091446021785352e+00
7.881091446024075076e+00
7.290691014294557348e+00
7.624157467824327128e+00
8.034929783612252407e+00
7.187739458552125704e+00
7.290691014285834548e+00
7.290691014286185379e+00
7.174199544090928526e+00
8.034929783598663278e+00
8.034704805713968057e+00
7.395518177095970813e+00
9.245528785752554768e+00
9.245528785769048241e+00
7.395518177104122515e+00
8.034704805689228735e+00
7.181429837157701890e+00
9.244119697414639347e+00
9.244119697438575756e+00
7.181429837144919226e+00
7.290691014285584082e+00
7.290691014294045758e+00
7.290691014286182714e+00
7.299297730294867392e+00
7.174199544090929415e+00
9.239743705772671234e+00
9.244979417737253513e+00
7.175734442290127468e+00
8.034929783598585118e+00
7.395518177104122515e+00
9.244119697438641481e+00
9.244119697455996487e+00
7.376445750770205478e+00
8.025529302661361442e+00
8.034704805689226959e+00
7.181429837144919226e+00
7.290691014294044869e+00
7.299297730294784792e+00
7.181429837145060446e+00
8.025757593884465635e+00
8.028320134434183686e+00
7.624157467843560632e+00
7.624157467844213443e+00
8.028320134429929311e+00
7.387850078662732578e+00
7.385582341320389155e+00
7.837091814050988425e+00
7.837091814053414929e+00
7.385582341320846567e+00
7.387850078661498898e+00
8.025757593912178578e+00
7.376445750761145170e+00
9.244979417699942914e+00
9.244979417719703108e+00
7.376445750769653920e+00
8.025757593888025454e+00
7.624157467843397207e+00
7.837091814050986649e+00
7.837091814074213403e+00
7.614565514865978102e+00
7.624157467844214331e+00
7.837091814053415817e+00
7.837091814076413421e+00
7.620227645755422330e+00
8.028320134430005695e+00
7.385582341320846567e+00
9.244979417719765280e+00
9.245528785793704074e+00
7.385582341329186562e+00
8.032142265154703864e+00
7.387850078661498898e+00
7.376445750769651255e+00
7.837091814074291563e+00
7.837091814076490692e+00
7.395518177112280434e+00
7.387850078660675557e+00
8.025757593888025454e+00
7.614565514866054485e+00
7.620227645755258017e+00
8.034704805675632500e+00
8.032142265171783535e+00
7.610635692806340558e+00
7.610635692807241170e+00
8.032142265168227269e+00
8.025529302678309662e+00
7.175734442293346227e+00
7.299297730292440889e+00
7.299297730293043962e+00
7.175734442289992465e+00
8.025529302664775599e+00
7.610635692806337893e+00
7.299297730292441777e+00
7.881091446019842905e+00
7.881091446021863511e+00
7.299297730294190600e+00
7.620227645754521717e+00
7.610635692807316666e+00
7.299297730293041298e+00
7.881091446021863511e+00
7.881091446024075076e+00
7.290691014294639949e+00
7.614565514866552753e+00
8.032142265168227269e+00
7.175734442289901871e+00
7.299297730294278530e+00
7.290691014294641725e+00
7.187739458539245341e+00
8.028320134405626973e+00
8.025529302664777376e+00
7.620227645754521717e+00
7.614565514866474594e+00
8.034929783574151330e+00
