8.042878264091793739e+00
7.602462252354232675e+00
7.602462252354762029e+00
8.042878264720744852e+00
8.036609380517175438e+00
7.175843750529146803e+00
7.272849394514697252e+00
7.272849394515114696e+00
7.182022916118882883e+00
8.035500602421578265e+00
7.602462252354234451e+00
7.272849394514697252e+00
7.869602251455743769e+00
7.869602251457865627e+00
7.264983268274246342e+00
7.615746826415149329e+00
7.602462252354762029e+00
7.272849394515113808e+00
7.869602251457865627e+00
7.869602251460319664e+00
7.264983268274799677e+00
7.615746826415934478e+00
8.042878264720743076e+00
7.182022916118883771e+00
7.264983268274247230e+00
7.264983268274798789e+00
7.181277300896503846e+00
8.035500603050520496e+00
8.035500602421578265e+00
7.615746826415150217e+00
7.615746826415935367e+00
8.041765432633132704e+00
8.035500603067472269e+00
7.615746826424989457e+00
7.615746826425645821e+00
8.041765432646434064e+00
7.373132672091903927e+00
7.376669891258284650e+00
7.829763091766759331e+00
7.829763091768267458e+00
7.386201095152877372e+00
7.373132672091773365e+00
8.035500602434883177e+00
7.368019546854198687e+00
9.251541979246715286e+00
9.251224284536913700e+00
7.368019546862397462e+00
8.036609380492903298e+00
7.615746826424989457e+00
7.829763091766757555e+00
7.829763091790288954e+00
7.602462252334892590e+00
7.615746826425519700e+00
7.829763091768394467e+00
7.829763091792051988e+00
7.602462252335301152e+00
8.041765432646434064e+00
7.386201095152877372e+00
9.251224284536913700e+00
9.244217757029328908e+00
7.376669891267228607e+00
8.042878264063535454e+00
7.373132672091771589e+00
7.368019546862397462e+00
7.829763091790289842e+00
7.829763091792051100e+00
7.386201095161707642e+00
7.373132672091772477e+00
8.036609380492903298e+00
7.602462252334895254e+00
7.602462252335301152e+00
8.042878264696005530e+00
8.041765432651757806e+00
7.168830501367105867e+00
7.264983268271976158e+00
7.264983268272395378e+00
7.181277300896081073e+00
8.035500603055860225e+00
8.042878264726192938e+00
7.386201095152904905e+00
9.244217756992778590e+00
9.253869229949545527e+00
7.376669891266863566e+00
8.042878264069125649e+00
7.162552387591343717e+00
9.244534591804733026e+00
9.241890506335016298e+00
7.163298002800861930e+00
7.264983268271977046e+00
7.272849394522946653e+00
7.264983268272393602e+00
7.272849394523089650e+00
7.181277300896216076e+00
9.253869229949648556e+00
9.251541979290918150e+00
7.175843750513581476e+00
8.035500603055860225e+00
7.376669891266863566e+00
9.241890506335121103e+00
9.251224284561059719e+00
7.368019546870729464e+00
8.036609380481532838e+00
8.042878264069125649e+00
7.163298002800861042e+00
7.272849394522947541e+00
7.272849394523089650e+00
7.182022916106519439e+00
8.035500602398872871e+00
7.615746826424866001e+00
7.264983268271844707e+00
7.869602251455871667e+00
7.869602251457989084e+00
7.264983268274108674e+00
7.615746826415279003e+00
7.602462252354363237e+00
7.829763091766506200e+00
7.829763091790026941e+00
7.602462252334643011e+00
7.272849394514697252e+00
7.272849394522542532e+00
7.869602251455870778e+00
7.869602251481824240e+00
7.869602251457989084e+00
7.869602251484060673e+00
7.264983268274106898e+00
7.272849394525078282e+00
7.615746826415148441e+00
7.829763091790154839e+00
7.829763091813575215e+00
7.602462252325298486e+00
7.602462252334643900e+00
7.272849394522542532e+00
7.869602251481824240e+00
7.869602251484063338e+00
7.264983268282097839e+00
7.615746826395450420e+00
7.615746826425519700e+00
7.264983268271864247e+00
7.869602251457865627e+00
7.869602251460194431e+00
7.264983268274667338e+00
7.615746826415935367e+00
7.602462252354637684e+00
7.829763091768519701e+00
7.829763091791926755e+00
7.602462252335169701e+00
7.272849394514718568e+00
7.272849394522957311e+00
7.869602251457739506e+00
7.869602251484063338e+00
7.869602251460319664e+00
7.869602251485900091e+00
7.264983268274667338e+00
7.272849394524959266e+00
7.615746826416059712e+00
7.829763091791925866e+00
7.829763091815575393e+00
7.602462252325827841e+00
7.602462252335168813e+00
7.272849394522957311e+00
7.869602251484185906e+00
7.869602251486023547e+00
7.264983268282250606e+00
7.615746826396111224e+00
8.041765432646556633e+00
7.181277300896073079e+00
7.264983268274247230e+00
7.264983268274667338e+00
7.168830501365635932e+00
8.041765432633248167e+00
8.042878264720744852e+00
7.386201095152745921e+00
9.253869229949438946e+00
9.253869229966193544e+00
7.386201095161836427e+00
8.042878264696248891e+00
7.182022916118740774e+00
9.251224284536913700e+00
9.251224284560954914e+00
7.182022916106519439e+00
7.264983268274110451e+00
7.264983268281966389e+00
7.264983268274667338e+00
7.272849394525094269e+00
7.168830501365636820e+00
9.244217757029540294e+00
9.251541979308203878e+00
7.175843750514775188e+00
8.041765432633248167e+00
7.386201095161703201e+00
9.251224284560850109e+00
9.251224284578235313e+00
7.368019546871228620e+00
8.036609380476193110e+00
8.042878264696248891e+00
7.182022916106518551e+00
7.264983268282104056e+00
7.272849394525094269e+00
7.182022916107575483e+00
8.035500602393652159e+00
8.035500603054410718e+00
7.615746826415657367e+00
7.615746826415804804e+00
8.035500603050522272e+00
7.373132672092035378e+00
7.376669891266731227e+00
7.829763091790415075e+00
7.829763091792304230e+00
7.376669891267228607e+00
7.373132672091772477e+00
8.035500602421695504e+00
7.368019546862524471e+00
9.251541979271696192e+00
9.251541979290919926e+00
7.368019546870863579e+00
8.035500602397542380e+00
7.615746826415530357e+00
7.829763091790415963e+00
7.829763091813955356e+00
7.606715242313573988e+00
7.615746826415929149e+00
7.829763091792305119e+00
7.829763091815583387e+00
7.611493836408216751e+00
8.035500603050522272e+00
7.376669891267228607e+00
9.251541979290813345e+00
9.253869229990849377e+00
7.376669891274892699e+00
8.042878264050367321e+00
7.373132672091903927e+00
7.368019546870860914e+00
7.829763091813955356e+00
7.829763091815584275e+00
7.386201095169489861e+00
7.373132672091903927e+00
8.035500602397419811e+00
7.606715242313573988e+00
7.611493836408089741e+00
8.042878264682959966e+00
8.042878264067304883e+00
7.602462252334768245e+00
7.602462252335301152e+00
8.042878264063782368e+00
8.036609380492899746e+00
7.175843750517034714e+00
7.272849394522679312e+00
7.272849394523089650e+00
7.175843750513722696e+00
8.036609380479719178e+00
7.602462252334768245e+00
7.272849394522679312e+00
7.869602251482073818e+00
7.869602251484062450e+00
7.272849394524940614e+00
7.611493836407174918e+00
7.602462252335301152e+00
7.272849394523089650e+00
7.869602251484063338e+00
7.869602251486025324e+00
7.264983268282387385e+00
7.606715242313851100e+00
8.042878264063782368e+00
7.175843750513723585e+00
7.272849394524940614e+00
7.264983268282523277e+00
7.181277300882697112e+00
8.035500603026122235e+00
8.036609380479719178e+00
7.611493836407175806e+00
7.606715242313852876e+00
8.041765432608876552e+00
