8.046946653782322656e+00
7.607940680648391130e+00
7.607940680648994203e+00
8.046946753575905831e+00
8.040995112864012029e+00
7.165668916797487853e+00
7.311747088528508520e+00
7.311747088528317562e+00
7.173222449849768978e+00
8.040952060709564364e+00
7.607940680648584753e+00
7.311747088528508520e+00
7.862014855006611569e+00
7.862014855008509606e+00
7.297447880800300268e+00
7.621475287320659042e+00
7.607940680648992426e+00
7.311747088528314009e+00
7.862014855008508718e+00
7.862014855010563075e+00
7.297447880800312703e+00
7.621475287321064052e+00
8.046946753575904054e+00
7.173222449849986582e+00
7.297447880800301157e+00
7.297447880800110198e+00
7.174664456824256575e+00
8.040952160502769175e+00
8.040952060709738447e+00
7.621475287320852665e+00
7.621475287321065828e+00
8.046900194213799651e+00
8.040952160519555747e+00
7.621475287330200743e+00
7.621475287330606641e+00
8.046900194227250225e+00
7.352397716644620829e+00
7.379656755532914225e+00
7.826181101756203518e+00
7.826181101757930136e+00
7.389398706866679767e+00
7.352397716644415659e+00
8.040952060723007833e+00
7.370717845781603828e+00
9.269392796793505696e+00
9.267505999660871296e+00
7.370717845790261791e+00
8.040995112838992043e+00
7.621475287330206072e+00
7.826181101756205294e+00
7.826181101780258054e+00
7.607940680628809460e+00
7.621475287330603976e+00
7.826181101757930136e+00
7.826181101781415350e+00
7.607940680629018182e+00
8.046900194227058378e+00
7.389398706866680655e+00
9.267505999660881955e+00
9.260332054201095175e+00
7.379656755541742719e+00
8.046946653753986212e+00
7.352397716644418324e+00
7.370717845790261791e+00
7.826181101780259830e+00
7.826181101781418015e+00
7.389398706874922951e+00
7.352397716643611858e+00
8.040995112838990266e+00
7.607940680628997754e+00
7.607940680628821895e+00
8.046946753550892950e+00
8.046900194232424752e+00
7.163222653993649658e+00
7.297447880799079023e+00
7.297447880799500908e+00
7.174664456823371950e+00
8.040952160507567115e+00
8.046946753580714429e+00
7.389398706866122879e+00
9.260332054163198379e+00
9.270227148247885296e+00
7.379656755541364355e+00
8.046946653759338375e+00
7.155530944576863561e+00
9.262215351797106422e+00
9.259497702755830062e+00
7.154088937590376673e+00
7.297447880799076358e+00
7.311747088536956873e+00
7.297447880799500020e+00
7.311747088537374317e+00
7.174664456823152570e+00
9.270227148248203264e+00
9.269392796839827753e+00
7.165668916783410225e+00
8.040952160507568891e+00
7.379656755541369684e+00
9.259497702755988158e+00
9.267505999686425966e+00
7.370717845798735013e+00
8.040995112827550528e+00
8.046946653759336598e+00
7.154088937590377562e+00
7.311747088536755257e+00
7.311747088537370765e+00
7.173222449837418857e+00
8.040952060686377578e+00
7.621475287330402359e+00
7.297447880799285080e+00
7.862014855006224323e+00
7.862014855008315983e+00
7.297447880800301157e+00
7.621475287320278902e+00
7.607940680648583864e+00
7.826181101756012559e+00
7.826181101779679850e+00
7.607940680628225927e+00
7.311747088528306904e+00
7.311747088537758010e+00
7.862014855006226988e+00
7.862014855032401606e+00
7.862014855008317760e+00
7.862014855034308525e+00
7.297447880800300268e+00
7.311747088538170125e+00
7.621475287320274461e+00
7.826181101779484450e+00
7.826181101804288609e+00
7.607940680618854756e+00
7.607940680628027863e+00
7.311747088537559058e+00
7.862014855032404270e+00
7.862014855034306748e+00
7.297447880809365017e+00
7.621475287300328638e+00
7.621475287331197279e+00
7.297447880799298403e+00
7.862014855008509606e+00
7.862014855010740710e+00
7.297447880800311815e+00
7.621475287320874870e+00
7.607940680648799692e+00
7.826181101758121095e+00
7.826181101781418015e+00
7.607940680629021735e+00
7.311747088528314009e+00
7.311747088537170036e+00
7.862014855008508718e+00
7.862014855034117566e+00
7.862014855010740710e+00
7.862014855036168370e+00
7.297447880800104869e+00
7.311747088538784745e+00
7.621475287320873981e+00
7.826181101781415350e+00
7.826181101806015228e+00
7.607940680619258877e+00
7.607940680629019958e+00
7.311747088536961314e+00
7.862014855034306748e+00
7.862014855036169259e+00
7.297447880809771803e+00
7.621475287301126222e+00
8.046900194227074365e+00
7.174664456822949177e+00
7.297447880800090658e+00
7.297447880800117304e+00
7.163222653994132827e+00
8.046900194213614910e+00
8.046946753576088796e+00
7.389398706866481703e+00
9.270227148248203264e+00
9.270227148264465811e+00
7.389398706874922951e+00
8.046946753551083020e+00
7.173222449849770754e+00
9.267505999661354466e+00
9.267505999686267870e+00
7.173222449837216352e+00
7.297447880800093323e+00
7.297447880809760257e+00
7.297447880800114639e+00
7.311747088538787409e+00
7.163222653994129274e+00
9.260332054201095175e+00
9.269392796857372829e+00
7.165668916784290410e+00
8.046900194213614910e+00
7.389398706874924727e+00
9.267505999686433071e+00
9.267505999704297892e+00
7.370717845799107160e+00
8.040995112822388435e+00
8.046946753551260656e+00
7.173222449837218129e+00
7.297447880809968979e+00
7.311747088538786521e+00
7.173222449838299930e+00
8.040952060681387792e+00
8.040952160505920432e+00
7.621475287320851777e+00
7.621475287320873981e+00
8.040952160502582657e+00
7.352397716644618164e+00
7.379656755541566859e+00
7.826181101780066207e+00
7.826181101781981120e+00
7.379656755541742719e+00
7.352397716644012426e+00
8.040952060709360083e+00
7.370717845790461631e+00
9.269392796819527547e+00
9.269392796839825976e+00
7.370717845798725243e+00
8.040952060684716685e+00
7.621475287320853553e+00
7.826181101780061766e+00
7.826181101804290385e+00
7.612958090853812365e+00
7.621475287320682135e+00
7.826181101781985561e+00
7.826181101806398921e+00
7.616457877066157955e+00
8.040952160502582657e+00
7.379656755541742719e+00
9.269392796839822424e+00
9.270227148290338448e+00
7.379656755550602298e+00
8.046946653740729261e+00
7.352397716644010650e+00
7.370717845798725243e+00
7.826181101804289497e+00
7.826181101806400697e+00
7.389398706883974377e+00
7.352397716643810810e+00
8.040952060684539049e+00
7.612958090853809701e+00
7.616457877066160620e+00
8.046946753537087105e+00
8.046946653757693468e+00
7.607940680628420438e+00
7.607940680629019958e+00
8.046946653754163847e+00
8.040995112839542713e+00
7.165668916785729259e+00
7.311747088537759787e+00
7.311747088537374317e+00
7.165668916782776066e+00
8.040995112825521929e+00
7.607940680628811236e+00
7.311747088537560835e+00
7.862014855032218641e+00
7.862014855034119343e+00
7.311747088538576023e+00
7.616457877065564652e+00
7.607940680629021735e+00
7.311747088537370765e+00
7.862014855034306748e+00
7.862014855036166594e+00
7.297447880809770027e+00
7.612958090853642723e+00
8.046946653754345036e+00
7.165668916782775177e+00
7.311747088538578687e+00
7.297447880809770027e+00
7.174664456811280289e+00
8.040952160477935706e+00
8.040995112825527258e+00
7.616457877065752058e+00
7.612958090853639170e+00
8.046900194188793876e+00
