8.033496988346097822e+00
7.603142523060775204e+00
7.603142523060791191e+00
8.030268242013391955e+00
8.027846878777239681e+00
7.158484458436060294e+00
7.290237466992565807e+00
7.290237466993175097e+00
7.166301074528357518e+00
8.029069229928779805e+00
7.603142523060775204e+00
7.290237466991968951e+00
7.840152272867561223e+00
7.840152272870085426e+00
7.276910065251767534e+00
7.616381928643714438e+00
7.603142523060791191e+00
7.290237466992886439e+00
7.840152272870085426e+00
7.840152272872542127e+00
7.276910065252073956e+00
7.616381928644020860e+00
8.030268242013386626e+00
7.166301074528353965e+00
7.276910065251769311e+00
7.276910065252074844e+00
7.168867783879823818e+00
8.025840483597168173e+00
8.029069229928783358e+00
7.616381928643710886e+00
7.616381928644020860e+00
8.031487581268272891e+00
8.025840483614519627e+00
7.616381928654564426e+00
7.616381928654302413e+00
8.031487581282592103e+00
7.333879569698036782e+00
7.372682058325668919e+00
7.829434952552809079e+00
7.829434952554502836e+00
7.382034215058493665e+00
7.333879569698332546e+00
8.029069229942853880e+00
7.364143690538448972e+00
9.289547037416076236e+00
9.288579173055323324e+00
7.364143690547593657e+00
8.027846878751015325e+00
7.616381928654562650e+00
7.829434952552805527e+00
7.829434952577143392e+00
7.603142523040589573e+00
7.616381928654302413e+00
7.829434952554784388e+00
7.829434952578838924e+00
7.603142523040604672e+00
8.031487581282592103e+00
7.382034215058491888e+00
9.288579173055085292e+00
9.279490364725226925e+00
7.372682058334786959e+00
8.033496988315814491e+00
7.333879569698331657e+00
7.364143690547593657e+00
7.829434952577141615e+00
7.829434952578838924e+00
7.382034215066736849e+00
7.333879569698328105e+00
8.027846878751017101e+00
7.603142523040581580e+00
7.603142523040606449e+00
8.030268241988018474e+00
8.031487581288308419e+00
7.158303803892509087e+00
7.276910065251167126e+00
7.276910065251481541e+00
7.168867783878456024e+00
8.025840483602589615e+00
8.030268242019378278e+00
7.382034215058800974e+00
9.279490364687857706e+00
9.289471210992950034e+00
7.372682058335109367e+00
8.033496988321783050e+00
7.150362482915440410e+00
9.280456979689171604e+00
9.279566191157687882e+00
7.147795773551729681e+00
7.276910065251164461e+00
7.290237467001698946e+00
7.276910065251174231e+00
7.290237467002038230e+00
7.168867783878775768e+00
9.289471210992715555e+00
9.289547037461577617e+00
7.158484458420967478e+00
8.025840483602596720e+00
7.372682058335108479e+00
9.279566191157451627e+00
9.288579173079815732e+00
7.364143690556762323e+00
8.027846878739653746e+00
8.033496988321520149e+00
7.147795773551727905e+00
7.290237467001700722e+00
7.290237467002038230e+00
7.166301074515763148e+00
8.029069229905021032e+00
7.616381928653715327e+00
7.276910065251164461e+00
7.840152272867841887e+00
7.840152272869803873e+00
7.276910065251749771e+00
7.616381928643712662e+00
7.603142523060199665e+00
7.829434952552807303e+00
7.829434952576860063e+00
7.603142523040024692e+00
7.290237466992567583e+00
7.290237467001425387e+00
7.840152272867841887e+00
7.840152272894406416e+00
7.840152272869805650e+00
7.840152272896652619e+00
7.276910065251750659e+00
7.290237467002609328e+00
7.616381928643994215e+00
7.829434952576858286e+00
7.829434952601160624e+00
7.603142523030293809e+00
7.603142523040024692e+00
7.290237467001423610e+00
7.840152272894406416e+00
7.840152272896652619e+00
7.276910065261503746e+00
7.616381928623574105e+00
7.616381928654583966e+00
7.276910065251469106e+00
7.840152272870085426e+00
7.840152272872260575e+00
7.276910065252074844e+00
7.616381928644020860e+00
7.603142523060791191e+00
7.829434952554786165e+00
7.829434952579120477e+00
7.603142523041168666e+00
7.290237466993176874e+00
7.290237467002038230e+00
7.840152272870085426e+00
7.840152272896932395e+00
7.840152272872542127e+00
7.840152272898855301e+00
7.276910065252073956e+00
7.290237467002914862e+00
7.616381928644020860e+00
7.829434952578837148e+00
7.829434952602859710e+00
7.603142523030872013e+00
7.603142523041168666e+00
7.290237467002037342e+00
7.840152272896934171e+00
7.840152272898855301e+00
7.276910065261828819e+00
7.616381928624430309e+00
8.031487581282318544e+00
7.168867783878777544e+00
7.276910065252041981e+00
7.276910065252369719e+00
7.158303803892685835e+00
8.031487581268542897e+00
8.030268242013393731e+00
7.382034215058491888e+00
9.289471210992717332e+00
9.289471211010182472e+00
7.382034215067317717e+00
8.030268241988565592e+00
7.166301074528347748e+00
9.288579173055554250e+00
9.288579173080517393e+00
7.166301074516063352e+00
7.276910065252351067e+00
7.276910065261505522e+00
7.276910065252367055e+00
7.290237467003810146e+00
7.158303803892686723e+00
9.279490364725699436e+00
9.289547037479291447e+00
7.158484458422678109e+00
8.031487581268542897e+00
7.382034215067318605e+00
9.288579173080519169e+00
9.288579173098225894e+00
7.364143690557309441e+00
8.027846878732859182e+00
8.030268241988569144e+00
7.166301074516065128e+00
7.276910065261504634e+00
7.290237467003809257e+00
7.166301074517159364e+00
8.029069229898764704e+00
8.025840483600989117e+00
7.616381928644284649e+00
7.616381928644309518e+00
8.025840483597166397e+00
7.333879569698330769e+00
7.372682058334796729e+00
7.829434952577145168e+00
7.829434952578837148e+00
7.372682058335084498e+00
7.333879569698921408e+00
8.029069229928522233e+00
7.364143690547307664e+00
9.289547037441494126e+00
9.289547037462046575e+00
7.364143690555880362e+00
8.029069229903125660e+00
7.616381928644282873e+00
7.829434952576860951e+00
7.829434952602008835e+00
7.608339529101277421e+00
7.616381928644311294e+00
7.829434952578838924e+00
7.829434952603141262e+00
7.611184922553170473e+00
8.025840483597173503e+00
7.372682058335369604e+00
9.289547037461813872e+00
9.289471211034912912e+00
7.372682058344506295e+00
8.033496988301481068e+00
7.333879569698626533e+00
7.364143690556465671e+00
7.829434952601727282e+00
7.829434952603141262e+00
7.382034215076438421e+00
7.333879569699806922e+00
8.029069229903130989e+00
7.608339529101273868e+00
7.611184922553451138e+00
8.030268241973956833e+00
8.033496988319644316e+00
7.603142523040304468e+00
7.603142523041168666e+00
8.033496988316086274e+00
8.027846878751290660e+00
7.158484458424380747e+00
7.290237467001409399e+00
7.290237467002038230e+00
7.158484458421588315e+00
8.027846878737214809e+00
7.603142523040308021e+00
7.290237467001410288e+00
7.840152272894687080e+00
7.840152272896934171e+00
7.290237467003207072e+00
7.611184922552882703e+00
7.603142523041168666e+00
7.290237467002038230e+00
7.840152272896932395e+00
7.840152272898858854e+00
7.276910065262121918e+00
7.608339529101846743e+00
8.033496988316084497e+00
7.158484458421589203e+00
7.290237467003207961e+00
7.276910065262124583e+00
7.168867783867580279e+00
8.025840483571244022e+00
8.027846878737216585e+00
7.611184922552882703e+00
7.608339529101845855e+00
8.031487581242348739e+00
