8.036752286271168444e+00
7.601522538449826172e+00
7.601522538450455002e+00
8.033390145295539853e+00
8.031379798601207654e+00
7.150184388652005119e+00
7.282787419651985950e+00
7.282787419652211547e+00
7.158253520918766988e+00
8.031058309610664026e+00
7.601522538449826172e+00
7.282787419651990390e+00
7.839838598193240138e+00
7.839838598196022801e+00
7.270359454303156888e+00
7.614500031643514077e+00
7.601522538450452338e+00
7.282787419652210659e+00
7.839838598196026354e+00
7.839838598198347164e+00
7.270359454303590319e+00
7.614500031643529177e+00
8.033390145295543405e+00
7.158253520919191537e+00
7.270359454302944613e+00
7.270359454303592095e+00
7.161495164359134691e+00
8.027696168635781504e+00
8.031058309610667578e+00
7.614500031643514077e+00
7.614500031643529177e+00
8.033065178812732299e+00
8.027696168653060127e+00
7.614500031653422596e+00
7.614500031653839152e+00
8.033065178826333863e+00
7.364909986408386899e+00
7.374017834173988817e+00
7.843216846953731114e+00
7.843216846955320953e+00
7.383625225989884022e+00
7.364909986406932951e+00
8.031058309624441449e+00
7.365215890743613159e+00
9.291514585625623823e+00
9.290950921482709290e+00
7.365215890752187633e+00
8.031379798575393636e+00
7.614500031653422596e+00
7.843216846953732890e+00
7.843216846978396717e+00
7.601522538429688503e+00
7.614500031653840928e+00
7.843216846955124666e+00
7.843216846979782275e+00
7.601522538430117493e+00
8.033065178826330310e+00
7.383625225989882246e+00
9.290950921482215463e+00
9.281056086584769105e+00
7.374017834183573150e+00
8.036752286241524601e+00
7.364909986406928510e+00
7.365215890752186745e+00
7.843216846978398493e+00
7.843216846979982115e+00
7.383625225998422970e+00
7.364909986405887565e+00
8.031379798575592588e+00
7.601522538429685838e+00
7.601522538430119269e+00
8.033390145269931892e+00
8.033065178831344966e+00
7.151622007025201455e+00
7.270359454300018953e+00
7.270359454300029611e+00
7.161495164357535970e+00
8.027696168640789054e+00
8.033390145300737473e+00
7.383625225989280949e+00
9.281056086546740858e+00
9.294019141119749250e+00
7.374017834183177911e+00
8.036752286246528598e+00
7.143437545750110473e+00
9.281618746947557952e+00
9.278551531099907379e+00
7.140195902295802810e+00
7.270359454300018953e+00
7.282787419662033024e+00
7.270359454300031388e+00
7.282787419662670736e+00
7.161495164357746468e+00
9.294019141119418848e+00
9.291514585671547977e+00
7.150184388636512622e+00
8.027696168640789054e+00
7.374017834183180575e+00
9.278551531099910932e+00
9.290950921507482363e+00
7.365215890761176887e+00
8.031379798563508032e+00
8.036752286246530375e+00
7.140195902295801034e+00
7.282787419662031247e+00
7.282787419662676065e+00
7.158253520905478950e+00
8.031058309586766697e+00
7.614500031653227197e+00
7.270359454300237445e+00
7.839838598193429320e+00
7.839838598195627561e+00
7.270359454302509405e+00
7.614500031643713918e+00
7.601522538449832389e+00
7.843216846953135146e+00
7.843216846977806966e+00
7.601522538429900777e+00
7.282787419652202665e+00
7.282787419662240858e+00
7.839838598193429320e+00
7.839838598220709720e+00
7.839838598195627561e+00
7.839838598223663801e+00
7.270359454302509405e+00
7.282787419664527917e+00
7.614500031643713918e+00
7.843216846977805190e+00
7.843216847001884595e+00
7.601522538419763997e+00
7.601522538429703602e+00
7.282787419662239081e+00
7.839838598220712385e+00
7.839838598223667354e+00
7.270359454312134595e+00
7.614500031623211207e+00
7.614500031654250378e+00
7.270359454300239221e+00
7.839838598196022801e+00
7.839838598198345387e+00
7.270359454303592095e+00
7.614500031643729017e+00
7.601522538450452338e+00
7.843216846955122890e+00
7.843216846979387924e+00
7.601522538429915876e+00
7.282787419652202665e+00
7.282787419662048123e+00
7.839838598196026354e+00
7.839838598223265898e+00
7.839838598198345387e+00
7.839838598225593813e+00
7.270359454303590319e+00
7.282787419664746409e+00
7.614500031643729017e+00
7.843216846979385259e+00
7.843216847003684045e+00
7.601522538420595332e+00
7.601522538429917653e+00
7.282787419662046347e+00
7.839838598223266786e+00
7.839838598225593813e+00
7.270359454312786518e+00
7.614500031623421705e+00
8.033065178825959052e+00
7.161495164358196774e+00
7.270359454303362945e+00
7.270359454303590319e+00
7.151622007023787475e+00
8.033065178812732299e+00
8.033390145295543405e+00
7.383625225989882246e+00
9.294019141119251870e+00
9.294019141136722340e+00
7.383625225998422970e+00
8.033390145270319138e+00
7.158253520918542279e+00
9.290950921482874492e+00
9.290950921507485916e+00
7.158253520905060618e+00
7.270359454303362945e+00
7.270359454312559144e+00
7.270359454303592095e+00
7.282787419664536799e+00
7.151622007023999750e+00
9.281056086585103060e+00
9.291514585689027328e+00
7.150184388637256916e+00
8.033065178812348606e+00
7.383625225998419417e+00
9.290950921507487692e+00
9.290950921524959938e+00
7.365215890761778184e+00
8.031379798557937377e+00
8.033390145270121963e+00
7.158253520905062395e+00
7.270359454312556480e+00
7.282787419664328077e+00
7.158253520906660228e+00
8.031058309581943888e+00
8.027696168638680518e+00
7.614500031643514077e+00
7.614500031643932410e+00
8.027696168635781504e+00
7.364909986407554676e+00
7.374017834182545528e+00
7.843216846978211976e+00
7.843216846979784052e+00
7.374017834183573150e+00
7.364909986406098952e+00
8.031058309610655144e+00
7.365215890751972694e+00
9.291514585651382774e+00
9.291514585671553306e+00
7.365215890761590778e+00
8.031058309585240806e+00
7.614500031643514077e+00
7.843216846978410040e+00
7.843216847002084435e+00
7.606888009966509934e+00
7.614500031643939515e+00
7.843216846979786716e+00
7.843216847003870562e+00
7.609134560076888043e+00
8.027696168635781504e+00
7.374017834183574926e+00
9.291514585671551529e+00
9.294019141161482978e+00
7.374017834191505472e+00
8.036752286227553554e+00
7.364909986406096287e+00
7.365215890761592554e+00
7.843216847002087988e+00
7.843216847003871450e+00
7.383625226007387354e+00
7.364909986405259623e+00
8.031058309585240806e+00
7.606888009966513486e+00
7.609134560077287723e+00
8.033390145255758341e+00
8.036752286245388177e+00
7.601522538429696496e+00
7.601522538429917653e+00
8.036752286241908294e+00
8.031379798575777329e+00
7.150184388638948008e+00
7.282787419662029471e+00
7.282787419662251516e+00
7.150184388635871358e+00
8.031379798561214756e+00
7.601522538429495768e+00
7.282787419662029471e+00
7.839838598221091637e+00
7.839838598223266786e+00
7.282787419664309425e+00
7.609134560076257436e+00
7.601522538429915876e+00
7.282787419662254180e+00
7.839838598223265898e+00
7.839838598225593813e+00
7.270359454313206626e+00
7.606888009966726649e+00
8.036752286241906518e+00
7.150184388635867805e+00
7.282787419664313866e+00
7.270359454313204850e+00
7.161495164345698328e+00
8.027696168610544802e+00
8.031379798561218308e+00
7.609134560076255660e+00
7.606888009966931818e+00
8.033065178786943150e+00
