8.027810863216613413e+00
7.606867403835614994e+00
7.606867403836198527e+00
8.024723764250815350e+00
8.022697851375605538e+00
7.149474457520338611e+00
7.268533883868197876e+00
7.268533883867624112e+00
7.158605824562428666e+00
8.023437151337368789e+00
7.606867403835900099e+00
7.268533883867909218e+00
7.835248509797604122e+00
7.835248509801663097e+00
7.255947143064442884e+00
7.620014024991338175e+00
7.606867403836198527e+00
7.268533883867624112e+00
7.835248509801661321e+00
7.835248509803281358e+00
7.255947143066232563e+00
7.620014024991902168e+00
8.024723764250815350e+00
7.158605824562428666e+00
7.255947143064742200e+00
7.255947143066229899e+00
7.162170608501194025e+00
8.020350052371545857e+00
8.023437151337372342e+00
7.620014024991338175e+00
7.620014024991903945e+00
8.025460011931732751e+00
8.020350052389018103e+00
7.620014025002747715e+00
7.620014025002207703e+00
8.025460011946815797e+00
7.359933703619327972e+00
7.376824465952673826e+00
7.843008882778740976e+00
7.843008882781460578e+00
7.386100300942375796e+00
7.359933703618466438e+00
8.023437151351631158e+00
7.368364374864308175e+00
9.292553741832616510e+00
9.292428854992131448e+00
7.368364374871787525e+00
8.022697851349771980e+00
7.620014025002745939e+00
7.843008882778739199e+00
7.843008882804037185e+00
7.606867403815124717e+00
7.620014025002205926e+00
7.843008882781460578e+00
7.843008882806219439e+00
7.606867403815424922e+00
8.025460011946815797e+00
7.386100300942375796e+00
9.292428854992131448e+00
9.283424729588697133e+00
7.376824465962129374e+00
8.027810863187857748e+00
7.359933703618468215e+00
7.368364374872076183e+00
7.843008882804038073e+00
7.843008882806217663e+00
7.386100300950978692e+00
7.359933703617606682e+00
8.022697851349773757e+00
7.606867403815402717e+00
7.606867403815426698e+00
8.024723764225768718e+00
8.025460011950777073e+00
7.152918813603630355e+00
7.255947143063603555e+00
7.255947143063616878e+00
7.162170608500113111e+00
8.020350052377098748e+00
8.024723764255844216e+00
7.386100300941251362e+00
9.283424729551587262e+00
9.296430985903649358e+00
7.376824465961580479e+00
8.027810863192922142e+00
7.143649155115197935e+00
9.283548840946961533e+00
9.279547604276375594e+00
7.140084371164506116e+00
7.255947143063600890e+00
7.268533883873993240e+00
7.255947143063619542e+00
7.268533883874281898e+00
7.162170608500113111e+00
9.296430985903876731e+00
9.292553741877885187e+00
7.149474457505017533e+00
8.020350052377098748e+00
7.376824465961582256e+00
9.279547604276146444e+00
9.292428855017607958e+00
7.368364374882138357e+00
8.022697851337630581e+00
8.027810863192922142e+00
7.140084371164506116e+00
7.268533883873993240e+00
7.268533883874281010e+00
7.158605824549255203e+00
8.023437151313915550e+00
7.620014025001634828e+00
7.255947143062700277e+00
7.835248509798139693e+00
7.835248509801387762e+00
7.255947143065344385e+00
7.620014024991056623e+00
7.606867403835907204e+00
7.843008882779289870e+00
7.843008882804294757e+00
7.606867403814852935e+00
7.268533883867898560e+00
7.268533883873681489e+00
7.835248509798141470e+00
7.835248509825427199e+00
7.835248509801663097e+00
7.835248509827617447e+00
7.255947143065042404e+00
7.268533883876581392e+00
7.620014024991056623e+00
7.843008882804293869e+00
7.843008882828526929e+00
7.606867403804252525e+00
7.606867403814852935e+00
7.268533883873683266e+00
7.835248509825426311e+00
7.835248509827614782e+00
7.255947143072296157e+00
7.620014024970025446e+00
7.620014025002198821e+00
7.255947143063029792e+00
7.835248509801663097e+00
7.835248509803010464e+00
7.255947143066229899e+00
7.620014024991903945e+00
7.606867403836480968e+00
7.843008882781169255e+00
7.843008882805944104e+00
7.606867403815415152e+00
7.268533883867624112e+00
7.268533883873995904e+00
7.835248509801661321e+00
7.835248509827889229e+00
7.835248509803010464e+00
7.835248509830559982e+00
7.255947143066232563e+00
7.268533883875722523e+00
7.620014024991902168e+00
7.843008882805944104e+00
7.843008882830449835e+00
7.606867403805378736e+00
7.606867403815417816e+00
7.268533883873994128e+00
7.835248509827891006e+00
7.835248509830286423e+00
7.255947143072936534e+00
7.620014024970589439e+00
8.025460011946799810e+00
7.162170608499821789e+00
7.255947143064473082e+00
7.255947143066520333e+00
7.152918813603182713e+00
8.025460011932274540e+00
8.024723764250815350e+00
7.386100300942375796e+00
9.296430985904104105e+00
9.296430985920441259e+00
7.386100300950979580e+00
8.024723764226040501e+00
7.158605824562135567e+00
9.292428854992358822e+00
9.292428855017831779e+00
7.158605824549592711e+00
7.255947143064473082e+00
7.255947143071734828e+00
7.255947143065944793e+00
7.268533883876010293e+00
7.152918813603184489e+00
9.283424729588697133e+00
9.292553741895373420e+00
7.149474457506138414e+00
8.025460011932274540e+00
7.386100300950690922e+00
9.292428855017607958e+00
9.292428855034405188e+00
7.368364374882116152e+00
8.022697851332850405e+00
8.024723764226038725e+00
7.158605824549591823e+00
7.255947143071735717e+00
7.268533883876008517e+00
7.158605824550377861e+00
8.023437151308868920e+00
8.020350052375016858e+00
7.620014024991609070e+00
7.620014024992177504e+00
8.020350052371545857e+00
7.359933703618753320e+00
7.376824465960718946e+00
7.843008882804569204e+00
7.843008882806219439e+00
7.376824465961839827e+00
7.359933703618178669e+00
8.023437151337372342e+00
7.368364374871784861e+00
9.292553741858766259e+00
9.292553741877885187e+00
7.368364374881555712e+00
8.023437151312588611e+00
7.620014024991337287e+00
7.843008882804571869e+00
7.843008882829075823e+00
7.612795133342699749e+00
7.620014024992177504e+00
7.843008882806221216e+00
7.843008882830178052e+00
7.614086295432708873e+00
8.020350052371544081e+00
7.376824465961839827e+00
9.292553741877888740e+00
9.296430985946580350e+00
7.376824465970463152e+00
8.027810863173883149e+00
7.359933703618180445e+00
7.368364374881557488e+00
7.843008882829075823e+00
7.843008882830434736e+00
7.386100300959298259e+00
7.359933703618466438e+00
8.023437151312322158e+00
7.612795133343252196e+00
7.614086295432989537e+00
8.024723764211247001e+00
8.027810863191858104e+00
7.606867403814841389e+00
7.606867403815417816e+00
8.027810863188127755e+00
8.022697851350578446e+00
7.149474457507434266e+00
7.268533883873696588e+00
7.268533883873994128e+00
7.149474457505356817e+00
8.022697851336303643e+00
7.606867403814841389e+00
7.268533883873695700e+00
7.835248509825430752e+00
7.835248509827891006e+00
7.268533883876595603e+00
7.614086295432148432e+00
7.606867403815415152e+00
7.268533883873995904e+00
7.835248509827889229e+00
7.835248509830561758e+00
7.255947143072939198e+00
7.612795133342983078e+00
8.027810863188127755e+00
7.149474457505355929e+00
7.268533883876598267e+00
7.255947143072936534e+00
7.162170608488046319e+00
8.020350052346234548e+00
8.022697851336047847e+00
7.614086295432425544e+00
7.612795133342983078e+00
8.025460011906437430e+00
