8.032726891601889463e+00
7.604054869744659051e+00
7.604054869744289569e+00
8.029880065535213163e+00
8.026751415575223092e+00
7.149055836502830275e+00
7.281489448755106508e+00
7.281489448756307326e+00
7.158326295242877890e+00
8.026226212142777428e+00
7.604054869744660827e+00
7.281489448755104732e+00
7.840656324718598746e+00
7.840656324720789883e+00
7.273717909113230462e+00
7.616960887629841359e+00
7.604054869744287792e+00
7.281489448756302885e+00
7.840656324720795212e+00
7.840656324724026405e+00
7.273717909114060909e+00
7.616960887629470101e+00
8.029880065535211386e+00
7.158326295242884107e+00
7.273717909113238456e+00
7.273717909114056468e+00
7.162992014004291974e+00
8.023379386077129638e+00
8.026226212143127370e+00
7.616960887629845800e+00
7.616960887629467436e+00
8.029350306231721746e+00
8.023379386094520171e+00
7.616960887641062605e+00
7.616960887641456068e+00
8.029350306246257674e+00
7.352161312395311121e+00
7.370429459300845032e+00
7.801219997001781259e+00
7.801219997004764650e+00
7.379938194508232741e+00
7.352161312394916770e+00
8.026226212157681061e+00
7.361727894435937891e+00
9.316715530324851002e+00
9.315653016990379953e+00
7.361727894444830333e+00
8.026751415550098301e+00
7.616960887641063493e+00
7.801219997001783035e+00
7.801219997026831443e+00
7.604054869723025689e+00
7.616960887641453404e+00
7.801219997004388063e+00
7.801219997029791742e+00
7.604054869723415599e+00
8.029350306246252345e+00
7.379938194508232741e+00
9.315653016990680158e+00
9.307803275046316216e+00
7.370429459311639064e+00
8.032726891573593875e+00
7.352161312394925652e+00
7.361727894445222908e+00
7.801219997026822561e+00
7.801219997029787301e+00
7.379938194518248729e+00
7.352161312393762138e+00
8.026751415550096524e+00
7.604054869723020360e+00
7.604054869723416488e+00
8.029880065510800691e+00
8.029350306251568981e+00
7.154323580628883406e+00
7.273717909111648616e+00
7.273717909111690361e+00
7.162992014003211061e+00
8.023379386081400000e+00
8.029880065541251000e+00
7.379938194507071003e+00
9.307803275006609312e+00
9.316199584192801808e+00
7.370429459310133602e+00
8.032726891578233719e+00
7.144927938368086373e+00
9.308864133790123674e+00
9.308318824374179457e+00
7.140262219593987325e+00
7.273717909110859914e+00
7.281489448763686312e+00
7.273717909111685920e+00
7.281489448763680983e+00
7.162992014003205732e+00
9.316199584192807137e+00
9.316715530371869392e+00
7.149055836487095306e+00
8.023379386081400000e+00
7.370429459310130937e+00
9.308318824374184786e+00
9.315653017016330750e+00
7.361727894454117127e+00
8.026751415537326295e+00
8.032726891578231943e+00
7.140262219594372795e+00
7.281489448763683647e+00
7.281489448763276862e+00
7.158326295229194614e+00
8.026226212120118220e+00
7.616960887641065270e+00
7.273717909111266700e+00
7.840656324718962011e+00
7.840656324720787218e+00
7.273717909113617708e+00
7.616960887630215282e+00
7.604054869744264700e+00
7.801219997002149853e+00
7.801219997026451303e+00
7.604054869723013255e+00
7.281489448755104732e+00
7.281489448763683647e+00
7.840656324718968229e+00
7.840656324746180239e+00
7.840656324720787218e+00
7.840656324748358053e+00
7.273717909113609714e+00
7.281489448765605665e+00
7.616960887630211730e+00
7.801219997026459296e+00
7.801219997051900279e+00
7.604054869712892462e+00
7.604054869722648213e+00
7.281489448763278638e+00
7.840656324746186456e+00
7.840656324748358053e+00
7.273717909122593639e+00
7.616960887608989594e+00
7.616960887641453404e+00
7.273717909111685920e+00
7.840656324720789883e+00
7.840656324723662252e+00
7.273717909114446378e+00
7.616960887629837806e+00
7.604054869744287792e+00
7.801219997004761986e+00
7.801219997029041231e+00
7.604054869723038124e+00
7.281489448755914751e+00
7.281489448764074446e+00
7.840656324720795212e+00
7.840656324749100570e+00
7.840656324723667581e+00
7.840656324750540307e+00
7.273717909114451707e+00
7.281489448767189288e+00
7.616960887629840471e+00
7.801219997029045672e+00
7.801219997054148259e+00
7.604054869712904896e+00
7.604054869723033683e+00
7.281489448763689865e+00
7.840656324749097017e+00
7.840656324750540307e+00
7.273717909123780245e+00
7.616960887609354636e+00
8.029350306245911284e+00
7.162992014003171093e+00
7.273717909113257107e+00
7.273717909114060909e+00
7.154323580628376256e+00
8.029350306231362921e+00
8.029880065535211386e+00
7.379938194508232741e+00
9.316199584192501604e+00
9.316199584210174578e+00
7.379938194517862371e+00
8.029880065510100806e+00
7.158326295242884107e+00
9.315653016990685487e+00
9.315653017016327198e+00
7.158326295230431846e+00
7.273717909113255331e+00
7.273717909122214387e+00
7.273717909114056468e+00
7.281489448766806483e+00
7.154323580628373591e+00
9.307803275046319769e+00
9.316715530389242161e+00
7.149055836487341331e+00
8.029350306231696877e+00
7.379938194517865035e+00
9.315653017016023441e+00
9.315653017033403316e+00
7.361727894454871191e+00
8.026751415532359601e+00
8.029880065510106135e+00
7.158326295230819092e+00
7.273717909122218828e+00
7.281489448766802930e+00
7.158326295230287073e+00
8.026226212114799807e+00
8.023379386081034070e+00
7.616960887630211730e+00
7.616960887630600752e+00
8.023379386076772590e+00
7.352161312394537518e+00
7.370429459310508413e+00
7.801219997026830555e+00
7.801219997030165665e+00
7.370429459311250930e+00
7.352161312394147608e+00
8.026226212143816596e+00
7.361727894445222908e+00
9.316715530351414642e+00
9.316715530372169596e+00
7.361727894453352405e+00
8.026226212118359626e+00
7.616960887630215282e+00
7.801219997026825226e+00
7.801219997050782062e+00
7.610102196443798483e+00
7.616960887630598087e+00
7.801219997030163000e+00
7.801219997054490207e+00
7.610913560877334838e+00
8.023379386077113651e+00
7.370429459311250930e+00
9.316715530372169596e+00
9.316199584236416698e+00
7.370429459319763232e+00
8.032726891559395455e+00
7.352161312394152048e+00
7.361727894453349741e+00
7.801219997050788280e+00
7.801219997054495536e+00
7.379938194526744155e+00
7.352161312392601289e+00
8.026226212118364955e+00
7.610102196443799372e+00
7.610913560877702544e+00
8.029880065496238117e+00
8.032726891577144812e+00
7.604054869722274290e+00
7.604054869723033683e+00
8.032726891572893990e+00
8.026751415550121393e+00
7.149055836489890403e+00
7.281489448763686312e+00
7.281489448763680983e+00
7.149055836486662763e+00
8.026751415536640621e+00
7.604054869722652654e+00
7.281489448764071781e+00
7.840656324746552386e+00
7.840656324749097017e+00
7.281489448765605665e+00
7.610913560876194417e+00
7.604054869723038124e+00
7.281489448763276862e+00
7.840656324749100570e+00
7.840656324750536754e+00
7.273717909123393000e+00
7.610102196444199940e+00
8.032726891572890437e+00
7.149055836486662763e+00
7.281489448765603001e+00
7.273717909123393000e+00
7.162992013990977291e+00
8.023379386052004847e+00
8.026751415536633516e+00
7.610913560876197970e+00
7.610102196444938905e+00
8.029350306206946897e+00
