8.034801407462085265e+00
7.601660842229702730e+00
7.601660842229703619e+00
8.032162813592751860e+00
8.029012163221031173e+00
7.143445012392708904e+00
7.267939574011597514e+00
7.267939574013159820e+00
7.152848939869610234e+00
8.029392807942189236e+00
7.601660842229700954e+00
7.267939574011597514e+00
7.836855800351283818e+00
7.836855800353682788e+00
7.257566663055211365e+00
7.611018109533376652e+00
7.601660842229700066e+00
7.267939574013158044e+00
7.836855800353681012e+00
7.836855800357025004e+00
7.257566663055222023e+00
7.611018109533389975e+00
8.032162813592757189e+00
7.152848939869610234e+00
7.257566663055210476e+00
7.257566663055222023e+00
7.157844996877122945e+00
8.026754214072386873e+00
8.029392807942187460e+00
7.611018109532889930e+00
7.611018109533389975e+00
8.032539398378210294e+00
8.026754214091120332e+00
7.611018109543270072e+00
7.611018109544755106e+00
8.032539398393687691e+00
7.342911352612848219e+00
7.371902975183629358e+00
7.804300092212063333e+00
7.804300092214523588e+00
7.381123666594990418e+00
7.342911352612339293e+00
8.029392807956707401e+00
7.363498591958471451e+00
9.313161157373571086e+00
9.312409209445537073e+00
7.363498591968173024e+00
8.029012163195373475e+00
7.611018109543270960e+00
7.804300092212065998e+00
7.804300092237792086e+00
7.601660842209549074e+00
7.611018109544757770e+00
7.804300092214521811e+00
7.804300092241198250e+00
7.601660842209060576e+00
8.032539398393680585e+00
7.381123666594989530e+00
9.312409209445540625e+00
9.304747454659564099e+00
7.371902975192263341e+00
8.034801407432215825e+00
7.342911352612339293e+00
7.363498591968171247e+00
7.804300092237790309e+00
7.804300092241199138e+00
7.381123666604661793e+00
7.342911352612841114e+00
8.029012163195377028e+00
7.601660842209545521e+00
7.601660842209064128e+00
8.032162813566618098e+00
8.032539398398348851e+00
7.149649361221440458e+00
7.257566663052124944e+00
7.257566663054221046e+00
7.157844996877244625e+00
8.026754214077547189e+00
8.032162813598803908e+00
7.381123666595027721e+00
9.304747454620098779e+00
9.314777488051227294e+00
7.371902975191272134e+00
8.034801407438765253e+00
7.140129310137431240e+00
9.305498256185519068e+00
9.303131146873957036e+00
7.135133253116480390e+00
7.257566663052122280e+00
7.267939574020306104e+00
7.257566663054218381e+00
7.267939574021882621e+00
7.157844996877241073e+00
9.314777488051227294e+00
9.313161157421864900e+00
7.143445012376187009e+00
8.026754214077083560e+00
7.371902975191274798e+00
9.303131146873960589e+00
9.312409209470484228e+00
7.363498591975325525e+00
8.029012163182267514e+00
8.034801407438763476e+00
7.135133253116475061e+00
7.267939574020302551e+00
7.267939574021882621e+00
7.152848939855848798e+00
8.029392807918410924e+00
7.611018109544746224e+00
7.257566663052122280e+00
7.836855800352246604e+00
7.836855800353681012e+00
7.257566663055744272e+00
7.611018109533879361e+00
7.601660842230691273e+00
7.804300092212558937e+00
7.804300092237332009e+00
7.601660842209549074e+00
7.267939574011067272e+00
7.267939574021335503e+00
7.836855800352243051e+00
7.836855800379028736e+00
7.836855800353682788e+00
7.836855800382409143e+00
7.257566663055746936e+00
7.267939574022890703e+00
7.611018109533387310e+00
7.804300092237333786e+00
7.804300092261623689e+00
7.601660842198660006e+00
7.601660842209550850e+00
7.267939574021338167e+00
7.836855800379030512e+00
7.836855800382408255e+00
7.257566663063955481e+00
7.611018109512753149e+00
7.611018109544268384e+00
7.257566663054220157e+00
7.836855800354163293e+00
7.836855800356540058e+00
7.257566663055244227e+00
7.611018109533389975e+00
7.601660842229700066e+00
7.804300092215011198e+00
7.804300092241199138e+00
7.601660842210054447e+00
7.267939574013158044e+00
7.267939574021369253e+00
7.836855800353681012e+00
7.836855800381435699e+00
7.836855800357024115e+00
7.836855800382851456e+00
7.257566663055244227e+00
7.267939574023937865e+00
7.611018109533389975e+00
7.804300092241198250e+00
7.804300092265981981e+00
7.601660842200645085e+00
7.601660842210050006e+00
7.267939574021369253e+00
7.836855800381437476e+00
7.836855800382851456e+00
7.257566663064493717e+00
7.611018109513747909e+00
8.032539398393209851e+00
7.157844996877275712e+00
7.257566663056261191e+00
7.257566663055755818e+00
7.149649361220329347e+00
8.032539398378210294e+00
8.032162813592284678e+00
7.381123666594989530e+00
9.314777488051232623e+00
9.314777488068889610e+00
7.381123666604148426e+00
8.032162813566619874e+00
7.152848939870160017e+00
9.312409209445540625e+00
9.312409209470882132e+00
7.152848939855848798e+00
7.257566663056256751e+00
7.257566663063920842e+00
7.257566663055760259e+00
7.267939574023425386e+00
7.149649361220332899e+00
9.304747454659166195e+00
9.313161157440347893e+00
7.143445012378162318e+00
8.032539398378212070e+00
7.381123666604148426e+00
9.312409209470889238e+00
9.312409209490180473e+00
7.363498591976834540e+00
8.029012163176664885e+00
8.032162813566621651e+00
7.152848939855854127e+00
7.257566663063919066e+00
7.267939574023423610e+00
7.152848939857832988e+00
8.029392807913730223e+00
8.026754214076602167e+00
7.611018109533389975e+00
7.611018109532901477e+00
8.026754214072386873e+00
7.342911352611319664e+00
7.371902975191773066e+00
7.804300092237333786e+00
7.804300092240738174e+00
7.371902975192263341e+00
7.342911352612336628e+00
8.029392807942187460e+00
7.363498591967653439e+00
9.313161157400926982e+00
9.313161157421866676e+00
7.363498591975826457e+00
8.029392807916096331e+00
7.611018109533391751e+00
7.804300092237332009e+00
7.804300092262111299e+00
7.604487098351365049e+00
7.611018109532901477e+00
7.804300092240742615e+00
7.804300092264016442e+00
7.608191853361531365e+00
8.026754214072386873e+00
7.371902975192265117e+00
9.313161157421863123e+00
9.314777488095845825e+00
7.371902975200940844e+00
8.034801407418189712e+00
7.342911352612336628e+00
7.363498591975309537e+00
7.804300092262113075e+00
7.804300092264014665e+00
7.381123666613319756e+00
7.342911352611319664e+00
8.029392807916092778e+00
7.604487098350872110e+00
7.608191853361534029e+00
8.032162813552114144e+00
8.034801407436928500e+00
7.601660842208544544e+00
7.601660842210050006e+00
8.034801407433173281e+00
8.029012163195856644e+00
7.143445012378798253e+00
7.267939574021318627e+00
7.267939574021882621e+00
7.143445012375634562e+00
8.029012163179009676e+00
7.601660842208544544e+00
7.267939574021323068e+00
7.836855800379517234e+00
7.836855800381919757e+00
7.267939574022890703e+00
7.608191853361017110e+00
7.601660842210054447e+00
7.267939574021882621e+00
7.836855800381917980e+00
7.836855800382851456e+00
7.257566663063978574e+00
7.604487098352370467e+00
8.034801407433173281e+00
7.143445012375633674e+00
7.267939574022890703e+00
7.257566663063978574e+00
7.157844996865457610e+00
8.026754214047167935e+00
8.029012163179011452e+00
7.608191853361014445e+00
7.604487098352372243e+00
8.032539398352149362e+00
