8.030947529814440600e+00
7.597893759454531271e+00
7.597893759455497609e+00
8.034580453932044009e+00
8.025339513386656520e+00
7.140002312931035711e+00
7.255442321319591770e+00
7.255442321320947130e+00
7.149931915465253418e+00
8.024771368722827702e+00
7.597893759454532159e+00
7.255442321319593546e+00
7.843910968558012620e+00
7.843910968560510177e+00
7.245607486485307724e+00
7.609384424150127835e+00
7.597893759455498497e+00
7.255442321320947130e+00
7.843910968560514618e+00
7.843910968562655128e+00
7.245607486485987181e+00
7.609384424150135828e+00
8.034580453932044009e+00
7.149931915465247201e+00
7.245607486485310389e+00
7.245607486485988069e+00
7.155177107220719535e+00
8.028404292841978318e+00
8.024771368722829479e+00
7.609384424150126947e+00
7.609384424150139381e+00
8.034008416760155313e+00
8.028404292859852021e+00
7.609384424159086002e+00
7.609384424160366756e+00
8.034008416774668149e+00
7.332826734093703003e+00
7.373100661354447638e+00
7.800586529338028541e+00
7.800586529340872488e+00
7.382531608039229809e+00
7.332826734092714460e+00
8.024771368738916166e+00
7.365680228387093464e+00
9.316657218778656713e+00
9.316253902951141086e+00
7.365680228395026674e+00
8.025339513360050248e+00
7.609384424159399529e+00
7.800586529338030317e+00
7.800586529362864674e+00
7.597893759434804828e+00
7.609384424160366756e+00
7.800586529340872488e+00
7.800586529366025701e+00
7.597893759434822591e+00
8.034008416774376826e+00
7.382531608038907400e+00
9.316253902950622390e+00
9.309272203052071148e+00
7.373100661363675812e+00
8.030947529784210559e+00
7.332826734092711796e+00
7.365680228395357965e+00
7.800586529362861121e+00
7.800586529366027477e+00
7.382531608048127580e+00
7.332826734092713572e+00
8.025339513360341570e+00
7.597893759434801275e+00
7.597893759434822591e+00
8.034580453906091435e+00
8.034008416780130446e+00
7.147436833539001277e+00
7.245607486483286230e+00
7.245607486484309412e+00
7.155177107220815458e+00
8.028404292847731938e+00
8.034580453937213207e+00
7.382531608038586768e+00
9.309272203014563374e+00
9.319378632093838988e+00
7.373100661363675812e+00
8.030947529789985495e+00
7.137385764756677631e+00
9.309674476087820949e+00
9.306550807771458267e+00
7.132140572986918947e+00
7.245607486483284454e+00
7.255442321328599675e+00
7.245607486484311188e+00
7.255442321329283573e+00
7.155177107220819899e+00
9.319378632093838988e+00
9.316657218826311038e+00
7.140002312914844218e+00
8.028404292847730161e+00
7.373100661363678476e+00
9.306550807771193590e+00
9.316253902977178925e+00
7.365680228405572016e+00
8.025339513347006459e+00
8.030947529789989048e+00
7.132140572986920724e+00
7.255442321328936295e+00
7.255442321329284461e+00
7.149931915452198972e+00
8.024771368699253671e+00
7.609384424160029248e+00
7.245607486483955029e+00
7.843910968557711527e+00
7.843910968559885788e+00
7.245607486485310389e+00
7.609384424149793880e+00
7.597893759454532159e+00
7.800586529337414810e+00
7.800586529363796373e+00
7.597893759433845595e+00
7.255442321319905297e+00
7.255442321328257727e+00
7.843910968557711527e+00
7.843910968584937748e+00
7.843910968559883123e+00
7.843910968587429089e+00
7.245607486484977322e+00
7.255442321329927502e+00
7.609384424150122506e+00
7.800586529363797261e+00
7.800586529389589963e+00
7.597893759423921090e+00
7.597893759433842931e+00
7.255442321328589905e+00
7.843910968584937748e+00
7.843910968587429089e+00
7.245607486493643279e+00
7.609384424128186275e+00
7.609384424160682947e+00
7.245607486484311188e+00
7.843910968560510177e+00
7.843910968563286623e+00
7.245607486485655890e+00
7.609384424150139381e+00
7.597893759455498497e+00
7.800586529340851172e+00
7.800586529366023036e+00
7.597893759434172445e+00
7.255442321320947130e+00
7.255442321328619215e+00
7.843910968560514618e+00
7.843910968587744392e+00
7.843910968563286623e+00
7.843910968589579369e+00
7.245607486485654114e+00
7.255442321330974664e+00
7.609384424150135828e+00
7.800586529366028365e+00
7.800586529391813073e+00
7.597893759424246163e+00
7.597893759434499295e+00
7.255442321328610333e+00
7.843910968587743504e+00
7.843910968589895560e+00
7.245607486493992333e+00
7.609384424129157942e+00
8.034008416775284545e+00
7.155177107219813593e+00
7.245607486485294402e+00
7.245607486485987181e+00
7.147436833537923917e+00
8.034008416759851556e+00
8.034580453932356647e+00
7.382531608039228921e+00
9.319378632093833659e+00
9.319378632111241956e+00
7.382531608048460647e+00
8.034580453906707831e+00
7.149931915465247201e+00
9.316253902950361265e+00
9.316253902977436496e+00
7.149931915451487541e+00
7.245607486485640791e+00
7.245607486493979010e+00
7.245607486485988069e+00
7.255442321330629163e+00
7.147436833537927470e+00
9.309272203052593397e+00
9.316657218843717558e+00
7.140002312915083138e+00
8.034008416759851556e+00
7.382531608048456206e+00
9.316253902977694068e+00
9.316253902995372371e+00
7.365680228405897978e+00
8.025339513342752085e+00
8.034580453906711384e+00
7.149931915451489317e+00
7.245607486493979010e+00
7.255442321330974664e+00
7.149931915452447662e+00
8.024771368693816243e+00
8.028404292845625179e+00
7.609384424150761106e+00
7.609384424149814308e+00
8.028404292841676337e+00
7.332826734092710907e+00
7.373100661363356956e+00
7.800586529364114341e+00
7.800586529366025701e+00
7.373100661363997332e+00
7.332826734092713572e+00
8.024771368723435216e+00
7.365680228395679485e+00
9.316657218804941465e+00
9.316657218826572162e+00
7.365680228405250496e+00
8.024771368698365492e+00
7.609384424150441362e+00
7.800586529364114341e+00
7.800586529390225010e+00
7.601267673045066786e+00
7.609384424150129611e+00
7.800586529366027477e+00
7.800586529392453450e+00
7.606010510508961708e+00
8.028404292841674561e+00
7.373100661363997332e+00
9.316657218826039255e+00
9.319378632138556995e+00
7.373100661373228171e+00
8.030947529769983717e+00
7.332826734092713572e+00
7.365680228405252272e+00
7.800586529390224122e+00
7.800586529392450785e+00
7.382531608057340655e+00
7.332826734091718812e+00
8.024771368698367269e+00
7.601267673045068562e+00
7.606010510508964373e+00
8.034580453891566165e+00
8.030947529788170058e+00
7.597893759433528516e+00
7.597893759434499295e+00
8.030947529784512540e+00
8.025339513360362886e+00
7.140002312917240523e+00
7.255442321328599675e+00
7.255442321328953170e+00
7.140002312914150551e+00
8.025339513346111175e+00
7.597893759433527627e+00
7.255442321328604116e+00
7.843910968584937748e+00
7.843910968587743504e+00
7.255442321330273003e+00
7.606010510507364764e+00
7.597893759434499295e+00
7.255442321328950506e+00
7.843910968587744392e+00
7.843910968589894672e+00
7.245607486494326288e+00
7.601267673044761253e+00
8.030947529784512540e+00
7.140002312914146110e+00
7.255442321330277444e+00
7.245607486494325400e+00
7.155177107207346232e+00
8.028404292815697119e+00
8.025339513346107623e+00
7.606010510507362099e+00
7.601267673044761253e+00
8.034008416733881219e+00
