8.025321865781394948e+00
7.593106948696596525e+00
7.593106948697427860e+00
8.022773029036020631e+00
8.019891245112381384e+00
7.138806748092891397e+00
7.247774449086907822e+00
7.247774449088208115e+00
7.149056400285150659e+00
8.020191018895435064e+00
7.593106948696596525e+00
7.247774449086907822e+00
7.846335021311719338e+00
7.846335021314504665e+00
7.238430933031060555e+00
7.604473980595527038e+00
7.593106948697026404e+00
7.247774449088209892e+00
7.846335021314502001e+00
7.846335021317639047e+00
7.238430933032343084e+00
7.604473980596361926e+00
8.022773029036020631e+00
7.149056400285153323e+00
7.238430933031060555e+00
7.238430933032345749e+00
7.155275432499832000e+00
8.017642182150416019e+00
8.020191018895804547e+00
7.604473980595522598e+00
7.604473980596359262e+00
8.023069266357021334e+00
8.017642182169369747e+00
7.604473980606143435e+00
7.604473980605335193e+00
8.023069266370585595e+00
7.352851375935193445e+00
7.369054732452741341e+00
7.811474848657720571e+00
7.811474848659346826e+00
7.378233427691935020e+00
7.352851375934777778e+00
8.020191018910479031e+00
7.360692497471010398e+00
9.313011301655212293e+00
9.311904361164884847e+00
7.360692497480273211e+00
8.019891245086149922e+00
7.604473980606138994e+00
7.811474848657722347e+00
7.811474848682926186e+00
7.593106948676696888e+00
7.604473980605742867e+00
7.811474848659345938e+00
7.811474848685358019e+00
7.593106948677111667e+00
8.023069266370585595e+00
7.378233427691524682e+00
9.311904361164884847e+00
9.304273150285379046e+00
7.369054732462380741e+00
8.025321865752097494e+00
7.352851375934776001e+00
7.360692497479848662e+00
7.811474848682116168e+00
7.811474848685358019e+00
7.378233427700342517e+00
7.352851375932675460e+00
8.019891245085780440e+00
7.593106948676695112e+00
7.593106948677110779e+00
8.022773029010576096e+00
8.023069266376777975e+00
7.147918314800316253e+00
7.238430933031064107e+00
7.238430933031072101e+00
7.155275432499481170e+00
8.017642182156210495e+00
8.022773029041443849e+00
7.378233427691128554e+00
9.304273150247519553e+00
9.314405074738958845e+00
7.369054732461561841e+00
8.025321865756755102e+00
7.137548669604199425e+00
9.305378738024424834e+00
9.302879390283196770e+00
7.131329637375751318e+00
7.238430933031064107e+00
7.247774449096699101e+00
7.238430933031072101e+00
7.247774449096290539e+00
7.155275432499479393e+00
9.314405074738962398e+00
9.313011301703337352e+00
7.138806748076199860e+00
8.017642182156212272e+00
7.369054732461560064e+00
9.302879390283530725e+00
9.311904361190755708e+00
7.360692497489946362e+00
8.019891245074180830e+00
8.025321865756755102e+00
7.131329637375748653e+00
7.247774449096700877e+00
7.247774449096293203e+00
7.149056400271606826e+00
8.020191018872283806e+00
7.604473980605334305e+00
7.238430933029757597e+00
7.846335021312122571e+00
7.846335021314104097e+00
7.238430933031477998e+00
7.604473980596746507e+00
7.593106948696997094e+00
7.811474848656910552e+00
7.811474848682521177e+00
7.593106948676292767e+00
7.247774449088199233e+00
7.247774449096700877e+00
7.846335021312119906e+00
7.846335021340120619e+00
7.846335021314100544e+00
7.846335021342103033e+00
7.238430933031477998e+00
7.247774449099235738e+00
7.604473980596744731e+00
7.811474848682926186e+00
7.811474848706939866e+00
7.593106948665685252e+00
7.593106948676293655e+00
7.247774449096699101e+00
7.846335021340118843e+00
7.846335021342103033e+00
7.238430933041241744e+00
7.604473980575260583e+00
7.604473980605738426e+00
7.238430933031072101e+00
7.846335021314504665e+00
7.846335021317639935e+00
7.238430933032345749e+00
7.604473980595958693e+00
7.593106948697839087e+00
7.811474848659346826e+00
7.811474848685358019e+00
7.593106948677124102e+00
7.247774449088631776e+00
7.247774449096293203e+00
7.846335021314502001e+00
7.846335021342110139e+00
7.846335021318033398e+00
7.846335021344073901e+00
7.238430933032343084e+00
7.247774449099275706e+00
7.604473980595961358e+00
7.811474848685358019e+00
7.811474848709774044e+00
7.593106948667323941e+00
7.593106948677123214e+00
7.247774449096290539e+00
7.846335021342111027e+00
7.846335021344073901e+00
7.238430933040841175e+00
7.604473980575285452e+00
8.023069266370985275e+00
7.155275432499934141e+00
7.238430933031905212e+00
7.238430933032767634e+00
7.147918314801135153e+00
8.023069266357021334e+00
8.022773029036407877e+00
7.378233427691935020e+00
9.314405074739291024e+00
9.314405074756175296e+00
7.378233427700342517e+00
8.022773029010959789e+00
7.149056400285606294e+00
9.311904361164879518e+00
9.311904361190423529e+00
7.149056400272036704e+00
7.238430933031462899e+00
7.238430933040399751e+00
7.238430933032767634e+00
7.247774449099278371e+00
7.147918314801135153e+00
9.304273150285371941e+00
9.313011301721227042e+00
7.138806748077003661e+00
8.023069266357021334e+00
7.378233427700340741e+00
9.311904361190423529e+00
9.311904361209315084e+00
7.360692497490352260e+00
8.019891245066816055e+00
8.022773029010958012e+00
7.149056400272035816e+00
7.238430933040399751e+00
7.247774449099275706e+00
7.149056400271503797e+00
8.020191018865302723e+00
8.017642182153897679e+00
7.604473980595936489e+00
7.604473980595961358e+00
8.017642182150416019e+00
7.352851375934776890e+00
7.369054732461560064e+00
7.811474848682926186e+00
7.811474848684548000e+00
7.369054732462380741e+00
7.352851375933517453e+00
8.020191018895804547e+00
7.360692497479848662e+00
9.313011301681425991e+00
9.313011301703665978e+00
7.360692497489946362e+00
8.020191018870368893e+00
7.604473980595937377e+00
7.811474848682924410e+00
7.811474848707748997e+00
7.596643938448589317e+00
7.604473980595958693e+00
7.811474848684548000e+00
7.811474848709369034e+00
7.600936990793599968e+00
8.017642182150416019e+00
7.369054732462380741e+00
9.313011301703669531e+00
9.314405074782058591e+00
7.369054732471631119e+00
8.025321865735481452e+00
7.352851375933515676e+00
7.360692497489944586e+00
7.811474848707748997e+00
7.811474848709774932e+00
7.378233427709575132e+00
7.352851375932252687e+00
8.020191018869970989e+00
7.596643938448590205e+00
7.600936990794004089e+00
8.022773028994354405e+00
8.025321865755573825e+00
7.593106948675880652e+00
7.593106948677526447e+00
8.025321865752079731e+00
8.019891245086547826e+00
7.138806748079682407e+00
7.247774449097556193e+00
7.247774449097139637e+00
7.138806748076630626e+00
8.019891245071496755e+00
7.593106948676292767e+00
7.247774449097556193e+00
7.846335021340522076e+00
7.846335021342111027e+00
7.247774449100116811e+00
7.600936990791955949e+00
7.593106948677527335e+00
7.247774449097141414e+00
7.846335021342110139e+00
7.846335021344073013e+00
7.238430933041256843e+00
7.596643938448185196e+00
8.025321865752079731e+00
7.138806748076632402e+00
7.247774449100119476e+00
7.238430933040839399e+00
7.155275432486283727e+00
8.017642182123779548e+00
8.019891245071493202e+00
7.600936990792359182e+00
7.596643938448186972e+00
8.023069266330026039e+00
