8.031175203607963553e+00
7.590924254903230306e+00
7.590924254904274804e+00
8.028783296661233138e+00
8.025913781119978552e+00
7.145962898034572852e+00
7.237542292490140028e+00
7.237542292491208507e+00
7.156282684779095682e+00
8.025278486505687425e+00
7.590924254903231194e+00
7.237542292490137363e+00
7.841621844250288298e+00
7.841621844252808060e+00
7.228633390322328545e+00
7.602172416739831462e+00
7.590924254904268587e+00
7.237542292491200513e+00
7.841621844252808060e+00
7.841621844254756724e+00
7.228633390322301899e+00
7.602172416740347494e+00
8.028783296661721636e+00
7.156282684779095682e+00
7.228633390321774321e+00
7.228633390322300123e+00
7.157730807516546001e+00
8.022886579560461584e+00
8.025278486506172371e+00
7.602172416739828797e+00
7.602172416739832350e+00
8.028144180594825485e+00
8.022886579579409982e+00
7.602172416750604178e+00
7.602172416750095252e+00
8.028144180608462577e+00
7.346688181452615929e+00
7.369205466827824402e+00
7.812287075363783195e+00
7.812287075364769073e+00
7.378194040210226845e+00
7.346688181451559885e+00
8.025278486521704835e+00
7.361078434309788143e+00
9.326002812916639684e+00
9.325166187436808585e+00
7.361078434318771180e+00
8.025913781093301225e+00
7.602172416750605954e+00
7.812287075363785860e+00
7.812287075388394619e+00
7.590924254882809308e+00
7.602172416750091699e+00
7.812287075364262812e+00
7.812287075389919622e+00
7.590924254881796784e+00
8.028144180608460800e+00
7.378194040210225069e+00
9.325166187436394694e+00
9.314758420490289126e+00
7.369205466835725638e+00
8.031175203577431532e+00
7.346688181451557220e+00
7.361078434318771180e+00
7.812287075388395508e+00
7.812287075389920510e+00
7.378194040218690297e+00
7.346688181452085686e+00
8.025913781093299448e+00
7.590924254882298605e+00
7.590924254881799449e+00
8.028783296635111810e+00
8.028144180614285474e+00
7.150745447857868697e+00
7.228633390319592067e+00
7.228633390320682750e+00
7.157730807516673011e+00
8.022886579564842080e+00
8.028783296666157199e+00
7.378194040210260596e+00
9.314758420451543230e+00
9.326997519008287441e+00
7.369205466837839502e+00
8.031175203582792577e+00
7.140312819976310621e+00
9.315593821360206306e+00
9.313763731530849910e+00
7.138864697225960398e+00
7.228633390319588514e+00
7.237542292499241192e+00
7.228633390320687191e+00
7.237542292500320329e+00
7.157730807516672122e+00
9.326997519008697779e+00
9.326002812962039812e+00
7.145962898019639908e+00
8.022886579564843856e+00
7.369205466837839502e+00
9.313763731530848133e+00
9.325166187461794820e+00
7.361078434329882292e+00
8.025913781080223686e+00
8.031175203583277522e+00
7.138864697225962175e+00
7.237542292499242969e+00
7.237542292500317664e+00
7.156282684765827184e+00
8.025278486481486340e+00
7.602172416749589878e+00
7.228633390319060936e+00
7.841621844250775908e+00
7.841621844252808060e+00
7.228633390322300123e+00
7.602172416739333194e+00
7.590924254903739232e+00
7.812287075362773336e+00
7.812287075388395508e+00
7.590924254881783462e+00
7.237542292490668494e+00
7.237542292499218100e+00
7.841621844250772355e+00
7.841621844276593478e+00
7.841621844252808060e+00
7.841621844279108799e+00
7.228633390322297458e+00
7.237542292501369268e+00
7.602172416739836791e+00
7.812287075388392843e+00
7.812287075414058535e+00
7.590924254873584687e+00
7.590924254881778133e+00
7.237542292499216323e+00
7.841621844276589925e+00
7.841621844279107023e+00
7.228633390329767039e+00
7.602172416718923742e+00
7.602172416750093475e+00
7.228633390319623153e+00
7.841621844252808060e+00
7.841621844254270890e+00
7.228633390321768992e+00
7.602172416739838567e+00
7.590924254904268587e+00
7.812287075365788702e+00
7.812287075390431212e+00
7.590924254881799449e+00
7.237542292490670270e+00
7.237542292499786534e+00
7.841621844252808060e+00
7.841621844279107023e+00
7.841621844254270890e+00
7.841621844282064657e+00
7.228633390321768992e+00
7.237542292500866559e+00
7.602172416739841232e+00
7.812287075390430324e+00
7.812287075416603166e+00
7.590924254873078425e+00
7.590924254881796784e+00
7.237542292499790086e+00
7.841621844279109688e+00
7.841621844282064657e+00
7.228633390329793684e+00
7.602172416718957493e+00
8.028144180607936775e+00
7.157730807516671234e+00
7.228633390322855234e+00
7.228633390322862340e+00
7.150745447857254966e+00
8.028144180594328105e+00
8.028783296661233138e+00
7.378194040210225069e+00
9.326997519009118776e+00
9.326997519025733041e+00
7.378194040219206329e+00
8.028783296635635836e+00
7.156282684779128545e+00
9.325166187436389365e+00
9.325166187461801925e+00
7.156282684765862712e+00
7.228633390322857899e+00
7.228633390329767039e+00
7.228633390322856123e+00
7.237542292501400354e+00
7.150745447857259407e+00
9.314758420490710122e+00
9.326002812979506729e+00
7.145962898020097320e+00
8.028144180594324553e+00
7.378194040219206329e+00
9.325166187462221146e+00
9.325166187480501634e+00
7.361078434328809372e+00
8.025913781075333375e+00
8.028783296635635836e+00
7.156282684765858271e+00
7.228633390329769703e+00
7.237542292501401242e+00
7.156282684767428570e+00
8.025278486476619122e+00
8.022886579564843856e+00
7.602172416739836791e+00
7.602172416739841232e+00
8.022886579559992626e+00
7.346688181452085686e+00
7.369205466837324359e+00
7.812287075388901769e+00
7.812287075389919622e+00
7.369205466836775464e+00
7.346688181452087463e+00
8.025278486506660869e+00
7.361078434318771180e+00
9.326002812942457254e+00
9.326002812962050470e+00
7.361078434329367148e+00
8.025278486480544871e+00
7.602172416740346605e+00
7.812287075388907098e+00
7.812287075414562132e+00
7.594614950941804388e+00
7.602172416739330529e+00
7.812287075389923174e+00
7.812287075416599613e+00
7.598481720650718252e+00
8.022886579560458031e+00
7.369205466836245222e+00
9.326002812962052246e+00
9.326997519053227492e+00
7.369205466846271868e+00
8.031175203562387566e+00
7.346688181452088351e+00
7.361078434329360931e+00
7.812287075414565685e+00
7.812287075416603166e+00
7.378194040229747230e+00
7.346688181450499400e+00
8.025278486480544871e+00
7.594614950941809717e+00
7.598481720650209326e+00
8.028783296620558119e+00
8.031175203580852795e+00
7.590924254882811084e+00
7.590924254881796784e+00
8.031175203576966126e+00
8.025913781092842925e+00
7.145962898021290144e+00
7.237542292499766106e+00
7.237542292499790086e+00
7.145962898017960363e+00
8.025913781079724529e+00
7.590924254882808420e+00
7.237542292499770546e+00
7.841621844277097075e+00
7.841621844279109688e+00
7.237542292501921715e+00
7.598481720650703153e+00
7.590924254881799449e+00
7.237542292499786534e+00
7.841621844279107023e+00
7.841621844282060216e+00
7.228633390329266994e+00
7.594614950941315001e+00
8.031175203576969679e+00
7.145962898017960363e+00
7.237542292501923491e+00
7.228633390329263442e+00
7.157730807503359216e+00
8.022886579534786122e+00
8.025913781079719200e+00
7.598481720650698712e+00
7.594614950941318554e+00
8.028144180568709487e+00
