8.026195468309522241e+00
7.588288220448001553e+00
7.588288220447413579e+00
8.023942931275128032e+00
8.021094765264708215e+00
7.137163211317441913e+00
7.260728486539161253e+00
7.260728486539820281e+00
7.147863859306201384e+00
8.021134452547062921e+00
7.588288220448001553e+00
7.260728486539157700e+00
7.841091792243777725e+00
7.841091792245625136e+00
7.250272161841439633e+00
7.599720744560894303e+00
7.588288220446766985e+00
7.260728486539822946e+00
7.841091792245623360e+00
7.841091792249940795e+00
7.250272161841427199e+00
7.599720744561539121e+00
8.023942931275133361e+00
7.147863859306201384e+00
7.250272161841442298e+00
7.250272161841425422e+00
7.150869873390205633e+00
8.018881915512071856e+00
8.021134452547059368e+00
7.599720744560896968e+00
7.599720744561537344e+00
8.023979122214020876e+00
8.018881915530171156e+00
7.599720744572354469e+00
7.599720744570461761e+00
8.023979122229107475e+00
7.338603745060747308e+00
7.375500258977045753e+00
7.814033311785114400e+00
7.814033311787008884e+00
7.384646142339343911e+00
7.338603745061401895e+00
8.021134452560911399e+00
7.367171069754300028e+00
9.332118159518620004e+00
9.331568216798970639e+00
7.367171069763485569e+00
8.021094765238252933e+00
7.599720744571716757e+00
7.814033311785114400e+00
7.814033311810105964e+00
7.588288220427759967e+00
7.599720744569838260e+00
7.814033311787012437e+00
7.814033311813222582e+00
7.588288220427126696e+00
8.023979122229103922e+00
7.384646142339346575e+00
9.331568216798457271e+00
9.321816548279507231e+00
7.375500258986830815e+00
8.026195468279430756e+00
7.338603745061401007e+00
7.367171069763485569e+00
7.814033311810104188e+00
7.814033311813223470e+00
7.384646142349806652e+00
7.338603745058114747e+00
8.021094765238252933e+00
7.588288220427756414e+00
7.588288220427132025e+00
8.023942931248058130e+00
8.023979122234516481e+00
7.144217862252619788e+00
7.250272161838078766e+00
7.250272161841387231e+00
7.150869873390952591e+00
8.018881915516297809e+00
8.023942931280540591e+00
7.384646142340668185e+00
9.321816548242264133e+00
9.334065938545169416e+00
7.375500258986878777e+00
8.026195468284292645e+00
7.133402401754158184e+00
9.322365392689116348e+00
9.319868782095911186e+00
7.130396387656194435e+00
7.250272161838080542e+00
7.260728486547752603e+00
7.250272161841382790e+00
7.260728486547787242e+00
7.150869873390951703e+00
9.334065938545174745e+00
9.332118159567206916e+00
7.137163211302346433e+00
8.018881915516301362e+00
7.375500258986224189e+00
9.319868782095909410e+00
9.331568216824296158e+00
7.367171069771980996e+00
8.021094765226814971e+00
8.026195468284292645e+00
7.130396387655475010e+00
7.260728486547746385e+00
7.260728486547791682e+00
7.147863859291774702e+00
8.021134452523630998e+00
7.599720744572346476e+00
7.250272161839372842e+00
7.841091792244978542e+00
7.841091792246247749e+00
7.250272161840751295e+00
7.599720744560269026e+00
7.588288220447372723e+00
7.814033311784482905e+00
7.814033311809472693e+00
7.588288220427112485e+00
7.260728486539157700e+00
7.260728486548393867e+00
7.841091792244977654e+00
7.841091792270866279e+00
7.841091792246247749e+00
7.841091792273942040e+00
7.250272161840751295e+00
7.260728486549126615e+00
7.599720744560266361e+00
7.814033311808839422e+00
7.814033311835721918e+00
7.588288220416905538e+00
7.588288220427759967e+00
7.260728486548397420e+00
7.841091792270868055e+00
7.841091792273936711e+00
7.250272161850030983e+00
7.599720744540005235e+00
7.599720744570483966e+00
7.250272161840723761e+00
7.841091792245625136e+00
7.841091792249325287e+00
7.250272161842086227e+00
7.599720744560909402e+00
7.588288220446766985e+00
7.814033311786378277e+00
7.814033311813223470e+00
7.588288220427774178e+00
7.260728486540508619e+00
7.260728486547789018e+00
7.841091792245623360e+00
7.841091792273937600e+00
7.841091792249939907e+00
7.841091792275766359e+00
7.250272161842087115e+00
7.260728486549109739e+00
7.599720744560911179e+00
7.814033311813222582e+00
7.814033311837576434e+00
7.588288220417553909e+00
7.588288220427773290e+00
7.260728486547787242e+00
7.841091792274561101e+00
7.841091792277003591e+00
7.250272161850709551e+00
7.599720744540036321e+00
8.023979122229686567e+00
7.150869873391704878e+00
7.250272161840108254e+00
7.250272161841425422e+00
7.144217862251830198e+00
8.023979122214020876e+00
8.023942931274527623e+00
7.384646142339346575e+00
9.334065938544661378e+00
9.334065938562716269e+00
7.384646142349806652e+00
8.023942931249260724e+00
7.147863859306201384e+00
9.331568216799484006e+00
9.331568216825331774e+00
7.147863859292481692e+00
7.250272161840103813e+00
7.250272161850030983e+00
7.250272161841425422e+00
7.260728486549773208e+00
7.144217862251831086e+00
9.321816548280555281e+00
9.332118159585270689e+00
7.137163211303579224e+00
8.023979122214019100e+00
7.384646142349801323e+00
9.331568216825331774e+00
9.331568216843397323e+00
7.367171069773282177e+00
8.021094765221279843e+00
8.023942931249258947e+00
7.147863859292481692e+00
7.250272161850033648e+00
7.260728486549769656e+00
7.147863859293722477e+00
8.021134452516358593e+00
8.018881915513874858e+00
7.599720744561539121e+00
7.599720744560929830e+00
8.018881915512071856e+00
7.338603745062056483e+00
7.375500258986879665e+00
7.814033311810733018e+00
7.814033311812589311e+00
7.375500258986830815e+00
7.338603745060088279e+00
8.021134452546482052e+00
7.367171069763485569e+00
9.332118159546512359e+00
9.332118159568233651e+00
7.367171069771345060e+00
8.021134452519971703e+00
7.599720744562166175e+00
7.814033311810735682e+00
7.814033311835090423e+00
7.592424107090739227e+00
7.599720744560929830e+00
7.814033311812591975e+00
7.814033311838211482e+00
7.595584857866849227e+00
8.018881915512071856e+00
7.375500258986831703e+00
9.332118159568235427e+00
9.334065938590104139e+00
7.375500258996003033e+00
8.026195468265539645e+00
7.338603745060090944e+00
7.367171069771344172e+00
7.814033311835093087e+00
7.814033311838840312e+00
7.384646142359627241e+00
7.338603745058114747e+00
8.021134452519973479e+00
7.592424107090739227e+00
7.595584857866852779e+00
8.023942931234177678e+00
8.026195468283050971e+00
7.588288220427759967e+00
7.588288220427773290e+00
8.026195468280009848e+00
8.021094765238830249e+00
7.137163211305780131e+00
7.260728486549083982e+00
7.260728486547130878e+00
7.137163211302345545e+00
8.021094765224390244e+00
7.588288220427112485e+00
7.260728486549078653e+00
7.841091792270243666e+00
7.841091792273942040e+00
7.260728486547754379e+00
7.595584857865540940e+00
7.588288220427774178e+00
7.260728486547130878e+00
7.841091792273937600e+00
7.841091792277002703e+00
7.250272161851367692e+00
7.592424107090112173e+00
8.026195468280011625e+00
7.137163211301636778e+00
7.260728486547750826e+00
7.250272161851371244e+00
7.150869873379232189e+00
8.018881915485607692e+00
8.021094765224393797e+00
7.595584857865544492e+00
7.592424107090110397e+00
8.023979122188148239e+00
