8.035419099499709006e+00
7.595437287694121409e+00
7.595437287693350470e+00
8.033295025948513413e+00
8.029813200564538178e+00
7.137612036490957657e+00
7.258549913256557851e+00
7.258549913254157993e+00
7.148594900105538663e+00
8.025612335860287772e+00
7.595437287694121409e+00
7.258549913256559627e+00
7.840598539624581420e+00
7.840598539626820518e+00
7.246462269211907170e+00
7.606742558896203654e+00
7.595437287693351358e+00
7.258549913254157104e+00
7.840598539626823182e+00
7.840598539628318875e+00
7.246462269213567176e+00
7.606742558898539563e+00
8.033295025948515189e+00
7.148594900105539551e+00
7.246462269211911611e+00
7.246462269213567176e+00
7.152172758953049936e+00
8.023488262312001851e+00
8.025612335860285995e+00
7.606742558896202766e+00
7.606742558897770401e+00
8.031807216731102983e+00
8.023488262328340781e+00
7.606742558906366192e+00
7.606742558907178875e+00
8.031807216745132649e+00
7.336409002877253727e+00
7.387438721975700062e+00
7.824984071567794963e+00
7.824984071569295097e+00
7.396376279983951640e+00
7.336409002878061969e+00
8.025612335874372505e+00
7.379323831184274596e+00
9.329259699529615091e+00
9.327806959872743775e+00
7.379323831193908667e+00
8.029813200540202089e+00
7.606742558907135354e+00
7.824984071567796740e+00
7.824984071591500445e+00
7.595437287673867388e+00
7.606742558907180651e+00
7.824984071569295097e+00
7.824984071593049428e+00
7.595437287673147075e+00
8.031807216745130873e+00
7.396376279983948976e+00
9.327806959872734893e+00
9.318049902797040929e+00
7.387438721984509016e+00
8.035419099468789739e+00
7.336409002878063745e+00
7.379323831193908667e+00
7.824984071591503110e+00
7.824984071593052093e+00
7.396376279992785463e+00
7.336409002875639906e+00
8.029813200540203866e+00
7.595437287673868276e+00
7.595437287673146187e+00
8.033295025922749133e+00
8.031807216751062128e+00
7.145808255576450385e+00
7.246462269211045637e+00
7.246462269211141560e+00
7.152172758951435227e+00
8.023488262315749964e+00
8.033295025955185409e+00
7.396376279983202018e+00
9.318049902758291481e+00
9.330269543751285255e+00
7.387438721983697221e+00
8.035419099474717441e+00
7.134711714751386324e+00
9.319499979469455297e+00
9.317040067886297905e+00
7.131133855891221174e+00
7.246462269211046525e+00
7.258549913264676690e+00
7.246462269211138896e+00
7.258549913263867559e+00
7.152172758951434339e+00
9.330269543752562456e+00
9.329259699575962017e+00
7.137612036474171084e+00
8.023488262315748187e+00
7.387438721982917400e+00
9.317040067886292576e+00
9.327806959898744310e+00
7.379323831203609352e+00
8.029813200523932437e+00
8.035419099474717441e+00
7.131133855891218509e+00
7.258549913264676690e+00
7.258549913263867559e+00
7.148594900091360671e+00
8.025612335835196731e+00
7.606742558905615681e+00
7.246462269212688767e+00
7.840598539623814034e+00
7.840598539626823182e+00
7.246462269213567176e+00
7.606742558896972817e+00
7.595437287694122297e+00
7.824984071567745225e+00
7.824984071592278490e+00
7.595437287673100890e+00
7.258549913256559627e+00
7.258549913264708664e+00
7.840598539623811369e+00
7.840598539648716780e+00
7.840598539626820518e+00
7.840598539653251819e+00
7.246462269213567176e+00
7.258549913266346465e+00
7.606742558896971929e+00
7.824984071592274937e+00
7.824984071617476999e+00
7.595437287662156756e+00
7.595437287673101778e+00
7.258549913264708664e+00
7.840598539648719445e+00
7.840598539652515520e+00
7.246462269221638941e+00
7.606742558876030458e+00
7.606742558907180651e+00
7.246462269211948026e+00
7.840598539626054020e+00
7.840598539628322428e+00
7.246462269213570728e+00
7.606742558897770401e+00
7.595437287694123185e+00
7.824984071568517052e+00
7.824984071593823032e+00
7.595437287673125759e+00
7.258549913255807340e+00
7.258549913264676690e+00
7.840598539626054020e+00
7.840598539653250931e+00
7.840598539628322428e+00
7.840598539652559928e+00
7.246462269213569840e+00
7.258549913263927955e+00
7.606742558898539563e+00
7.824984071593823032e+00
7.824984071619025094e+00
7.595437287663726167e+00
7.595437287673125759e+00
7.258549913264676690e+00
7.840598539653250931e+00
7.840598539652559928e+00
7.246462269220067753e+00
7.606742558876049998e+00
8.031807216745871614e+00
7.152172758950563924e+00
7.246462269212702978e+00
7.246462269213567176e+00
7.145808255574701562e+00
8.031807216731133181e+00
8.033295025948515189e+00
7.396376279983948976e+00
9.330269543752562456e+00
9.330269543767760965e+00
7.396376279992785463e+00
8.033295025923511190e+00
7.148594900105539551e+00
9.327806959873376158e+00
9.327806959900010852e+00
7.148594900091360671e+00
7.246462269212706531e+00
7.246462269221623842e+00
7.246462269213567176e+00
7.258549913265515130e+00
7.145808255574698897e+00
9.318049902796412098e+00
9.329259699594979693e+00
7.137612036475684540e+00
8.031807216731133181e+00
7.396376279992781022e+00
9.327806959898746086e+00
9.327806959917133156e+00
7.379323831204384732e+00
8.029813200520223404e+00
8.033295025923514743e+00
7.148594900090486703e+00
7.246462269221625618e+00
7.258549913265515130e+00
7.148594900092875903e+00
8.025612335830009769e+00
8.023488262315007447e+00
7.606742558896974593e+00
7.606742558896224971e+00
8.023488262312742592e+00
7.336409002878063745e+00
7.387438721983697221e+00
7.824984071591499557e+00
7.824984071593827473e+00
7.387438721985320811e+00
7.336409002874831664e+00
8.025612335860285995e+00
7.379323831193908667e+00
9.329259699556271102e+00
9.329259699576587295e+00
7.379323831202793116e+00
8.025612335833752553e+00
7.606742558896972817e+00
7.824984071591503110e+00
7.824984071617476999e+00
7.599690219435013994e+00
7.606742558896226747e+00
7.824984071593824808e+00
7.824984071619025094e+00
7.602489627104789705e+00
8.023488262312744368e+00
7.387438721985321699e+00
9.329259699577223230e+00
9.330269543795672860e+00
7.387438721994166180e+00
8.035419099454719216e+00
7.336409002874834329e+00
7.379323831202794892e+00
7.824984071617479664e+00
7.824984071619800474e+00
7.396376280001611292e+00
7.336409002875639906e+00
8.025612335833754329e+00
7.599690219435011329e+00
7.602489627104787928e+00
8.033295025907911224e+00
8.035419099471052817e+00
7.595437287674643656e+00
7.595437287673125759e+00
8.035419099468789739e+00
8.029813200538699292e+00
7.137612036479207056e+00
7.258549913263867559e+00
7.258549913263054876e+00
7.137612036473296229e+00
8.029813200523928884e+00
7.595437287675439464e+00
7.258549913263867559e+00
7.840598539647979592e+00
7.840598539652513743e+00
7.258549913266297615e+00
7.602489627101657099e+00
7.595437287673125759e+00
7.258549913263056652e+00
7.840598539652515520e+00
7.840598539652555488e+00
7.246462269222498698e+00
7.599690219434987348e+00
8.035419099468789739e+00
7.137612036473297117e+00
7.258549913266298503e+00
7.246462269222496033e+00
7.152172758938704966e+00
8.023488262283203554e+00
8.029813200523168604e+00
7.602489627101657099e+00
7.599690219434219074e+00
8.031807216703038321e+00
