8.029299234086559878e+00
7.595277373848606572e+00
7.595277373849573799e+00
8.028992754514250763e+00
8.023727939457554470e+00
7.136452380785431870e+00
7.248826888475235819e+00
7.248826888474248165e+00
7.147465558842077904e+00
8.023582046800658674e+00
7.595277373848606572e+00
7.248826888475235819e+00
7.835771346641127622e+00
7.835771346644849977e+00
7.237239091888815423e+00
7.606467606359495370e+00
7.595277373849572911e+00
7.248826888474248165e+00
7.835771346645787006e+00
7.835771346645756807e+00
7.237239091888857168e+00
7.606467606358556566e+00
8.028992754514248986e+00
7.147465558842077904e+00
7.237239091888815423e+00
7.237239091888857168e+00
7.151233569852864846e+00
8.023275567230115257e+00
8.023582046800658674e+00
7.606467606359496259e+00
7.606467606358557454e+00
8.028842604804154348e+00
8.023275567248090212e+00
7.606467606367102618e+00
7.606467606369967882e+00
8.028842604818501982e+00
7.327928403640806110e+00
7.387006637913415830e+00
7.825792558883129857e+00
7.825792558885009242e+00
7.396125234094354184e+00
7.327928403640805222e+00
8.023582046815938895e+00
7.378705878865567058e+00
9.339523039520246428e+00
9.338612068033768310e+00
7.378705878873399904e+00
8.023727939429740275e+00
7.606467606367103507e+00
7.825792558883129857e+00
7.825792558908300833e+00
7.595277373824982803e+00
7.606467606369967882e+00
7.825792558885010131e+00
7.825792558912003649e+00
7.595277373826891498e+00
8.028842604818501982e+00
7.396125234094354184e+00
9.338612068035311964e+00
9.329294115538790066e+00
7.387006637923133390e+00
8.029299234053361545e+00
7.327928403640805222e+00
7.378705878873399904e+00
7.825792558908301721e+00
7.825792558912003649e+00
7.396125234103115176e+00
7.327928403637857357e+00
8.023727939429740275e+00
7.595277373825923384e+00
7.595277373826891498e+00
8.028992754486434791e+00
8.028842604823045903e+00
7.145148386349889691e+00
7.237239091888845621e+00
7.237239091887930797e+00
7.151233569850926841e+00
8.023275567235502947e+00
8.028992754520498210e+00
7.396125234094392376e+00
9.329294115499456197e+00
9.340085683694939078e+00
7.387006637923171581e+00
8.029299234060594870e+00
7.134029922734382190e+00
9.330203577883763089e+00
9.328731341871829841e+00
7.130261911712102219e+00
7.237239091888844733e+00
7.248826888485084829e+00
7.237239091887931686e+00
7.248826888486107123e+00
7.151233569850925953e+00
9.340085683694939078e+00
9.339523039566492102e+00
7.136452380771150850e+00
8.023275567235501171e+00
7.387006637923172470e+00
9.328731341872606109e+00
9.338612068061511451e+00
7.378705878884121105e+00
8.023727939415346455e+00
8.029299234060594870e+00
7.130261911712103107e+00
7.248826888485084829e+00
7.248826888486107123e+00
7.147465558828683285e+00
8.023582046774635046e+00
7.606467606368978451e+00
7.237239091887873066e+00
7.835771346642063762e+00
7.835771346644849089e+00
7.237239091888815423e+00
7.606467606358558342e+00
7.595277373848604796e+00
7.825792558885011019e+00
7.825792558908300833e+00
7.595277373826861300e+00
7.248826888475183416e+00
7.248826888484061648e+00
7.835771346642063762e+00
7.835771346668737536e+00
7.835771346644849977e+00
7.835771346671534410e+00
7.237239091888815423e+00
7.248826888486085807e+00
7.606467606358558342e+00
7.825792558908299945e+00
7.825792558932469056e+00
7.595277373815459754e+00
7.595277373826861300e+00
7.248826888484060760e+00
7.835771346668737536e+00
7.835771346671535298e+00
7.237239091898786114e+00
7.606467606335879594e+00
7.606467606368067180e+00
7.237239091888916676e+00
7.835771346646722257e+00
7.835771346645756807e+00
7.237239091888857168e+00
7.606467606357621314e+00
7.595277373849572911e+00
7.825792558885009242e+00
7.825792558912004537e+00
7.595277373829707912e+00
7.248826888476219032e+00
7.248826888486108899e+00
7.835771346644849089e+00
7.835771346672472326e+00
7.835771346645756807e+00
7.835771346674248683e+00
7.237239091887886389e+00
7.248826888485059960e+00
7.606467606357621314e+00
7.825792558912004537e+00
7.825792558937175514e+00
7.595277373817364897e+00
7.595277373830675138e+00
7.248826888486108899e+00
7.835771346672472326e+00
7.835771346674248683e+00
7.237239091897756715e+00
7.606467606337804277e+00
8.028842604819429241e+00
7.151233569851984662e+00
7.237239091889843046e+00
7.237239091888857168e+00
7.145148386348798120e+00
8.028842604805017658e+00
8.028992754514248986e+00
7.396125234093405609e+00
9.340085683694939078e+00
9.340085683711075504e+00
7.396125234103115176e+00
8.028992754488264438e+00
7.147465558843075328e+00
9.338612068034541025e+00
9.338612068059960691e+00
7.147465558830709220e+00
7.237239091889843046e+00
7.237239091896787713e+00
7.237239091888857168e+00
7.248826888485059960e+00
7.145148386349795544e+00
9.329294115538788290e+00
9.339523039584957331e+00
7.136452380771896919e+00
8.028842604805017658e+00
7.396125234103116064e+00
9.338612068060735183e+00
9.338612068079209294e+00
7.378705878884121105e+00
8.023727939410823851e+00
8.028992754489127748e+00
7.147465558830709220e+00
7.237239091896787713e+00
7.248826888485059960e+00
7.147465558831618715e+00
8.023582046770110665e+00
8.023275567232809991e+00
7.606467606359498923e+00
7.606467606358583211e+00
8.023275567230115257e+00
7.327928403640803445e+00
7.387006637921234464e+00
7.825792558908300833e+00
7.825792558912003649e+00
7.387006637923133390e+00
7.327928403639823784e+00
8.023582046800658674e+00
7.378705878871422819e+00
9.339523039547998451e+00
9.339523039567268370e+00
7.378705878883173419e+00
8.023582046774633270e+00
7.606467606359499811e+00
7.825792558908301721e+00
7.825792558934351106e+00
7.599645047830084543e+00
7.606467606358583211e+00
7.825792558912003649e+00
7.825792558935291687e+00
7.602099932322238018e+00
8.023275567230117034e+00
7.387006637923133390e+00
9.339523039568039309e+00
9.340085683738047706e+00
7.387006637932936215e+00
8.029299234039859456e+00
7.327928403639823784e+00
7.378705878883173419e+00
7.825792558934351106e+00
7.825792558935291687e+00
7.396125234113885227e+00
7.327928403638842347e+00
8.023582046774633270e+00
7.599645047830083655e+00
7.602099932322238907e+00
8.028992754473859961e+00
8.029299234058804302e+00
7.595277373824953493e+00
7.595277373828793088e+00
8.029299234055191192e+00
8.023727939429779354e+00
7.136452380773145698e+00
7.248826888486054720e+00
7.248826888486068931e+00
7.136452380771057591e+00
8.023727939416209765e+00
7.595277373824954381e+00
7.248826888485084829e+00
7.835771346669674564e+00
7.835771346672472326e+00
7.248826888486085807e+00
7.602099932321253917e+00
7.595277373828794865e+00
7.248826888486068931e+00
7.835771346672472326e+00
7.835771346674248683e+00
7.237239091897756715e+00
7.599645047831988798e+00
8.029299234056052725e+00
7.136452380771057591e+00
7.248826888486085807e+00
7.237239091898742593e+00
7.151233569838596260e+00
8.023275567204112946e+00
8.023727939415307375e+00
7.602099932321253029e+00
7.599645047831988798e+00
8.028842604778171577e+00
