8.026349917890231112e+00
7.595647742028650562e+00
7.595647742029822957e+00
8.022671988134637999e+00
8.020904282512164585e+00
7.133618465022254718e+00
7.236787990664268477e+00
7.236787990664217851e+00
7.144896401825376664e+00
8.021412350324951035e+00
7.595647742028652338e+00
7.236787990664267589e+00
7.831306674354395980e+00
7.831306674355521302e+00
7.225654207184142308e+00
7.606995561825882213e+00
7.595647742029822957e+00
7.236787990664216075e+00
7.831306674355521302e+00
7.831306674358858189e+00
7.225654207185463918e+00
7.606995561830468766e+00
8.022671988134639776e+00
7.144896401825376664e+00
7.225654207184140532e+00
7.225654207185463918e+00
7.149248414965003739e+00
8.017734420572569576e+00
8.021412350324952811e+00
7.606995561825882213e+00
7.606995561830468766e+00
8.023176131605403327e+00
8.017734420588908506e+00
7.606995561836174424e+00
7.606995561837363695e+00
8.023176131618415141e+00
7.323101287727523001e+00
7.382709248825084281e+00
7.824128214401151915e+00
7.824128214402285231e+00
7.391638778940274435e+00
7.323101287725156006e+00
8.021412350340186848e+00
7.374602379368435656e+00
9.334621509290052188e+00
9.333955488572785342e+00
7.374602379376682393e+00
8.020904282489421888e+00
7.606995561836174424e+00
7.824128214401150139e+00
7.824128214425807748e+00
7.595647742008147851e+00
7.606995561837363695e+00
7.824128214403420323e+00
7.824128214426941064e+00
7.595647742008147851e+00
8.023176131618415141e+00
7.391638778940274435e+00
9.333955488571856307e+00
9.326285752419613218e+00
7.382709248835656268e+00
8.026349917863219829e+00
7.323101287725154229e+00
7.374602379376683281e+00
7.824128214425807748e+00
7.824128214426942840e+00
7.391638778947314137e+00
7.323101287723971176e+00
8.020904282489420112e+00
7.595647742008149628e+00
7.595647742008147851e+00
8.022671988113041053e+00
8.023176131626017948e+00
7.143416957960108782e+00
7.225654207180596700e+00
7.225654207184142308e+00
7.149248414966460352e+00
8.017734420575864718e+00
8.022671988142244359e+00
7.391638778937901222e+00
9.326285752381522798e+00
9.336696358955128616e+00
7.382709248835654492e+00
8.026349917866459904e+00
7.132032862580311772e+00
9.326950951901165965e+00
9.324211302609395347e+00
7.127680849426847765e+00
7.225654207180598476e+00
7.236787990675041193e+00
7.225654207184142308e+00
7.236787990673805737e+00
7.149248414966458576e+00
9.336696358955128616e+00
9.334621509338331791e+00
7.133618465002592224e+00
8.017734420575862941e+00
7.382709248835655380e+00
9.324211302609395347e+00
9.333955488599690042e+00
7.374602379387316553e+00
8.020904282473177105e+00
8.026349917865424288e+00
7.127680849426848653e+00
7.236787990675041193e+00
7.236787990673803961e+00
7.144896401810719055e+00
8.021412350297952187e+00
7.606995561839590358e+00
7.225654207183013433e+00
7.831306674354356012e+00
7.831306674354406638e+00
7.225654207182968136e+00
7.606995561828174601e+00
7.595647742029787430e+00
7.824128214401150139e+00
7.824128214426939287e+00
7.595647742009282943e+00
7.236787990663032133e+00
7.236787990672569393e+00
7.831306674355474229e+00
7.831306674380980937e+00
7.831306674354406638e+00
7.831306674383188948e+00
7.225654207182968136e+00
7.236787990673749782e+00
7.606995561828174601e+00
7.824128214426939287e+00
7.824128214451596897e+00
7.595647741997845870e+00
7.595647742009282943e+00
7.236787990672568505e+00
7.831306674380980937e+00
7.831306674383190725e+00
7.225654207192495626e+00
7.606995561805433681e+00
7.606995561840752096e+00
7.225654207181770872e+00
7.831306674355521302e+00
7.831306674358856412e+00
7.225654207184279976e+00
7.606995561830468766e+00
7.595647742029822957e+00
7.824128214402285231e+00
7.824128214426942840e+00
7.595647742010445569e+00
7.236787990663033021e+00
7.236787990673803961e+00
7.831306674354406638e+00
7.831306674383190725e+00
7.831306674358856412e+00
7.831306674386515176e+00
7.225654207184278199e+00
7.236787990676223359e+00
7.606995561830468766e+00
7.824128214426942840e+00
7.824128214453863528e+00
7.595647741996747193e+00
7.595647742010445569e+00
7.236787990673805737e+00
7.831306674383188948e+00
7.831306674386515176e+00
7.225654207192497402e+00
7.606995561805435457e+00
8.023176131620539664e+00
7.149248414964055165e+00
7.225654207182968136e+00
7.225654207184278199e+00
7.143416957958608648e+00
8.023176131606522432e+00
8.022671988134639776e+00
7.391638778940274435e+00
9.336696358954212016e+00
9.336696358970879572e+00
7.391638778947314137e+00
8.022671988110888108e+00
7.144896401824176735e+00
9.333955488572776460e+00
9.333955488599690042e+00
7.144896401806970054e+00
7.225654207182968136e+00
7.225654207192495626e+00
7.225654207184279976e+00
7.236787990676224247e+00
7.143416957958605984e+00
9.326285752420531594e+00
9.334621509354111168e+00
7.133618465004924580e+00
8.023176131606520656e+00
7.391638778947312360e+00
9.333955488600619077e+00
9.333955488615462315e+00
7.374602379389601836e+00
8.020904282470972646e+00
8.022671988110886332e+00
7.144896401806970054e+00
7.225654207192496514e+00
7.236787990676223359e+00
7.144896401811778652e+00
8.021412350295749505e+00
8.017734420574749166e+00
7.606995561828174601e+00
7.606995561830466990e+00
8.017734420572569576e+00
7.323101287726340836e+00
7.382709248833321247e+00
7.824128214424672656e+00
7.824128214428076156e+00
7.382709248835656268e+00
7.323101287727522113e+00
8.021412350326038165e+00
7.374602379376683281e+00
9.334621509316987087e+00
9.334621509339276813e+00
7.374602379388458750e+00
8.021412350299064187e+00
7.606995561828174601e+00
7.824128214424670880e+00
7.824128214449326713e+00
7.600389572521417669e+00
7.606995561830466990e+00
7.824128214428076156e+00
7.824128214452731989e+00
7.602253731279565940e+00
8.017734420571454024e+00
7.382709248835655380e+00
9.334621509339275036e+00
9.336696358997793155e+00
7.382709248847416639e+00
8.026349917846982152e+00
7.323101287726338171e+00
7.374602379388456974e+00
7.824128214449330265e+00
7.824128214452731989e+00
7.391638778957871025e+00
7.323101287728705167e+00
8.021412350299069516e+00
7.600389572521417669e+00
7.602253731278405091e+00
8.022671988095678941e+00
8.026349917865422512e+00
7.595647742008147851e+00
7.595647742010445569e+00
8.026349917863219829e+00
8.020904282488377390e+00
7.133618465007521614e+00
7.236787990673803073e+00
7.236787990674988791e+00
7.133618465001390518e+00
8.020904282473246383e+00
7.595647742008149628e+00
7.236787990673803961e+00
7.831306674380980937e+00
7.831306674383188948e+00
7.236787990672578275e+00
7.602253731278403315e+00
7.595647742010445569e+00
7.236787990674987903e+00
7.831306674383190725e+00
7.831306674386513400e+00
7.225654207191312572e+00
7.600389572522615822e+00
8.026349917862184213e+00
7.133618465001389630e+00
7.236787990672577386e+00
7.225654207192497402e+00
7.149248414951669517e+00
8.017734420544442742e+00
8.020904282473246383e+00
7.602253731278401538e+00
7.600389572522615822e+00
8.023176131578411585e+00
