8.029743256609618740e+00
7.593580908600927160e+00
7.593580908603650315e+00
8.026004306674970223e+00
8.024420165875421063e+00
7.128805822009929294e+00
7.258157532704722747e+00
7.258157532704767156e+00
7.140353173346743354e+00
8.024191314337896230e+00
7.593580908602278079e+00
7.258157532704720083e+00
7.826685426605866525e+00
7.826685426609895302e+00
7.245876555497601679e+00
7.604812622070322270e+00
7.593580908603646762e+00
7.258157532704766268e+00
7.826685426609895302e+00
7.826685426613139818e+00
7.245876555499745741e+00
7.604812622070322270e+00
8.026004306674973776e+00
7.140353173346743354e+00
7.245876555497602567e+00
7.245876555499748406e+00
7.145065113846407634e+00
8.020452364403242385e+00
8.024191314337894454e+00
7.604812622070320494e+00
7.604812622070322270e+00
8.025771637465595632e+00
8.020452364422025582e+00
7.604812622078511275e+00
7.604812622080573625e+00
8.025771637482430165e+00
7.337264752648669841e+00
7.382458886142277521e+00
7.822511311795403266e+00
7.822511311798792555e+00
7.391554022491473752e+00
7.337264752647255861e+00
8.024191314352751903e+00
7.375063951885033831e+00
9.343768013507760983e+00
9.343358141146479667e+00
7.375063951894860637e+00
8.024420165848917819e+00
7.604812622078511275e+00
7.822511311795405042e+00
7.822511311820891322e+00
7.593580908579837363e+00
7.604812622080571849e+00
7.822511311798792555e+00
7.822511311822927027e+00
7.593580908580529254e+00
8.025771637482430165e+00
7.391554022491473752e+00
9.343358141146483220e+00
9.335366571160589544e+00
7.382458886152085675e+00
8.029743256578612431e+00
7.337264752647257637e+00
7.375063951894860637e+00
7.822511311820891322e+00
7.822511311822927027e+00
7.391554022502012877e+00
7.337264752647967292e+00
8.024420165848919595e+00
7.593580908579839139e+00
7.593580908580529254e+00
8.026004306647916309e+00
8.025771637485682675e+00
7.139456412359829862e+00
7.245876555497573257e+00
7.245876555496185922e+00
7.145065113845754823e+00
8.020452364408450663e+00
8.026004306681420175e+00
7.391554022491502174e+00
9.335366571121223700e+00
9.345570307419599487e+00
7.382458886152797994e+00
8.029743256585115674e+00
7.127802817723271289e+00
9.335775377109808204e+00
9.333564284985467197e+00
7.123090877208751337e+00
7.245876555497575033e+00
7.258157532714661464e+00
7.245876555496185922e+00
7.258157532712509408e+00
7.145065113845754823e+00
9.345570307418485712e+00
9.343768013556521979e+00
7.128805821994469660e+00
8.020452364409070611e+00
7.382458886152797994e+00
9.333564284984920079e+00
9.343358141172521059e+00
7.375063951902601111e+00
8.024420165835346452e+00
8.029743256585115674e+00
7.123090877207984839e+00
7.258157532714662352e+00
7.258157532712507631e+00
7.140353173331281944e+00
8.024191314315265444e+00
7.604812622079878182e+00
7.245876555496137961e+00
7.826685426605892282e+00
7.826685426607872920e+00
7.245876555498341531e+00
7.604812622069648143e+00
7.593580908602956647e+00
7.822511311796077393e+00
7.822511311820891322e+00
7.593580908579139255e+00
7.258157532705460824e+00
7.258157532713185311e+00
7.826685426605894058e+00
7.826685426633712694e+00
7.826685426607871143e+00
7.826685426635711984e+00
7.245876555498344196e+00
7.258157532716078997e+00
7.604812622071690065e+00
7.822511311820891322e+00
7.822511311849587479e+00
7.593580908570244148e+00
7.593580908579142807e+00
7.258157532713183535e+00
7.826685426633712694e+00
7.826685426635715537e+00
7.245876555508242056e+00
7.604812622048581439e+00
7.604812622081921880e+00
7.245876555495477156e+00
7.826685426609895302e+00
7.826685426613136265e+00
7.245876555499038751e+00
7.604812622070322270e+00
7.593580908603646762e+00
7.822511311798115763e+00
7.822511311822929692e+00
7.593580908580529254e+00
7.258157532704057502e+00
7.258157532713216398e+00
7.826685426609895302e+00
7.826685426636386111e+00
7.826685426613136265e+00
7.826685426637666865e+00
7.245876555499036975e+00
7.258157532714686333e+00
7.604812622070322270e+00
7.822511311822927027e+00
7.822511311850266047e+00
7.593580908570957355e+00
7.593580908580529254e+00
7.258157532713214621e+00
7.826685426636387888e+00
7.826685426639001797e+00
7.245876555506852945e+00
7.604812622047926851e+00
8.025771637480504594e+00
7.145065113845035398e+00
7.245876555499085825e+00
7.245876555499745741e+00
7.139456412358994974e+00
8.025771637465595632e+00
8.026004306674973776e+00
7.391554022491473752e+00
9.345570307417933265e+00
9.345570307436718238e+00
7.391554022502012877e+00
8.026004306648534481e+00
7.140353173346743354e+00
9.343358141146486773e+00
9.343358141171973941e+00
7.140353173331323688e+00
7.245876555498341531e+00
7.245876555506806760e+00
7.245876555499748406e+00
7.258157532714658799e+00
7.139456412358995863e+00
9.335366571159484650e+00
9.343768013575354914e+00
7.128805821995073622e+00
8.025771637465597408e+00
7.391554022502012877e+00
9.343358141171973941e+00
9.343358141191343336e+00
7.375063951904712312e+00
8.024420165830198570e+00
8.026004306648536257e+00
7.140353173331325465e+00
7.245876555506806760e+00
7.258157532714658799e+00
7.140353173333377157e+00
8.024191314310119338e+00
8.020452364407114842e+00
7.604812622070996397e+00
7.604812622072365080e+00
8.020452364403862333e+00
7.337264752648669841e+00
7.382458886152821975e+00
7.822511311819536850e+00
7.822511311823603819e+00
7.382458886152085675e+00
7.337264752646551536e+00
8.024191314339184089e+00
7.375063951894175851e+00
9.343768013536010386e+00
9.343768013557083307e+00
7.375063951902601111e+00
8.024191314312089318e+00
7.604812622070996397e+00
7.822511311819536850e+00
7.822511311848231230e+00
7.598411958275153033e+00
7.604812622072365080e+00
7.822511311823607372e+00
7.822511311850266047e+00
7.599981572346429459e+00
8.020452364403865886e+00
7.382458886152085675e+00
9.343768013557628649e+00
9.345570307463320958e+00
7.382458886161934686e+00
8.029743256565039289e+00
7.337264752646554200e+00
7.375063951902602888e+00
7.822511311848233007e+00
7.822511311850266047e+00
7.391554022511840571e+00
7.337264752646552424e+00
8.024191314312082213e+00
7.598411958275150369e+00
7.599981572346429459e+00
8.026004306634291652e+00
8.029743256582541733e+00
7.593580908580515043e+00
7.593580908580529254e+00
8.029743256580605504e+00
8.024420165848329844e+00
7.128805821997461045e+00
7.258157532714660576e+00
7.258157532713924276e+00
7.128805821994514957e+00
8.024420165834056817e+00
7.593580908580513267e+00
7.258157532714661464e+00
7.826685426634364617e+00
7.826685426636387888e+00
7.258157532715341809e+00
7.599981572345701153e+00
7.593580908580529254e+00
7.258157532713925164e+00
7.826685426636386111e+00
7.826685426637670417e+00
7.245876555506146843e+00
7.598411958273147526e+00
8.029743256580605504e+00
7.128805821994513181e+00
7.258157532715339144e+00
7.245876555506145955e+00
7.145065113830914250e+00
8.020452364379369925e+00
8.024420165834058594e+00
7.599981572345701153e+00
7.598411958273148414e+00
8.025771637441744488e+00
