8.022387689035786806e+00
7.593189337291005536e+00
7.593189337292657548e+00
8.018826714599944339e+00
8.017184831434251535e+00
7.129417714042217469e+00
7.259755629134020616e+00
7.259755629134830635e+00
7.140965010717052586e+00
8.017547102278996363e+00
7.593189337291807561e+00
7.259755629134022392e+00
7.827882640622789268e+00
7.827882640625173138e+00
7.247624830977410504e+00
7.605627454506204366e+00
7.593189337292661101e+00
7.259755629134830635e+00
7.827882640625174915e+00
7.827882640627525923e+00
7.247624830977412280e+00
7.605627454507027707e+00
8.018826714600717054e+00
7.140965010716199934e+00
7.247624830977410504e+00
7.247624830977412280e+00
7.145839676848487976e+00
8.013986127840004414e+00
8.017547102278999915e+00
7.605627454506204366e+00
7.605627454507027707e+00
8.019185450173964114e+00
8.013986127860047048e+00
7.605627454515893504e+00
7.605627454516738162e+00
8.019185450190919440e+00
7.335446200263393557e+00
7.384359422836680231e+00
7.843055186034115778e+00
7.843055186038118798e+00
7.393289960971627828e+00
7.335446200262561334e+00
8.017547102294358297e+00
7.376260420194820533e+00
9.343271220288222878e+00
9.342316264263613945e+00
7.376260420204812540e+00
8.017184831408961543e+00
7.605627454515895280e+00
7.843055186034114001e+00
7.843055186061079098e+00
7.593189337270028538e+00
7.605627454517539299e+00
7.843055186038918158e+00
7.843055186061878459e+00
7.593189337270876749e+00
8.019185450190919440e+00
7.393289960971627828e+00
9.342316264263621051e+00
9.333188260904959677e+00
7.384359422847502685e+00
8.022387689008180445e+00
7.335446200262559557e+00
7.376260420203967882e+00
7.843055186061079098e+00
7.843055186061876682e+00
7.393289960981654474e+00
7.335446200265068661e+00
8.017184831408959766e+00
7.593189337270032091e+00
7.593189337270876749e+00
8.018826714573853209e+00
8.019185450196305354e+00
7.140432882765232137e+00
7.247624830974027432e+00
7.247624830974894294e+00
7.145839676844228272e+00
8.013986127846221663e+00
8.018826714604546879e+00
7.393289960972497354e+00
9.333188260863517272e+00
9.345026023887495370e+00
7.384359422848311816e+00
8.022387689012900225e+00
7.128786883319195411e+00
9.334141924651973454e+00
9.331433466517371045e+00
7.123912217177982953e+00
7.247624830974027432e+00
7.259755629144982514e+00
7.247624830974890742e+00
7.259755629145750788e+00
7.145839676844228272e+00
9.345026023887495370e+00
9.343271220334214533e+00
7.129417714027380448e+00
8.013986127846219887e+00
7.384359422848310928e+00
9.331433466518033626e+00
9.342316264289895145e+00
7.376260420212304325e+00
8.017184831395915978e+00
8.022387689013637413e+00
7.123912217177981177e+00
7.259755629144980738e+00
7.259755629145750788e+00
7.140965010701357585e+00
8.017547102254502178e+00
7.605627454515073715e+00
7.247624830974083388e+00
7.827882640622789268e+00
7.827882640625171362e+00
7.247624830977410504e+00
7.605627454509400032e+00
7.593189337291005536e+00
7.843055186035715387e+00
7.843055186059477712e+00
7.593189337270854544e+00
7.259755629133148425e+00
7.259755629145754341e+00
7.827882640622789268e+00
7.827882640650328128e+00
7.827882640625171362e+00
7.827882640652710222e+00
7.247624830977412280e+00
7.259755629146524392e+00
7.605627454508602447e+00
7.843055186059477712e+00
7.843055186084037622e+00
7.593189337260301208e+00
7.593189337270053407e+00
7.259755629145754341e+00
7.827882640650328128e+00
7.827882640652710222e+00
7.247624830988344868e+00
7.605627454484432448e+00
7.605627454517537522e+00
7.247624830974890742e+00
7.827882640625173138e+00
7.827882640627532140e+00
7.247624830978251609e+00
7.605627454507027707e+00
7.593189337292661101e+00
7.843055186037319437e+00
7.843055186063478068e+00
7.593189337270051631e+00
7.259755629134830635e+00
7.259755629145720590e+00
7.827882640625174915e+00
7.827882640651913526e+00
7.827882640627524147e+00
7.827882640656595115e+00
7.247624830978250721e+00
7.259755629146607880e+00
7.605627454507027707e+00
7.843055186063478956e+00
7.843055186087242170e+00
7.593189337260346505e+00
7.593189337270051631e+00
7.259755629144071243e+00
7.827882640651915302e+00
7.827882640656595115e+00
7.247624830986678646e+00
7.605627454483637528e+00
8.019185450191708142e+00
7.145839676845027633e+00
7.247624830977410504e+00
7.247624830979090049e+00
7.140432882764223166e+00
8.019185450173985430e+00
8.018826714599944339e+00
7.393289960971627828e+00
9.345026023887502475e+00
9.345026023905216306e+00
7.393289960979974040e+00
8.018826714573886960e+00
7.140965010716199934e+00
9.342316264263606840e+00
9.342316264290545291e+00
7.140965010704839244e+00
7.247624830977410504e+00
7.247624830987466460e+00
7.247624830979091826e+00
7.259755629146609657e+00
7.140432882765129996e+00
9.333188260904297096e+00
9.343271220353907225e+00
7.129417714027267650e+00
8.019185450173985430e+00
7.393289960981654474e+00
9.342316264289888039e+00
9.342316264308935914e+00
7.376260420216457447e+00
8.017184831392089706e+00
8.018826714573888736e+00
7.140965010704837468e+00
7.247624830987462907e+00
7.259755629146607880e+00
7.140965010703059335e+00
8.017547102249899638e+00
8.013986127843150342e+00
7.605627454507002838e+00
7.605627454506984186e+00
8.013986127840025731e+00
7.335446200265909766e+00
7.384359422846658916e+00
7.843055186060278849e+00
7.843055186063478068e+00
7.384359422847502685e+00
7.335446200265068661e+00
8.017547102278262727e+00
7.376260420203125001e+00
9.343271220311864411e+00
9.343271220336182736e+00
7.376260420214835634e+00
8.017547102254466651e+00
7.605627454507004614e+00
7.843055186060276185e+00
7.843055186084841424e+00
7.598106011383742420e+00
7.605627454506183049e+00
7.843055186063478068e+00
7.843055186086441033e+00
7.600710780361840335e+00
8.013986127840025731e+00
7.384359422847501797e+00
9.343271220336186289e+00
9.345026023934112303e+00
7.384359422857454724e+00
8.022387688992919763e+00
7.335446200264231997e+00
7.376260420214835634e+00
7.843055186084840535e+00
7.843055186086441033e+00
7.393289960991590526e+00
7.335446200262557781e+00
8.017547102254470204e+00
7.598106011383742420e+00
7.600710780361035646e+00
8.018826714558585422e+00
8.022387689012077772e+00
7.593189337270032091e+00
7.593189337270051631e+00
8.022387689009006451e+00
8.017184831410522960e+00
7.129417714031725417e+00
7.259755629145754341e+00
7.259755629145718814e+00
7.129417714029057329e+00
8.017184831394443378e+00
7.593189337270032091e+00
7.259755629145754341e+00
7.827882640648732959e+00
7.827882640651915302e+00
7.259755629147400136e+00
7.600710780361836783e+00
7.593189337270051631e+00
7.259755629145720590e+00
7.827882640651913526e+00
7.827882640657356283e+00
7.247624830987517086e+00
7.598106011382941283e+00
8.022387689009006451e+00
7.129417714029057329e+00
7.259755629147400136e+00
7.247624830987518862e+00
7.145839676831895915e+00
8.013986127813984339e+00
8.017184831394443378e+00
7.600710780361836783e+00
7.598106011382941283e+00
8.019185450150256855e+00
