n np ek2 ekm it it0 it1
3 3 0.046963706376050615 0.10221585288685953 13.0 11.0 15.0
5 5 0.05205997257024718 0.12368409816462589 13.0 10.0 15.0
7 7 0.05392594089445777 0.13012576868548242 13.0 5.0 14.0
9 9 0.05596744896519002 0.14031850258753242 12.5 7.0 14.0
11 11 0.05584176913414113 0.14693805757881995 12.0 7.0 14.0
13 13 0.057341820517711375 0.15138637656339382 12.0 9.0 14.0
15 15 0.05854173729493412 0.15134781394090902 12.0 8.0 14.0
17 17 0.05956940652195703 0.155691098224213 12.0 9.0 14.0
19 19 0.06097701850903882 0.15673365374885617 12.0 7.0 14.0
21 21 0.06061478931621841 0.1587783935362923 12.0 6.0 14.0
23 23 0.061514003791434256 0.16119337968491143 12.0 9.0 14.0
25 25 0.061596444772345174 0.16175239264518537 12.0 9.0 14.0
27 27 0.06166914574342003 0.16205387324332254 12.0 8.0 14.0
29 29 0.06223889908014474 0.16458944129865527 12.0 9.0 14.0
31 31 0.06276845772918159 0.16434718601198073 12.0 9.0 14.0
33 33 0.06313202815513487 0.16492232901731962 12.0 9.0 14.0
35 35 0.0630087084445993 0.16430063434775732 12.0 9.0 14.0
37 37 0.06354119862891866 0.16587468988165344 12.0 9.0 14.0
39 39 0.06311009680522123 0.16675824232376302 12.0 9.0 15.0
41 41 0.06289553631577072 0.1662836929744591 12.0 7.0 15.0
43 43 0.06323754363080754 0.16751071046725596 12.0 9.0 14.0
45 45 0.06350751230205992 0.16708704487472414 12.0 9.0 14.0
47 47 0.06332947179443656 0.16819628843291512 12.0 9.0 14.0
49 49 0.06286490286030406 0.16812825299176404 12.0 9.0 14.0
