0.5072148555993972 0.5118221865236064 0.5063611780397906
0.5028985445861966 0.5072567394056801 0.5067570369478775
0.5022167826485615 0.5000502005428333 0.5071365223198253
0.5149724442810281 0.5120393134194161 0.5143766945421336
0.5032232268557385 0.5055445131468757 0.5025072543460347
0.51492378272058 0.5074695522047175 0.5012696793750675
0.5060511955763741 0.5086252092020219 0.5145999094459286
0.5047680955696789 0.5074462562300612 0.5100651751078995
0.5113066476328424 0.5013766777827425 0.5126327523617831
0.505932273163007 0.502546699295508 0.5057407056236963
0.5154139968985129 0.5124067310005929 0.5138221645158468
0.5061597011920768 0.5046591675609446 0.5030154980055274
0.511903344433453 0.5123877351395332 0.5114554538683407
0.5114237783343738 0.5089459680933494 0.5038509856744061
0.5069030676169946 0.5124867146536305 0.507730286592633
0.5078120935884202 0.5081964988336471 0.5059176562335879
0.5145385522377739 0.5124973366940161 0.5110828594883081
0.5134483735724641 0.5057735152639354 0.5104296055326555
0.5045307521646268 0.5067495014359524 0.5090130169947794
0.504335627125842 0.5133135516384976 0.5111633434377552
0.5055630324817952 0.5080193612823871 0.5121046625320231
0.5034648365980408 0.5087484350992786 0.5125808929212516
0.5139789167721825 0.5079604574058014 0.5001848321138768
0.5073123064722607 0.5001545555288386 0.5034250157200248
0.5092119571313757 0.5028191288107834 0.5134689099607064
0.5010027980424238 0.5131621443805158 0.5016470051349554
0.514722849385455 0.512338195133021 0.5009293497465976
0.5080933630191158 0.5137644439689298 0.5073690182533922
0.5099937186958021 0.5014222362725785 0.5111634723075117
0.5139489057003787 0.5086940735757055 0.512734261485774
0.5019648226496749 0.5125304232874498 0.509829172607461
0.5123142250302909 0.5005719417453637 0.5130628158348581
0.5137273606617349 0.5069842979996075 0.5128420796515858
0.5110087718889736 0.5134652681767493 0.501093852641389
0.501713646914377 0.5059172036259776 0.5026864195229251
0.5077240429415851 0.5050609502164014 0.5025780922899122
0.5096606393857275 0.5130086716961578 0.5083575531196549
0.5090884348568938 0.5082264063674116 0.5005116782570503
0.5068392435245641 0.5055942602483599 0.5047292532048443
0.5051977171111018 0.50689228268816 0.5051586654752355
0.5001474063215413 0.5134632874586024 0.503202328023199
0.5119589814411808 0.5005458861126618 0.5106222436722377
0.5111982717488659 0.5121964764542783 0.5069144806196527
0.5005376469956124 0.511729433430401 0.5104132037052828
0.5009241330707954 0.5139421232065361 0.5105985070727489
0.5007500190413577 0.5036886112894061 0.5052402342783924
0.5146721557104924 0.508473792709959 0.5146419007278807
0.5104958904320356 0.5093278465617939 0.5020260701235655
0.5077499782404497 0.5039295168493774 0.5155820242095639
0.5055750796903685 0.5075458900971697 0.5118299470777891
0.5014835410980675 0.513641604965441 0.5058247311420755
0.5044031863912102 0.5042089747177203 0.5056110580782164
0.5052193578664362 0.5053796225545913 0.5065674203190853
0.5060969985515675 0.5042466643704682 0.5081006296405685
0.5000615339693042 0.5136051523748943 0.5121977661064537
0.5031411701117298 0.5083233635351427 0.5125334855229766
0.5039311957852841 0.5083047335885278 0.5153391270285492
0.5038275171138817 0.5123860287989014 0.5035849260399584
0.5033309366615839 0.5101256154522971 0.5040314469982543
0.5071590577488563 0.5106252025597672 0.5015598865635568
0.5053788087720058 0.5053276082263333 0.5045639991325127
0.5100641294729429 0.5015903165193789 0.5116968994964929
0.5052706694616024 0.5099469536487216 0.5101293750758076
0.5084966449524073 0.5140891494848567 0.5132577055679819
0.5007312135981594 0.5110347125748798 0.5009865968407671
0.5069738035457416 0.5095235283876691 0.5145098704172449
0.5135166808029711 0.511569197570268 0.5117274235132381
0.5086762294231266 0.5146793076354608 0.505108486744428
0.5048905832058106 0.5154677106583485 0.5115765054973447
0.5115924524704953 0.5029096102501515 0.5105760677434217
0.5104406489289087 0.5141046965470158 0.5103796418162685
0.50622142651062 0.5137106760423744 0.5145449823341228
0.5084469379508477 0.5139026463333072 0.5125290037968514
0.5071990627715375 0.5037413548398509 0.5066986654917542
0.5053669965498387 0.5037405449079432 0.5052653583266976
0.5144817359990189 0.5101726723049396 0.5050594546660038
0.5077792326674406 0.5013177839837436 0.5066993456189819
0.5138852105020981 0.5154808977227406 0.5018238966613058
0.5132556873573 0.5009884316170737 0.5029853118617188
0.5139350069283286 0.5116446793672093 0.5096788711717377
0.5138960905107972 0.5148650672849026 0.5142369247107805
0.5115951598776143 0.5066707667945942 0.5105231931307598
0.5101091594897363 0.5079561232036214 0.5071618797633088
0.5080225787997595 0.5044535958223454 0.5064325477219789
0.5021742571322485 0.5053262003031034 0.5126733810566947
0.5039034326409907 0.515070918837772 0.5152703991090536
0.5092059514797903 0.5089038781604827 0.5059399005745279
0.5099685074866857 0.5145691365522834 0.5074561978387623
0.5087253341581445 0.5078951417126032 0.5081101383638953
0.5106603388344203 0.5110499821962885 0.5073553128201118
0.5095560349634903 0.5122816910831746 0.5102460014254975
0.5132111942862012 0.5078900128413131 0.5114899190242286
0.5031017935859375 0.5018026829190161 0.5133914718832706
0.5154923570712273 0.5150948492853434 0.50401142972112
0.5037529954948042 0.5147177223335984 0.503094374399138
0.503068734622234 0.5128411282287718 0.500767135782028
0.5036718131329228 0.5040944673813255 0.5112042862298201
0.5143035523044085 0.5115328832251568 0.5130914718198852
0.5003539593659528 0.5105527738076285 0.5015518759301705
0.5005899638769458 0.5026475795596107 0.5129840509306289
