n er2 ek2 erm ekm ek2a ekma
3 0.011170494589475584 0.056203715946683906 0.02366435962045277 0.1105682588039274 0.024952655301828365 0.05760198866620283
5 0.003548659512805282 0.04858188087001362 0.005296445391684834 0.0910900512510796 0.022249570822589312 0.04467874799350788
7 0.004368727123015476 0.04854331999291387 0.008519152865523627 0.08389869947790096 0.018002352352781692 0.037159210952960896
9 0.007968028182426267 0.052731992241660995 0.016093919807877333 0.08596149864057856 0.015018021726846117 0.035079308207139344
11 0.011142378936632244 0.05617560029384057 0.021800074861398566 0.08883979168499667 0.012607613303211944 0.034608335407863254
13 0.01390918617195633 0.05735689636216206 0.030455283920659992 0.0851431139040717 0.008861016284642613 0.02947692232052345
15 0.006751862865394119 0.03953364656405339 0.015053354851237044 0.08865834637298431 0.02956382312312344 0.051146716002277
17 0.0036183129450619916 0.04281317793426053 0.00805239372433142 0.08984192234075916 0.0258339467942454 0.049132252265032324
19 0.0 0.04503322135720833 0.0 0.08690389918349362 0.02184111683032707 0.0438451669342806
