n er2 ek2 erm ekm ek2a ekma
3 0.008200751738940332 0.0211235898372842 0.03224165420976943 0.04955589790916459 0.015272055563648487 0.06132441006368719
5 0.0074344888357840665 0.022301537588444276 0.023254642146879112 0.05854290997205003 0.016790356316979654 0.07001989656786858
7 0.005290707796257496 0.02315759160234868 0.015982601098206484 0.06658703808486344 0.018753340976181695 0.07753785685407542
9 0.003451121720749032 0.025146908246485286 0.014460231009653102 0.06733732110927448 0.018644229597681222 0.08026985199944353
11 0.0031483035981452307 0.02523934245782541 0.008654148330569544 0.07442637120534723 0.022204371357563864 0.0872370494537298
13 0.0032834176972511074 0.02438774764557288 0.007849544134592823 0.07562158515192818 0.021076571678009224 0.08705434484982502
15 0.0023169397410230043 0.02517399439133227 0.005013636197894966 0.07878236369983127 0.020764810790469806 0.09016378197899552
17 0.0021241940305703 0.025727011140323525 0.0036347175446034274 0.07816283457433704 0.021095122833362567 0.09031415923916654
19 0.0 0.026504580354160975 0.0 0.08179755211892759 0.020822830608412602 0.09476599596933874
