n er2 ek2 erm ekm ek2a ekma
3 0.06997318144534459 0.2207297597644112 0.2160773248463137 0.386486939678763 0.051645488690134855 0.21270821257621764
5 0.027982260207658663 0.17873883852672529 0.03554950789027944 0.2047629937206168 0.016098883932134815 0.04639426877982839
7 0.009169813308128685 0.15578636719212124 0.02959871905462752 0.1972461251566464 0.019459089314707533 0.04911050515333284
9 0.007191000728167603 0.15671391366657236 0.02658842074513368 0.1852406390848622 0.01213312856289396 0.033828051808992635
11 0.00660024670668737 0.15380819431641515 0.011837954212417734 0.1763986789644133 0.014277040320511272 0.033575300789622606
13 0.0025497817262814773 0.15155468216975318 0.006725265807497993 0.17661881284157077 0.01303497438196639 0.033578438663196625
15 0.005242003114888273 0.1533937575237512 0.013325248209790197 0.18373486304223952 0.01633639209837305 0.03583850909218821
17 0.0040346859135068636 0.15234268258366288 0.011037977314890424 0.17056283981872788 0.01651909953989067 0.034224171320849144
19 0.0 0.15075657831906664 0.0 0.17040961483244954 0.012649931364772726 0.03356411340742079
