1.189849999999999935e-01
2.721279999999999810e-01
3.549010000000000220e-01
4.101620000000000266e-01
4.516729999999999912e-01
4.786830000000000251e-01
4.902170000000000138e-01
4.876170000000000226e-01
4.741090000000000027e-01
4.537599999999999967e-01
4.304029999999999800e-01
4.067890000000000117e-01
3.842949999999999977e-01
3.631400000000000183e-01
3.429130000000000233e-01
3.230910000000000171e-01
3.033379999999999965e-01
2.835599999999999787e-01
2.638110000000000177e-01
2.441810000000000092e-01
2.247280000000000111e-01
2.054620000000000057e-01
1.863650000000000029e-01
1.674110000000000043e-01
1.485789999999999889e-01
1.298509999999999942e-01
1.112159999999999954e-01
9.266399999999999637e-02
7.418379999999999419e-02
5.576360000000000344e-02
3.739529999999999937e-02
1.907119999999999996e-02
7.679300000000000015e-04
-1.753470000000000029e-02
-3.586779999999999829e-02
-5.426179999999999892e-02
-7.273029999999999773e-02
-9.128909999999999803e-02
-1.099539999999999962e-01
-1.287439999999999973e-01
-1.476770000000000027e-01
-1.667730000000000046e-01
-1.860499999999999932e-01
-2.055230000000000112e-01
-2.252079999999999915e-01
-2.451240000000000085e-01
-2.653079999999999883e-01
-2.858169999999999877e-01
-3.067360000000000086e-01
-3.281549999999999745e-01
-3.501170000000000115e-01
-3.725089999999999790e-01
-3.948559999999999848e-01
-4.160409999999999942e-01
-4.344199999999999728e-01
-4.495890000000000164e-01
-4.667060000000000097e-01
-4.987929999999999864e-01
-5.533719999999999750e-01
-6.040010000000000101e-01
-5.913410000000000055e-01
-4.722620000000000151e-01
-2.642180000000000084e-01
-5.085959999999999787e-02
