grids 016 032 064
error 0.00503359902455 0.00622070179395 0.0163916262287 0.002615765179
error 0.00085832445318 0.00101993478505 0.0024805622421 4.50778170289e-05
order [ 2.55199529  2.60860044  2.72421993  5.85867157]

grids 032 064 128
error 0.00085832445318 0.00101993478505 0.0024805622421 4.50778170289e-05
error 0.000205653057137 0.000260175883831 0.0008721840272 9.48932409266e-05
order [ 2.06131058  1.97091776  1.50796268 -1.07388768]

grids 064 128 256
error 0.000205653057137 0.000260175883831 0.0008721840272 9.48932409266e-05
error 5.05344618416e-05 6.64177664977e-05 0.000254359342713 8.60577142869e-06
order [ 2.02487305  1.96984613  1.77776448  3.4629289 ]

