9.765625000000000000e-04 3.900723877291245589e-02
2.929687500000000000e-03 1.220332513909787309e-02
4.882812500000000000e-03 -1.347892530076867657e-02
6.835937500000000000e-03 -3.799952837446606002e-02
8.789062500000000000e-03 2.843239520870435855e-02
1.074218750000000000e-02 6.376531185078387898e-03
1.269531250000000000e-02 -1.438832238802267849e-02
1.464843750000000000e-02 -3.384164507818257506e-02
1.660156250000000000e-02 1.835449356732657411e-02
1.855468750000000000e-02 1.510004167734224634e-03
2.050781250000000000e-02 -1.407699015585101021e-02
2.246093750000000000e-02 -2.846222108658658101e-02
2.441406250000000000e-02 1.005980440747233917e-02
2.636718750000000000e-02 -2.146486192454610809e-03
2.832031250000000000e-02 -1.339492398322333910e-02
3.027343750000000000e-02 -2.377953977462832214e-02
3.222656250000000000e-02 4.416182612431318599e-03
3.417968750000000000e-02 -4.520163961487300153e-03
3.613281250000000000e-02 -1.286306547029253400e-02
3.808593750000000000e-02 -2.068984766423220822e-02
4.003906250000000000e-02 9.659255966639745949e-04
4.199218750000000000e-02 -6.023353118839225306e-03
4.394531250000000000e-02 -1.267147410684682507e-02
4.589843750000000000e-02 -1.901722305135700175e-02
4.785156250000000000e-02 -1.311725727803192409e-03
4.980468750000000000e-02 -7.134544185820046458e-03
5.175781250000000000e-02 -1.272201227611424734e-02
5.371093750000000000e-02 -1.808349829413491427e-02
5.566406250000000000e-02 -3.158499620777965866e-03
5.761718750000000000e-02 -8.078935442413170964e-03
5.957031250000000000e-02 -1.277813423794482706e-02
6.152343750000000000e-02 -1.725298409750891659e-02
6.347656250000000000e-02 -4.855920392007995190e-03
6.542968750000000000e-02 -8.868940004526759679e-03
6.738281250000000000e-02 -1.264391540435610972e-02
6.933593750000000000e-02 -1.617629832712769167e-02
7.128906250000000000e-02 -6.415962681362019637e-03
7.324218750000000000e-02 -9.451992650816920527e-03
7.519531250000000000e-02 -1.223573870221972282e-02
7.714843750000000000e-02 -1.476575067939694952e-02
7.910156250000000000e-02 -7.773604089367225356e-03
8.105468750000000000e-02 -9.795414088000498065e-03
8.300781250000000000e-02 -1.156478706367125575e-02
8.496093750000000000e-02 -1.308405776426907474e-02
8.691406250000000000e-02 -8.873707230229677112e-03
8.886718750000000000e-02 -9.903379506014053923e-03
9.082031250000000000e-02 -1.069529680969083518e-02
9.277343750000000000e-02 -1.125513723528753784e-02
9.472656250000000000e-02 -9.692794574345631187e-03
9.667968750000000000e-02 -9.808379169486292071e-03
9.863281250000000000e-02 -9.712968235558727681e-03
1.005859375000000000e-01 -9.414666419017725385e-03
1.025390625000000000e-01 -1.023756500550593307e-02
1.044921875000000000e-01 -9.559517345013812673e-03
1.064453125000000000e-01 -8.705297143954682237e-03
1.083984375000000000e-01 -7.684390361173298878e-03
1.103515625000000000e-01 -1.053731065494811769e-02
1.123046875000000000e-01 -9.212058617792895365e-03
1.142578125000000000e-01 -7.749283000851536762e-03
1.162109375000000000e-01 -6.158758152885912551e-03
1.181640625000000000e-01 -1.063613062311352664e-02
1.201171875000000000e-01 -8.819035182495549297e-03
1.220703125000000000e-01 -6.902848722654952862e-03
1.240234375000000000e-01 -4.896751778961427881e-03
1.259765625000000000e-01 -1.058314837224760829e-02
1.279296875000000000e-01 -8.423639509293590066e-03
1.298828125000000000e-01 -6.199981078417016178e-03
1.318359375000000000e-01 -3.920095566854131519e-03
1.337890625000000000e-01 -1.042625194436735958e-02
1.357421875000000000e-01 -8.055994496748819511e-03
1.376953125000000000e-01 -5.650802595521475791e-03
1.396484375000000000e-01 -3.216901093619162211e-03
1.416015625000000000e-01 -1.020638937289192194e-02
1.435546875000000000e-01 -7.732042525479210227e-03
1.455078125000000000e-01 -5.245061782423621199e-03
1.474609375000000000e-01 -2.749897876401896646e-03
1.494140625000000000e-01 -9.955175731632737168e-03
1.513671875000000000e-01 -7.455386291049415082e-03
1.533203125000000000e-01 -4.958270236634754191e-03
1.552734375000000000e-01 -2.466667649420661856e-03
1.572265625000000000e-01 -9.694193727505073799e-03
1.591796875000000000e-01 -7.220589535826105188e-03
1.611328125000000000e-01 -4.758788975992356285e-03
1.630859375000000000e-01 -2.310245046522441115e-03
1.650390625000000000e-01 -9.436276453404890407e-03
1.669921875000000000e-01 -7.017449179179902075e-03
1.689453125000000000e-01 -4.614579006329444510e-03
1.708984375000000000e-01 -2.228087195804306919e-03
1.728515625000000000e-01 -9.187732367229139996e-03
1.748046875000000000e-01 -6.834515010680219937e-03
1.767578125000000000e-01 -4.497876881661255766e-03
1.787109375000000000e-01 -2.177578692678261429e-03
1.806640625000000000e-01 -8.950517541386093789e-03
1.826171875000000000e-01 -6.661720381499258714e-03
1.845703125000000000e-01 -4.387928081803438296e-03
1.865234375000000000e-01 -2.128544104495644351e-03
1.884765625000000000e-01 -8.724159800775566076e-03
1.904296875000000000e-01 -6.491616196318494847e-03
1.923828125000000000e-01 -4.271448679354972189e-03
1.943359375000000000e-01 -2.062939373348282590e-03
1.962890625000000000e-01 -8.507126809053466854e-03
1.982421875000000000e-01 -6.319757963514027743e-03
2.001953125000000000e-01 -4.141898679853261989e-03
2.021484375000000000e-01 -1.972847079444339791e-03
2.041015625000000000e-01 -8.297815162610466810e-03
2.060546875000000000e-01 -6.144423719946723317e-03
2.080078125000000000e-01 -3.997905012217528586e-03
2.099609375000000000e-01 -1.857698804920981939e-03
2.119140625000000000e-01 -8.094863353353576318e-03
2.138671875000000000e-01 -5.965699293063231323e-03
2.158203125000000000e-01 -3.841326189041927019e-03
2.177734375000000000e-01 -1.721311519754742392e-03
2.197265625000000000e-01 -7.897340235824168442e-03
2.216796875000000000e-01 -5.784856533809168422e-03
2.236328125000000000e-01 -3.675661162060805953e-03
2.255859375000000000e-01 -1.569445571529937133e-03
2.275390625000000000e-01 -7.704603789649044909e-03
2.294921875000000000e-01 -5.603596907549635020e-03
2.314453125000000000e-01 -3.504895054262047172e-03
2.333984375000000000e-01 -1.408303423927892428e-03
2.353515625000000000e-01 -7.516481606257618964e-03
2.373046875000000000e-01 -5.423714144346059030e-03
2.392578125000000000e-01 -3.332672821052762302e-03
2.412109375000000000e-01 -1.243269699217397495e-03
2.431640625000000000e-01 -7.332853326488086854e-03
2.451171875000000000e-01 -5.246554625631782987e-03
2.470703125000000000e-01 -3.161721805667039309e-03
2.490234375000000000e-01 -1.078358208202123691e-03
2.509765625000000000e-01 -7.153594577046673564e-03
2.529296875000000000e-01 -5.073086367878953951e-03
2.548828125000000000e-01 -2.993999816159720329e-03
2.568359375000000000e-01 -9.163481602497136613e-04
2.587890625000000000e-01 -6.978706887256158620e-03
2.607421875000000000e-01 -4.903940728522737658e-03
2.626953125000000000e-01 -2.830662060073985131e-03
2.646484375000000000e-01 -7.588813558519480473e-04
2.666015625000000000e-01 -6.808237456108368058e-03
2.685546875000000000e-01 -4.739499962321674920e-03
2.705078125000000000e-01 -2.672326429838389750e-03
2.724609375000000000e-01 -6.067299001576431650e-04
2.744140625000000000e-01 -6.642115936625309081e-03
2.763671875000000000e-01 -4.579722330482177695e-03
2.783203125000000000e-01 -2.518966331984562323e-03
2.802734375000000000e-01 -4.598619834612627244e-04
2.822265625000000000e-01 -6.480154648348113167e-03
2.841796875000000000e-01 -4.424390929711474740e-03
2.861328125000000000e-01 -2.370336816062523777e-03
2.880859375000000000e-01 -3.179924569058079076e-04
2.900390625000000000e-01 -6.322247279050952073e-03
2.919921875000000000e-01 -4.273351556375287741e-03
2.939453125000000000e-01 -2.226183656283159396e-03
2.958984375000000000e-01 -1.807536788979713371e-04
2.978515625000000000e-01 -6.168363039451812968e-03
2.998046875000000000e-01 -4.126413222661245994e-03
3.017578125000000000e-01 -2.086203532900648971e-03
3.037109375000000000e-01 -4.773208924194194402e-05
3.056640625000000000e-01 -6.018436206708832614e-03
3.076171875000000000e-01 -3.983417353660256843e-03
3.095703125000000000e-01 -1.950122449407648562e-03
3.115234375000000000e-01 8.146098615544050681e-05
3.134765625000000000e-01 -5.872394872112052244e-03
3.154296875000000000e-01 -3.844193502969356357e-03
3.173828125000000000e-01 -1.817676525498801432e-03
3.193359375000000000e-01 2.071852207253810363e-04
3.212890625000000000e-01 -5.730129218455559670e-03
3.232421875000000000e-01 -3.708547410269991129e-03
3.251953125000000000e-01 -1.688586887322429675e-03
3.271484375000000000e-01 3.297738957555584882e-04
3.291015625000000000e-01 -5.591515171129074480e-03
3.310546875000000000e-01 -3.576321528087567092e-03
3.330078125000000000e-01 -1.562694704663775136e-03
3.349609375000000000e-01 4.493905225652072843e-04
3.369140625000000000e-01 -5.456543273004960115e-03
3.388671875000000000e-01 -3.447482554828129597e-03
3.408203125000000000e-01 -1.439898477873902127e-03
3.427734375000000000e-01 5.662336883839325097e-04
3.447265625000000000e-01 -5.324997956090565809e-03
3.466796875000000000e-01 -3.321754999204451497e-03
3.486328125000000000e-01 -1.319921327051970517e-03
3.505859375000000000e-01 6.805214981707441435e-04
3.525390625000000000e-01 -5.196793859586434916e-03
3.544921875000000000e-01 -3.199090064450293980e-03
3.564453125000000000e-01 -1.202725390913511605e-03
3.583984375000000000e-01 7.923157262276214752e-04
3.603515625000000000e-01 -5.071835536545277190e-03
3.623046875000000000e-01 -3.079384977991733718e-03
3.642578125000000000e-01 -1.088196126448753853e-03
3.662109375000000000e-01 9.017481227936163801e-04
3.681640625000000000e-01 -4.949989249940972558e-03
3.701171875000000000e-01 -2.962482643247804637e-03
3.720703125000000000e-01 -9.761686995989060645e-04
3.740234375000000000e-01 1.008983331077878409e-03
3.759765625000000000e-01 -4.831085171114885002e-03
3.779296875000000000e-01 -2.848234995992959817e-03
3.798828125000000000e-01 -8.665007205150565550e-04
3.818359375000000000e-01 1.114145320118331561e-03
3.837890625000000000e-01 -4.715024591605276871e-03
3.857421875000000000e-01 -2.736543298941102043e-03
3.876953125000000000e-01 -7.591060635184221361e-04
3.896484375000000000e-01 1.217313103983333478e-03
3.916015625000000000e-01 -4.601719048843821991e-03
3.935546875000000000e-01 -2.627307243105794776e-03
3.955078125000000000e-01 -6.538571867535647453e-04
3.974609375000000000e-01 1.318650013659397602e-03
3.994140625000000000e-01 -4.490976817314792924e-03
4.013671875000000000e-01 -2.520298760976757979e-03
4.033203125000000000e-01 -5.505099101967281250e-04
4.052734375000000000e-01 1.418414244428053972e-03
4.072265625000000000e-01 -4.382565004427463329e-03
4.091796875000000000e-01 -2.415316765398148324e-03
4.111328125000000000e-01 -4.488808081494627400e-04
4.130859375000000000e-01 1.516753281405339160e-03
4.150390625000000000e-01 -4.276364544624017272e-03
4.169921875000000000e-01 -2.312249968133658906e-03
4.189453125000000000e-01 -3.488723826194223276e-04
4.208984375000000000e-01 1.613789095094825266e-03
4.228515625000000000e-01 -4.172265714680892246e-03
4.248046875000000000e-01 -2.210964104571055966e-03
4.267578125000000000e-01 -2.503210525715143797e-04
4.287109375000000000e-01 1.709696704824945068e-03
4.306640625000000000e-01 -4.070102669570127563e-03
4.326171875000000000e-01 -2.111273497891266726e-03
4.345703125000000000e-01 -1.530108155761294997e-04
4.365234375000000000e-01 1.804703408422661526e-03
4.384765625000000000e-01 -3.969679498638287174e-03
4.404296875000000000e-01 -2.012987076141378728e-03
4.423828125000000000e-01 -5.677867114796397718e-05
4.443359375000000000e-01 1.898971856053283114e-03
4.462890625000000000e-01 -3.870852640246419396e-03
4.482421875000000000e-01 -1.915956489654618844e-03
4.501953125000000000e-01 3.854334640805701095e-05
4.521484375000000000e-01 1.992672856207779175e-03
4.541015625000000000e-01 -3.773480066445192294e-03
4.560546875000000000e-01 -1.820014477616871407e-03
4.580078125000000000e-01 1.331494782409320399e-04
4.599609375000000000e-01 2.086035731637944646e-03
4.619140625000000000e-01 -3.677342627630829364e-03
4.638671875000000000e-01 -1.724942729401886254e-03
4.658203125000000000e-01 2.272484213957162713e-04
4.677734375000000000e-01 2.179247928193232819e-03
4.697265625000000000e-01 -3.582279741794230921e-03
4.716796875000000000e-01 -1.630572540877062160e-03
4.736328125000000000e-01 3.210197508684287104e-04
4.755859375000000000e-01 2.272523564185967293e-03
4.775390625000000000e-01 -3.488110382775508334e-03
4.794921875000000000e-01 -1.536709498396467144e-03
4.814453125000000000e-01 4.146722866505483940e-04
4.833984375000000000e-01 2.366064324428093085e-03
4.853515625000000000e-01 -3.394658108591248891e-03
4.873046875000000000e-01 -1.443176737476535576e-03
4.892578125000000000e-01 5.083751851450990511e-04
4.912109375000000000e-01 2.460041827829263089e-03
4.931640625000000000e-01 -3.301772486815898050e-03
4.951171875000000000e-01 -1.349829041413508346e-03
4.970703125000000000e-01 6.022985215979256846e-04
4.990234375000000000e-01 2.554632747012192812e-03
5.009765625000000000e-01 -3.209254006378680496e-03
5.029296875000000000e-01 -1.256435364729953028e-03
5.048828125000000000e-01 6.966670546568343864e-04
5.068359375000000000e-01 2.650079946532574171e-03
5.087890625000000000e-01 -3.116979407611601346e-03
5.107421875000000000e-01 -1.162871576123076112e-03
5.126953125000000000e-01 7.916262799015621326e-04
5.146484375000000000e-01 2.746524515982025523e-03
5.166015625000000000e-01 -3.025197321205884676e-03
5.185546875000000000e-01 -1.069402923131728723e-03
5.205078125000000000e-01 8.868889598389042769e-04
5.224609375000000000e-01 2.843692535106481789e-03
5.244140625000000000e-01 -2.933243493401370416e-03
5.263671875000000000e-01 -9.753219599906628318e-04
5.283203125000000000e-01 9.832027636339432664e-04
5.302734375000000000e-01 2.942356538295809107e-03
5.322265625000000000e-01 -2.841339279051949968e-03
5.341796875000000000e-01 -8.808600279529670007e-04
5.361328125000000000e-01 1.080324031514916239e-03
5.380859375000000000e-01 3.042242107282627783e-03
5.400390625000000000e-01 -2.749264167394960268e-03
5.419921875000000000e-01 -7.858081713804122848e-04
5.439453125000000000e-01 1.178461529342391539e-03
5.458984375000000000e-01 3.143577816971127731e-03
5.478515625000000000e-01 -2.656907327264999841e-03
5.498046875000000000e-01 -6.900217015116671959e-04
5.517578125000000000e-01 1.277790036737225243e-03
5.537109375000000000e-01 3.246555550140764468e-03
5.556640625000000000e-01 -2.564077237557388367e-03
5.576171875000000000e-01 -5.933187441382672955e-04
5.595703125000000000e-01 1.378479876126950665e-03
5.615234375000000000e-01 3.351344812902549986e-03
5.634765625000000000e-01 -2.470629977714154657e-03
5.654296875000000000e-01 -4.955424941675973249e-04
5.673828125000000000e-01 1.480700233350930317e-03
5.693359375000000000e-01 3.458129190698523703e-03
5.712890625000000000e-01 -2.376383213827985841e-03
5.732421875000000000e-01 -3.965002424370644984e-04
5.751953125000000000e-01 1.584650775092129316e-03
5.771484375000000000e-01 3.567099674456689073e-03
5.791015625000000000e-01 -2.281172233076944611e-03
5.810546875000000000e-01 -2.960349634756748172e-04
5.830078125000000000e-01 1.690490686308915302e-03
5.849609375000000000e-01 3.678428560288882210e-03
5.869140625000000000e-01 -2.184830317470909389e-03
5.888671875000000000e-01 -1.939693838243633506e-04
5.908203125000000000e-01 1.798399593825272813e-03
5.927734375000000000e-01 3.792307336948588792e-03
5.947265625000000000e-01 -2.087168261878616371e-03
5.966796875000000000e-01 -9.009182585105468544e-05
5.986328125000000000e-01 1.908606041555030441e-03
6.005859375000000000e-01 3.908964741082265881e-03
6.025390625000000000e-01 -1.987995025219277401e-03
6.044921875000000000e-01 1.575303578270348392e-05
6.064453125000000000e-01 2.021244672727393055e-03
6.083984375000000000e-01 4.028521829021428080e-03
6.103515625000000000e-01 -1.887192873452708808e-03
6.123046875000000000e-01 1.237246560326504818e-04
6.142578125000000000e-01 2.136500625990814251e-03
6.162109375000000000e-01 4.151174977745655803e-03
6.181640625000000000e-01 -1.784578117428506361e-03
6.201171875000000000e-01 2.339777918510393961e-04
6.220703125000000000e-01 2.254520174428051305e-03
6.240234375000000000e-01 4.277086583549069565e-03
6.259765625000000000e-01 -1.679988674020527206e-03
6.279296875000000000e-01 3.467049529489174553e-04
6.298828125000000000e-01 2.375499970871788880e-03
6.318359375000000000e-01 4.406428546412127778e-03
6.337890625000000000e-01 -1.573290327544413225e-03
6.357421875000000000e-01 4.620103063650848885e-04
6.376953125000000000e-01 2.499543108042623363e-03
6.396484375000000000e-01 4.539340580529377389e-03
6.416015625000000000e-01 -1.464295172974666714e-03
6.435546875000000000e-01 5.801265637193631086e-04
6.455078125000000000e-01 2.626908706592351317e-03
6.474609375000000000e-01 4.676085391311951556e-03
6.494140625000000000e-01 -1.352765377572812122e-03
6.513671875000000000e-01 7.012681470811854556e-04
6.533203125000000000e-01 2.757786005705281651e-03
6.552734375000000000e-01 4.816811837883683278e-03
6.572265625000000000e-01 -1.238555986566441947e-03
6.591796875000000000e-01 8.255710281181161125e-04
6.611328125000000000e-01 2.892293087766006909e-03
6.630859375000000000e-01 4.961639423928909665e-03
6.650390625000000000e-01 -1.121579043332765480e-03
6.669921875000000000e-01 9.530973186757663029e-04
6.689453125000000000e-01 3.030483473445116926e-03
6.708984375000000000e-01 5.110617543866824430e-03
6.728515625000000000e-01 -1.001744630447859441e-03
6.748046875000000000e-01 1.083968106278893062e-03
6.767578125000000000e-01 3.172505377439016616e-03
6.787109375000000000e-01 5.263914063289465428e-03
6.806640625000000000e-01 -8.788999738137404094e-04
6.826171875000000000e-01 1.218329699369885555e-03
6.845703125000000000e-01 3.318515427657042771e-03
6.865234375000000000e-01 5.421694608702148921e-03
6.884765625000000000e-01 -7.528847946672301283e-04
6.904296875000000000e-01 1.356350415241458496e-03
6.923828125000000000e-01 3.468664993337144953e-03
6.943359375000000000e-01 5.584090256004425878e-03
6.962890625000000000e-01 -6.236328007538094464e-04
6.982421875000000000e-01 1.498099288816390207e-03
7.001953125000000000e-01 3.623023713298784143e-03
7.021484375000000000e-01 5.751179961336339019e-03
7.041015625000000000e-01 -4.911275433069073326e-04
7.060546875000000000e-01 1.643596681737302667e-03
7.080078125000000000e-01 3.781661971365951613e-03
7.099609375000000000e-01 5.923105314785376274e-03
7.119140625000000000e-01 -3.552857501814277175e-04
7.138671875000000000e-01 1.792998970184978003e-03
7.158203125000000000e-01 3.944757385917180281e-03
7.177734375000000000e-01 6.100023561210921041e-03
7.197265625000000000e-01 -2.161909717295074085e-04
7.216796875000000000e-01 1.946189686641869310e-03
7.236328125000000000e-01 4.112193375574585419e-03
7.255859375000000000e-01 6.281867736320223550e-03
7.275390625000000000e-01 -7.407287511548843462e-05
7.294921875000000000e-01 2.103069561003950705e-03
7.314453125000000000e-01 4.284004297976568010e-03
7.333984375000000000e-01 6.468779012051506516e-03
7.353515625000000000e-01 7.093399162411140324e-05
7.373046875000000000e-01 2.263518816962684088e-03
7.392578125000000000e-01 4.460096757268411372e-03
7.412109375000000000e-01 6.660722601066620951e-03
7.431640625000000000e-01 2.185552665773249359e-04
7.451171875000000000e-01 2.427402224148694776e-03
7.470703125000000000e-01 4.640451052205091242e-03
7.490234375000000000e-01 6.857749903739052133e-03
7.509765625000000000e-01 3.685821472486083827e-04
7.529296875000000000e-01 2.594541926365045992e-03
7.548828125000000000e-01 4.824923418785431739e-03
7.568359375000000000e-01 7.059787651750359938e-03
7.587890625000000000e-01 5.208688468527067350e-04
7.607421875000000000e-01 2.764862509766152776e-03
7.626953125000000000e-01 5.013517056406568972e-03
7.646484375000000000e-01 7.266908007759809163e-03
7.666015625000000000e-01 6.756807607082859768e-04
7.685546875000000000e-01 2.938662158515570333e-03
7.705078125000000000e-01 5.206526619329132632e-03
7.724609375000000000e-01 7.479321621449375179e-03
7.744140625000000000e-01 8.338140839162511142e-04
7.763671875000000000e-01 3.116553720467096777e-03
7.783203125000000000e-01 5.404298185348266337e-03
7.802734375000000000e-01 7.697038725826887973e-03
7.822265625000000000e-01 9.964647662141778994e-04
7.841796875000000000e-01 3.299253112819755529e-03
7.861328125000000000e-01 5.607016308759704692e-03
7.880859375000000000e-01 7.919738774754492283e-03
7.900390625000000000e-01 1.165499818582438341e-03
7.919921875000000000e-01 3.487969501562215857e-03
7.939453125000000000e-01 5.815194552526492533e-03
7.958984375000000000e-01 8.147096173181878065e-03
7.978515625000000000e-01 1.344034521854831077e-03
7.998046875000000000e-01 3.684827169921023327e-03
8.017578125000000000e-01 6.029817060344999646e-03
8.037109375000000000e-01 8.378796510168540213e-03
8.056640625000000000e-01 1.536636735591678793e-03
8.076171875000000000e-01 3.892765681687782031e-03
8.095703125000000000e-01 6.252014663218119495e-03
8.115234375000000000e-01 8.614024369988981800e-03
8.134765625000000000e-01 1.748741058570091322e-03
8.154296875000000000e-01 4.114986941594012126e-03
8.173828125000000000e-01 6.482644076871657557e-03
8.193359375000000000e-01 8.851217520336074340e-03
8.212890625000000000e-01 1.986380758118466705e-03
8.232421875000000000e-01 4.354906244969203311e-03
8.251953125000000000e-01 6.722423537914801184e-03
8.271484375000000000e-01 9.088231567871085659e-03
8.291015625000000000e-01 2.255143737469600396e-03
8.310546875000000000e-01 4.615112400149223859e-03
8.330078125000000000e-01 6.970957431451041408e-03
8.349609375000000000e-01 9.321828876102999928e-03
8.369140625000000000e-01 2.557856206257258513e-03
8.388671875000000000e-01 4.896068096867156605e-03
8.408203125000000000e-01 7.226597211243801500e-03
8.427734375000000000e-01 9.548549105101111767e-03
8.447265625000000000e-01 2.890982703033340151e-03
8.466796875000000000e-01 5.193301759709778587e-03
8.486328125000000000e-01 7.484702043140667449e-03
8.505859375000000000e-01 9.764629892375531472e-03
8.525390625000000000e-01 3.237683730357543421e-03
8.544921875000000000e-01 5.493551437115828939e-03
8.564453125000000000e-01 7.737266444498236417e-03
8.583984375000000000e-01 9.969151995852465475e-03
8.603515625000000000e-01 3.559798591521334821e-03
8.623046875000000000e-01 5.770354837399460646e-03
8.642578125000000000e-01 7.972379731536471947e-03
8.662109375000000000e-01 1.016803333200966275e-02
8.681640625000000000e-01 3.786242654902682858e-03
8.701171875000000000e-01 5.978413547533978356e-03
8.720703125000000000e-01 8.175150356333926727e-03
8.740234375000000000e-01 1.038192836830026389e-02
8.759765625000000000e-01 3.804030516277923102e-03
8.779296875000000000e-01 6.051822322011402022e-03
8.798828125000000000e-01 8.333147364404158708e-03
8.818359375000000000e-01 1.065853465813759726e-02
8.837890625000000000e-01 3.460678038621989305e-03
8.857421875000000000e-01 5.911922243866274407e-03
8.876953125000000000e-01 8.448220329489386504e-03
8.896484375000000000e-01 1.108651945449506959e-02
8.916015625000000000e-01 2.594939515179861544e-03
8.935546875000000000e-01 5.494623867435655118e-03
8.955078125000000000e-01 8.556636253042759765e-03
8.974609375000000000e-01 1.180379821668497975e-02
8.994140625000000000e-01 1.119568696043349298e-03
9.013671875000000000e-01 4.808712292920680476e-03
9.033203125000000000e-01 8.755176982481294168e-03
9.052734375000000000e-01 1.298245138714282376e-02
9.072265625000000000e-01 -8.281496944476662847e-04
9.091796875000000000e-01 4.024608315466859931e-03
9.111328125000000000e-01 9.216146367733657474e-03
9.130859375000000000e-01 1.475797572373310773e-02
9.150390625000000000e-01 -2.698883005318175599e-03
9.169921875000000000e-01 3.552156025923514093e-03
9.189453125000000000e-01 1.014547235984142315e-02
9.208984375000000000e-01 1.705894069698860038e-02
9.228515625000000000e-01 -3.422020872847930661e-03
9.248046875000000000e-01 4.014013946250616360e-03
9.267578125000000000e-01 1.162287686759527761e-02
9.287109375000000000e-01 1.932350034456137289e-02
9.306640625000000000e-01 -1.561741715324860280e-03
9.326171875000000000e-01 6.007636175400454803e-03
9.345703125000000000e-01 1.331701034315058152e-02
9.365234375000000000e-01 2.021278543161697527e-02
9.384765625000000000e-01 4.145701787666267180e-03
9.404296875000000000e-01 9.688363349892870069e-03
9.423828125000000000e-01 1.426491799284057560e-02
9.443359375000000000e-01 1.767000879773028554e-02
9.462890625000000000e-01 1.405977586791240519e-02
9.482421875000000000e-01 1.449597680962100288e-02
9.501953125000000000e-01 1.314321029136955588e-02
9.521484375000000000e-01 9.814281845532679682e-03
9.541015625000000000e-01 2.719486117823666227e-02
9.560546875000000000e-01 1.943762769748436092e-02
9.580078125000000000e-01 9.286878833901557329e-03
9.599609375000000000e-01 -3.328155147264810765e-03
9.619140625000000000e-01 4.134305840342478167e-02
9.638671875000000000e-01 2.376170634005947413e-02
9.658203125000000000e-01 3.773523189728344995e-03
9.677734375000000000e-01 -1.850460223965794126e-02
9.697265625000000000e-01 5.336039403449599483e-02
9.716796875000000000e-01 2.704705283395208992e-02
9.736328125000000000e-01 -9.216680591728199090e-04
9.755859375000000000e-01 -3.025225709014967013e-02
9.775390625000000000e-01 5.931622144772286109e-02
9.794921875000000000e-01 2.825853112409382195e-02
9.814453125000000000e-01 -3.126712182368540649e-03
9.833984375000000000e-01 -3.447209021450237110e-02
9.853515625000000000e-01 5.563693699522276326e-02
9.873046875000000000e-01 2.544749768787452071e-02
9.892578125000000000e-01 -3.661357111498730887e-03
9.912109375000000000e-01 -3.139195017370353946e-02
9.931640625000000000e-01 4.218721479843752509e-02
9.951171875000000000e-01 1.795236172707747463e-02
9.970703125000000000e-01 -4.255540449575833523e-03
9.990234375000000000e-01 -2.431740622454486508e-02
