5.295846883302082753e-02
1.427013960393198055e-01
2.130374014099327418e-01
2.648139297901712652e-01
3.026246477528344858e-01
3.316592771526421513e-01
3.554380892450094143e-01
3.755034246597078185e-01
3.921467856449467604e-01
4.051929615168308185e-01
4.144608178620590722e-01
4.199435644856177596e-01
4.218400833162749275e-01
4.205245451254945310e-01
4.164936577336628698e-01
4.103076933936055659e-01
4.025341857270091084e-01
3.936994129766687167e-01
3.842531256593012534e-01
3.745485581904711703e-01
3.648373774320481933e-01
3.552772156039760709e-01
3.459476855661174355e-01
3.368704131174116712e-01
3.280291775013631783e-01
3.193874037180004510e-01
3.109015328524508681e-01
3.025299347478955792e-01
2.942378390158199575e-01
2.859991827813661569e-01
2.777963894150806134e-01
2.696189938802236452e-01
2.614618322024770958e-01
2.533232579449901656e-01
2.452036387007556217e-01
2.371042433490693491e-01
2.290265085136567458e-01
2.209716187881449190e-01
2.129403188444384531e-01
2.049328773534366266e-01
1.969491368960356592e-01
1.889886019269778894e-01
1.810505337200356279e-01
1.731340347692310044e-01
1.652381148839510150e-01
1.573617379916575909e-01
1.495038512877341352e-01
1.416634003791381602e-01
1.338393347093004560e-01
1.260306065886573623e-01
1.182361666256842303e-01
1.104549576183083553e-01
1.026859083207079387e-01
9.492792787697000578e-02
8.717990130003669402e-02
7.944068608900296813e-02
7.170910991731420381e-02
6.398396917417518981e-02
5.626402834496104649e-02
4.854802002694282720e-02
4.083464496582342451e-02
3.312257144157449568e-02
2.541043199217843038e-02
1.769682989124624767e-02
9.980375590097350855e-03
2.259568020530964942e-03
-5.467488140941183586e-03
-1.320177421198976374e-02
-2.094527423686038184e-02
-2.869945457460816932e-02
-3.646592477865376325e-02
-4.424630443895379017e-02
-5.204223998014638475e-02
-5.985539305093244555e-02
-6.768744316537257666e-02
-7.554008788299439170e-02
-8.341504313592108810e-02
-9.131404285890375172e-02
-9.923883739694165651e-02
-1.071911917391798058e-01
-1.151728831618238080e-01
-1.231856978755693777e-01
-1.312314270738238475e-01
-1.393118627550919142e-01
-1.474287939839427353e-01
-1.555840054524303129e-01
-1.637792793319588491e-01
-1.720164024164434202e-01
-1.802971811839398641e-01
-1.886234672373418852e-01
-1.969971957363166881e-01
-2.054204369695919186e-01
-2.138954589897388570e-01
-2.224247944738317051e-01
-2.310112983932309794e-01
-2.396581741544654420e-01
-2.483689343400916072e-01
-2.571472505432313427e-01
-2.659966345916335850e-01
-2.749198849297901370e-01
-2.839182301136172759e-01
-2.929901137958370039e-01
-3.021296009168774055e-01
-3.113244578302287735e-01
-3.205540970801127321e-01
-3.297878202042911489e-01
-3.389842064818259226e-01
-3.480931739702119443e-01
-3.570632804863297927e-01
-3.658582580926439398e-01
-3.744882993865051857e-01
-3.830621924420634095e-01
-3.918634860369049067e-01
-4.014428198364862199e-01
-4.126933152091484813e-01
-4.268335798649885438e-01
-4.451743500369453321e-01
-4.685287186296400175e-01
-4.962087065629591787e-01
-5.247875573786158210e-01
-5.471664224150413203e-01
-5.528011780297894529e-01
-5.299480897323516349e-01
-4.701695065315129041e-01
-3.739023940783834932e-01
-2.539659470984375056e-01
-1.329145921890609316e-01
-3.324376820461623361e-02
