3.906250000000000000e-03
1.171875000000000000e-02
1.953125000000000000e-02
2.734375000000000000e-02
3.515625000000000000e-02
4.296875000000000000e-02
5.078125000000000000e-02
5.859375000000000000e-02
6.640625000000000000e-02
7.421875000000000000e-02
8.203125000000000000e-02
8.984375000000000000e-02
9.765625000000000000e-02
1.054687500000000000e-01
1.132812500000000000e-01
1.210937500000000000e-01
1.289062500000000000e-01
1.367187500000000000e-01
1.445312500000000000e-01
1.523437500000000000e-01
1.601562500000000000e-01
1.679687500000000000e-01
1.757812500000000000e-01
1.835937500000000000e-01
1.914062500000000000e-01
1.992187500000000000e-01
2.070312500000000000e-01
2.148437500000000000e-01
2.226562500000000000e-01
2.304687500000000000e-01
2.382812500000000000e-01
2.460937500000000000e-01
2.539062500000000000e-01
2.617187500000000000e-01
2.695312500000000000e-01
2.773437500000000000e-01
2.851562500000000000e-01
2.929687500000000000e-01
3.007812500000000000e-01
3.085937500000000000e-01
3.164062500000000000e-01
3.242187500000000000e-01
3.320312500000000000e-01
3.398437500000000000e-01
3.476562500000000000e-01
3.554687500000000000e-01
3.632812500000000000e-01
3.710937500000000000e-01
3.789062500000000000e-01
3.867187500000000000e-01
3.945312500000000000e-01
4.023437500000000000e-01
4.101562500000000000e-01
4.179687500000000000e-01
4.257812500000000000e-01
4.335937500000000000e-01
4.414062500000000000e-01
4.492187500000000000e-01
4.570312500000000000e-01
4.648437500000000000e-01
4.726562500000000000e-01
4.804687500000000000e-01
4.882812500000000000e-01
4.960937500000000000e-01
5.039062500000000000e-01
5.117187500000000000e-01
5.195312500000000000e-01
5.273437500000000000e-01
5.351562500000000000e-01
5.429687500000000000e-01
5.507812500000000000e-01
5.585937500000000000e-01
5.664062500000000000e-01
5.742187500000000000e-01
5.820312500000000000e-01
5.898437500000000000e-01
5.976562500000000000e-01
6.054687500000000000e-01
6.132812500000000000e-01
6.210937500000000000e-01
6.289062500000000000e-01
6.367187500000000000e-01
6.445312500000000000e-01
6.523437500000000000e-01
6.601562500000000000e-01
6.679687500000000000e-01
6.757812500000000000e-01
6.835937500000000000e-01
6.914062500000000000e-01
6.992187500000000000e-01
7.070312500000000000e-01
7.148437500000000000e-01
7.226562500000000000e-01
7.304687500000000000e-01
7.382812500000000000e-01
7.460937500000000000e-01
7.539062500000000000e-01
7.617187500000000000e-01
7.695312500000000000e-01
7.773437500000000000e-01
7.851562500000000000e-01
7.929687500000000000e-01
8.007812500000000000e-01
8.085937500000000000e-01
8.164062500000000000e-01
8.242187500000000000e-01
8.320312500000000000e-01
8.398437500000000000e-01
8.476562500000000000e-01
8.554687500000000000e-01
8.632812500000000000e-01
8.710937500000000000e-01
8.789062500000000000e-01
8.867187500000000000e-01
8.945312500000000000e-01
9.023437500000000000e-01
9.101562500000000000e-01
9.179687500000000000e-01
9.257812500000000000e-01
9.335937500000000000e-01
9.414062500000000000e-01
9.492187500000000000e-01
9.570312500000000000e-01
9.648437500000000000e-01
9.726562500000000000e-01
9.804687500000000000e-01
9.882812500000000000e-01
9.960937500000000000e-01
