t vl2y vlmy
9.999999999999999547e-07 0.000000000000000000e+00 0.000000000000000000e+00
1.000010000000000066e-01 3.927307755026050673e-08 1.565526590654318058e-07
2.000010000000000121e-01 3.368124636877716047e-03 1.000261689512824993e-02
3.000010000000000177e-01 6.242466855264856666e-03 1.779805974693961929e-02
4.000010000000001065e-01 8.645831029925263311e-03 2.299216014746999909e-02
5.000010000000000288e-01 1.062047263522452982e-02 2.604403058345515845e-02
6.000010000000000066e-01 1.215929784152433059e-02 2.756107012614777974e-02
7.000009999999999843e-01 1.327261066250717998e-02 2.909006564357548980e-02
8.000009999999999621e-01 1.397127734363851938e-02 2.982939798568868053e-02
9.000009999999999399e-01 1.426997383231281072e-02 3.170896501177933313e-02
1.000000999999999918e+00 1.418453891835647941e-02 3.521908598571898280e-02
1.100001000000000007e+00 1.373139097799329009e-02 3.653649749941940278e-02
1.200001000000000095e+00 1.294915464134649072e-02 3.673207786809133679e-02
1.300000999999999962e+00 1.184535641938935964e-02 3.425621482551011177e-02
1.400001000000000051e+00 1.054409581160817982e-02 2.987326226053410930e-02
1.500000999999999918e+00 9.144697232235272921e-03 2.421861355984980882e-02
1.600001000000000007e+00 7.639798650575009391e-03 2.003262802587129146e-02
1.700001000000000984e+00 6.080715137291052216e-03 1.740752856114151023e-02
1.800001000000001072e+00 4.538220016362982945e-03 1.477198925200325086e-02
1.900001000000000939e+00 3.131029992546093075e-03 1.207499537500824997e-02
2.000001000000001028e+00 2.118975164042023827e-03 1.073308244285865916e-02
2.100001000000001117e+00 1.966505239720172001e-03 9.052126855363006735e-03
2.200001000000001206e+00 2.636507531524283094e-03 6.626979582609688647e-03
2.300001000000000850e+00 3.544636701099663015e-03 8.146234253366970227e-03
2.400001000000000939e+00 4.412094231901025378e-03 9.940006876762188387e-03
2.500001000000001028e+00 5.150500674770109276e-03 1.172324407303376032e-02
2.600001000000001117e+00 5.724236414451603847e-03 1.306518455756584991e-02
2.700001000000001206e+00 6.119788190993043567e-03 1.362513363602325944e-02
2.800001000000000850e+00 6.340774908236704137e-03 1.476643654007740031e-02
2.900001000000000939e+00 6.394019825496607620e-03 1.549805630843356999e-02
3.000001000000001028e+00 6.289731273316560151e-03 1.477955884196207985e-02
3.100001000000002005e+00 6.046678269411234416e-03 1.521720384237983982e-02
3.200001000000002094e+00 5.682806953656869067e-03 1.496510253878013084e-02
3.300001000000002183e+00 5.214026076718928163e-03 1.314375877373802001e-02
3.400001000000001827e+00 4.668752622561982840e-03 1.281426580545915080e-02
3.500001000000001916e+00 4.061142614711519758e-03 1.308616088771885969e-02
3.600001000000002005e+00 3.416970920585073093e-03 1.308117029051373940e-02
3.700001000000002094e+00 2.766222537531897070e-03 1.253935148005737993e-02
3.800001000000002183e+00 2.130421356180826117e-03 1.159536176865549016e-02
3.900001000000001827e+00 1.573160184164738894e-03 1.066244022943870981e-02
4.000001000000001916e+00 1.155352607255162069e-03 9.513103617693577027e-03
4.100001000000001561e+00 1.027439980860143107e-03 8.265167915025042195e-03
4.200001000000001206e+00 1.187310836060703105e-03 6.906287983131286987e-03
4.300001000000000850e+00 1.495127069984689009e-03 5.810606880315760669e-03
4.400000999999999607e+00 1.816297695517704982e-03 4.772384768696716698e-03
4.500001000000000140e+00 2.100774747935350937e-03 4.992520781396591820e-03
4.600000999999999785e+00 2.325810998226341200e-03 5.656347397670622931e-03
4.700000999999999429e+00 2.483403043463683086e-03 6.155792211134156373e-03
4.800000999999999074e+00 2.574199025358693983e-03 6.513179982160238572e-03
4.900000999999998719e+00 2.595906891753096968e-03 6.703734827174658018e-03
5.000000999999998363e+00 2.555129934736416909e-03 6.719303054036640868e-03
5.100000999999998008e+00 2.457782251231532041e-03 6.603961757479515950e-03
5.200000999999997653e+00 2.312041876302357857e-03 6.487383627111934642e-03
5.300000999999997298e+00 2.126352591709603813e-03 6.231753486582229835e-03
5.400000999999996942e+00 1.911756868236336041e-03 6.087361335254561426e-03
5.500000999999996587e+00 1.683218407166934064e-03 5.975446672333896599e-03
5.600000999999996232e+00 1.439247477637564969e-03 5.291258682935111313e-03
5.700000999999995877e+00 1.205506815891987070e-03 5.044197993071409224e-03
5.800000999999996409e+00 9.827887364938160848e-04 4.287233171625295242e-03
5.900000999999995166e+00 8.120623721218164391e-04 3.935978323453528417e-03
6.000000999999994811e+00 7.024785492998059230e-04 3.527966858499240015e-03
6.100000999999993567e+00 6.856923441637338690e-04 3.572602604988503981e-03
6.200000999999994100e+00 7.401222300226107265e-04 3.894692060663262987e-03
6.300000999999993745e+00 8.428664082937369854e-04 4.264602272243703425e-03
6.400000999999993390e+00 9.546244582579072610e-04 4.777666732446029900e-03
6.500000999999993034e+00 1.055471889263975924e-03 5.100356856440551624e-03
6.600000999999992679e+00 1.139122203559889005e-03 5.377220058351461947e-03
6.700000999999992324e+00 1.202771442317476097e-03 5.697457790755115423e-03
6.800000999999991969e+00 1.244499952729594908e-03 6.067305805863513340e-03
6.900000999999991613e+00 1.256370413642226083e-03 6.202294368529983996e-03
7.000000999999991258e+00 1.246958111706058083e-03 6.303595815450485293e-03
7.100000999999990903e+00 1.218746331023602995e-03 6.463368967092920220e-03
7.200000999999991436e+00 1.177071743677398979e-03 6.677285757704857008e-03
7.300000999999990192e+00 1.114968651214592052e-03 6.626818596879127318e-03
7.400000999999989837e+00 1.043395803195671994e-03 6.536467854178196722e-03
7.500000999999988593e+00 9.716931541215125716e-04 6.568230567160570667e-03
7.600000999999989126e+00 9.005091505979161571e-04 6.604632593450194405e-03
7.700000999999988771e+00 8.311395708162381884e-04 6.460039448795931727e-03
7.800000999999988416e+00 7.638422303260462495e-04 6.177335209213694923e-03
7.900000999999988061e+00 7.216372222611068879e-04 6.131927877935487887e-03
8.000000999999988593e+00 6.897504932217521107e-04 6.016005050686006224e-03
8.100000999999988238e+00 6.745889635148553031e-04 5.824028076604778267e-03
8.200000999999987883e+00 6.635805087367765412e-04 5.466158926514711781e-03
8.300000999999987528e+00 6.768634993703413977e-04 5.404694234330814119e-03
8.400000999999987172e+00 6.905085615301618292e-04 5.283696282153416135e-03
8.500000999999986817e+00 7.070809245356616916e-04 5.125552958501441644e-03
8.600000999999986462e+00 7.149915701369838469e-04 4.806025615134589327e-03
8.700000999999986107e+00 7.314199406575078036e-04 4.802097072031403374e-03
8.800000999999985751e+00 7.384116875087458039e-04 4.752694079900534989e-03
8.900000999999985396e+00 7.402758585171343190e-04 4.670790298886399322e-03
9.000000999999985041e+00 7.308740685325664042e-04 4.432790722340996734e-03
9.100000999999984685e+00 7.278171666903149404e-04 4.502156786435437819e-03
9.200000999999984330e+00 7.166521882983283411e-04 4.550639111877935288e-03
9.300000999999983975e+00 7.028121001891150669e-04 4.528863068291920889e-03
9.400000999999983620e+00 6.819884593687586521e-04 4.382386004099903844e-03
9.500000999999983264e+00 6.729648539465347577e-04 4.500519029711914920e-03
9.600000999999982909e+00 6.609179772784776674e-04 4.637457693236693088e-03
9.700000999999982554e+00 6.504894935695159589e-04 4.652109772740471196e-03
9.800000999999982199e+00 6.372910829007268725e-04 4.571720388930287753e-03
9.900000999999981843e+00 6.393868593812986880e-04 4.714125941033054865e-03
1.000000099999997971e+01 6.408015860940160721e-04 4.897352819572737583e-03
1.010000099999997936e+01 6.429196033899455811e-04 4.923093407247803102e-03
1.020000099999998078e+01 6.418429254110111660e-04 4.867294385780092207e-03
1.030000099999998042e+01 6.533029341969177678e-04 5.010349066875965582e-03
1.040000099999998007e+01 6.622895244938975740e-04 5.194451179488250754e-03
1.050000099999997971e+01 6.680457251474305243e-04 5.209353138033736251e-03
1.060000099999997936e+01 6.680108120019546307e-04 5.138020016901495915e-03
1.070000099999998078e+01 6.775059144494007630e-04 5.265200811120931967e-03
1.080000099999998042e+01 6.828456255784346070e-04 5.416482084556594606e-03
1.090000099999998007e+01 6.837042696401400077e-04 5.408399446417399073e-03
1.100000099999997971e+01 6.774853405102147742e-04 5.296503591585698112e-03
1.110000099999997936e+01 6.811042434590875013e-04 5.401269677320355393e-03
1.120000099999998078e+01 6.803110014732128945e-04 5.505223905721459698e-03
1.130000099999998042e+01 6.766118050140697586e-04 5.474013010305400426e-03
1.140000099999998007e+01 6.657575161538581551e-04 5.317560382766768623e-03
1.150000099999997971e+01 6.669215882079812443e-04 5.404175294677530418e-03
1.160000099999997936e+01 6.638238351852335977e-04 5.466253172626322869e-03
1.170000099999998078e+01 6.599472099103782796e-04 5.421834475047335178e-03
1.180000099999998042e+01 6.489481257761537010e-04 5.233326744581712209e-03
1.190000099999996941e+01 6.516395348897839135e-04 5.312142862273511006e-03
1.200000099999997083e+01 6.497687868892720615e-04 5.349747023005080662e-03
1.210000099999997047e+01 6.481597226894999716e-04 5.305543167144874568e-03
1.220000099999997012e+01 6.390760723054062691e-04 5.103870629723803419e-03
1.230000099999996976e+01 6.439438834102723542e-04 5.185785049927828412e-03
1.240000099999996941e+01 6.436260146139366955e-04 5.218712802027863744e-03
1.250000099999997083e+01 6.435450690297642509e-04 5.183609031007617961e-03
1.260000099999997047e+01 6.356711000695275133e-04 4.986064468516553799e-03
1.270000099999997012e+01 6.413958029443119586e-04 5.079168520542099233e-03
1.280000099999996976e+01 6.415660867743965771e-04 5.122833194338531626e-03
1.290000099999996941e+01 6.417379379153489820e-04 5.101600104692537163e-03
1.300000099999997083e+01 6.341238517256832545e-04 4.917640023231904280e-03
1.310000099999997047e+01 6.399323195555446349e-04 5.024373713329772367e-03
1.320000099999997012e+01 6.402101763723789390e-04 5.083804760175330596e-03
1.330000099999996976e+01 6.404286350019981018e-04 5.075494876701699791e-03
1.340000099999996941e+01 6.330643373016766294e-04 4.905851419812554647e-03
1.350000099999997083e+01 6.391619770574079231e-04 5.023582991938013026e-03
1.360000099999997047e+01 6.398731145254058731e-04 5.095865582841785889e-03
1.370000099999997012e+01 6.404963958282879543e-04 5.096091767763016867e-03
1.380000099999996976e+01 6.336272680214179902e-04 4.935715510596486340e-03
1.390000099999996941e+01 6.402156077751027831e-04 5.059677318679803304e-03
1.400000099999997083e+01 6.414183234412548350e-04 5.137500918467767692e-03
1.410000099999997047e+01 6.424482560857872320e-04 5.141474125678045272e-03
1.420000099999997012e+01 6.358361833792640057e-04 4.982681703509382783e-03
1.430000099999996976e+01 6.426263543474409123e-04 5.108683139612619356e-03
1.440000099999996941e+01 6.438430172360090154e-04 5.183934489799341128e-03
1.450000099999997083e+01 6.448683837563234239e-04 5.187736027955746308e-03
1.460000099999997047e+01 6.379769704064122953e-04 5.024098674222570414e-03
1.470000099999995946e+01 6.445019553278891851e-04 5.148506905371530093e-03
1.480000099999996088e+01 6.452699210090360364e-04 5.216077108001277579e-03
1.490000099999996053e+01 6.459688278619745219e-04 5.217226402216369741e-03
1.500000099999996017e+01 6.385399042538619264e-04 5.045890110905349064e-03
1.510000099999995982e+01 6.446500774063023721e-04 5.166760438521262981e-03
1.520000099999995946e+01 6.449091122450001205e-04 5.225862486687909113e-03
1.530000099999996088e+01 6.453097824797373065e-04 5.223575200825327121e-03
1.540000099999996053e+01 6.374984316533165120e-04 5.045847893191754072e-03
1.550000099999996017e+01 6.433668214453671643e-04 5.163095108461623721e-03
1.560000099999995982e+01 6.433566609379922545e-04 5.216254997492089825e-03
1.570000099999995946e+01 6.436716975123945878e-04 5.211634152153401568e-03
1.580000099999996088e+01 6.357523602861313945e-04 5.029846060859119970e-03
1.590000099999996053e+01 6.415972242303113375e-04 5.145046908266165744e-03
1.600000099999995840e+01 6.415335213600266689e-04 5.194577922271895708e-03
1.610000099999995982e+01 6.419242374215273052e-04 5.189653598191144857e-03
1.620000099999996124e+01 6.340759277752688319e-04 5.006199660163391206e-03
1.630000099999996976e+01 6.400107281856492504e-04 5.121281582397126282e-03
1.640000099999997119e+01 6.400157254270489064e-04 5.169879391611328055e-03
1.650000099999996905e+01 6.405355555889552868e-04 5.166573568478247808e-03
1.660000099999997047e+01 6.328216055462965823e-04 4.983694501172808433e-03
1.670000099999996834e+01 6.388846928977242679e-04 5.100532262341752991e-03
1.680000099999996976e+01 6.389884277249169558e-04 5.150131631727197963e-03
1.690000099999997119e+01 6.396384328646225002e-04 5.149669525200358845e-03
1.700000099999997971e+01 6.320586857738313968e-04 4.968570850511296218e-03
1.710000099999998113e+01 6.382439412341641034e-04 5.087974504580205191e-03
1.720000099999997900e+01 6.384379170499466681e-04 5.139254712780446863e-03
1.730000099999998042e+01 6.392031005946112801e-04 5.141755515497485433e-03
1.740000099999997829e+01 6.317296233457871330e-04 4.962521482160014291e-03
1.750000099999997971e+01 6.380100888637277355e-04 5.084246515902923411e-03
1.760000099999998113e+01 6.382619683783568795e-04 5.136767352300379390e-03
1.770000099999998966e+01 6.391115568575660676e-04 5.141569163410464327e-03
1.780000099999999108e+01 6.316918669412828480e-04 4.963384144840507148e-03
1.790000099999998895e+01 6.380183901768220200e-04 5.086514163806167728e-03
1.800000099999999037e+01 6.382717057388035938e-04 5.139207404775772599e-03
1.810000099999998824e+01 6.391573419293033456e-04 5.145249800125158146e-03
1.820000099999998966e+01 6.317280071491872956e-04 4.967051088033684614e-03
1.830000099999999108e+01 6.380420782060346532e-04 5.090565979311334303e-03
1.840000099999999961e+01 6.382353835556505827e-04 5.142299161417773594e-03
1.850000100000000103e+01 6.391065779677489265e-04 5.148651659154300335e-03
1.860000099999999890e+01 6.316193647806413874e-04 4.969597008591951012e-03
1.870000100000000032e+01 6.378775330452948799e-04 5.092678521363832103e-03
1.880000100000000174e+01 6.379744427195359726e-04 5.142688628017246140e-03
1.890000099999999961e+01 6.388087773886554424e-04 5.148868131073690117e-03
1.900000100000000103e+01 6.312509470458905775e-04 4.968531985391782049e-03
1.910000100000000955e+01 6.374438392356867114e-04 5.090811049973006409e-03
1.920000100000001098e+01 6.374436004091932990e-04 5.138855888829981303e-03
1.930000100000000884e+01 6.382485738343243557e-04 5.144831062565751074e-03
1.940000100000001027e+01 6.306422655262402610e-04 4.963297515666095956e-03
1.950000100000001169e+01 6.367869300257551638e-04 5.084800050411481843e-03
1.960000100000000955e+01 6.367150464512175926e-04 5.131101538142635379e-03
1.970000100000001098e+01 6.375150096528240697e-04 5.137173100827372579e-03
1.980000100000001950e+01 6.298938499456507205e-04 4.954783607162228411e-03
1.990000100000002092e+01 6.360210842833644278e-04 5.075896762410973644e-03
2.000000100000001879e+01 6.359099788024782365e-04 5.120946932114419856e-03
2.010000100000002021e+01 6.367290130362586453e-04 5.127539043629896973e-03
2.020000100000002163e+01 6.291251268008801441e-04 4.944813924301289312e-03
2.030000100000001950e+01 6.352567073913367550e-04 5.065910952207978990e-03
2.040000100000002092e+01 6.351310715728147741e-04 5.110212890139999298e-03
2.050000100000002945e+01 6.359844340735610864e-04 5.117689230479361209e-03
2.060000100000003087e+01 6.284147765688518576e-04 4.935003956992938326e-03
2.070000100000002874e+01 6.345638588063730106e-04 5.056422936170296319e-03
2.080000100000003016e+01 6.344342209996891614e-04 5.100303059932891590e-03
2.090000100000003158e+01 6.353264216331941470e-04 5.108864722276904372e-03
2.100000100000002945e+01 6.277946260241747600e-04 4.926431458791595205e-03
2.110000100000003087e+01 6.339616420107800935e-04 5.048281730734277724e-03
2.120000100000003940e+01 6.338276322907329023e-04 5.091874783740061271e-03
2.130000100000004082e+01 6.347538319238209010e-04 5.101491561478300150e-03
2.140000100000003869e+01 6.272544663105437219e-04 4.919332421141943586e-03
2.150000100000004011e+01 6.334311364700379076e-04 5.041526302558048227e-03
2.160000100000004153e+01 6.332839793682701855e-04 5.084744103216256271e-03
2.170000100000003940e+01 6.342359772138532687e-04 5.095284889634420222e-03
2.180000100000004082e+01 6.267567725004950102e-04 4.913259414700304160e-03
2.190000100000004934e+01 6.329320254892729144e-04 5.035612082241673615e-03
2.200000100000005077e+01 6.327599231524318754e-04 5.078273619052281126e-03
2.210000100000004863e+01 6.337269751945848444e-04 5.089535726747488643e-03
2.220000100000005006e+01 6.262517741836694067e-04 4.907477567110528176e-03
2.230000100000005148e+01 6.324102928119073415e-04 5.029769352017797630e-03
2.240000100000004934e+01 6.322082260039349564e-04 5.071691497722138377e-03
2.250000100000005077e+01 6.331847601929515169e-04 5.083501623251833641e-03
2.260000100000005929e+01 6.257150052185635322e-04 4.901301939699544141e-03
2.270000100000006071e+01 6.318525588195870882e-04 5.023338422703816850e-03
2.280000100000005858e+01 6.316110846931134379e-04 5.064407849939066980e-03
2.290000100000006000e+01 6.325908082842131470e-04 5.076671188709440050e-03
2.300000100000006142e+01 6.251256263596593728e-04 4.894307704003605063e-03
2.310000100000005929e+01 6.312386262576144547e-04 5.015969160426711308e-03
2.320000100000006071e+01 6.309591119109891032e-04 5.056174018663046887e-03
2.330000100000006924e+01 6.319365890953322368e-04 5.068878605680010238e-03
2.340000100000007066e+01 6.244836806140530768e-04 4.886365965462862587e-03
2.350000100000006853e+01 6.305779173809983188e-04 5.007674429587318995e-03
2.360000100000006995e+01 6.302656414638045700e-04 5.047065777683828677e-03
2.370000100000007137e+01 6.312512366459366699e-04 5.060259333587659343e-03
2.380000100000006924e+01 6.238151538229396321e-04 4.877704624443945404e-03
2.390000100000007066e+01 6.298914564432289611e-04 4.998680057568512594e-03
2.400000100000007919e+01 6.295444882009821382e-04 5.037363873580864328e-03
2.410000100000008061e+01 6.305450474914091764e-04 5.051115644833324009e-03
2.420000100000007848e+01 6.231330486402427652e-04 4.868614799075835289e-03
2.430000100000007990e+01 6.291973882876236929e-04 4.989354540748326856e-03
2.440000100000008132e+01 6.288261300711380777e-04 5.027409170098632273e-03
2.450000100000007919e+01 6.298401413744050218e-04 5.041745982094203091e-03
2.460000100000008061e+01 6.224544079489520041e-04 4.859376047319216574e-03
2.470000100000008914e+01 6.285075053083295131e-04 4.979901658904195214e-03
2.480000100000009056e+01 6.281134962879032649e-04 5.017397448991089796e-03
2.490000100000008842e+01 6.291412968482035153e-04 5.032342274271116647e-03
2.500000100000008985e+01 6.217837203962262808e-04 4.850167791516103374e-03
2.500000100000008985e+01 6.217837203962262808e-04 4.850167791516103374e-03
