0 0.0
0.5 0.06640625
1 0.3203125
1.5 0.57421875
2 0.7890625
2.5 1.00390625
3 1.1796875
3.5 1.3359375
4 1.4921875
4.5 1.62890625
5 1.7265625
5.5 1.82421875
6 1.8828125
6.5 1.94140625
7 1.9609375
7.5 1.98046875
8 1.98046875
8.5 1.9609375
9 1.9609375
9.5 1.94140625
10 1.94140625
10.5 1.921875
11 1.921875
11.5 1.921875
12 1.921875
12.5 1.921875
13 1.921875
13.5 1.921875
14 1.921875
14.5 1.921875
15 1.921875
15.5 1.921875
16 1.921875
16.5 1.921875
17 1.921875
17.5 1.921875
18 1.921875
18.5 1.921875
19 1.921875
19.5 1.921875
20 1.921875
