0 0.0078125
0.5 0.046875
1 0.3203125
1.5 0.5546875
2 0.7890625
2.5 0.984375
3 1.140625
3.5 1.296875
4 1.453125
4.5 1.5703125
5 1.6875
5.5 1.765625
6 1.84375
6.5 1.8828125
7 1.8828125
7.5 1.921875
8 1.921875
8.5 1.8828125
9 1.8828125
9.5 1.8828125
10 1.8828125
10.5 1.8828125
11 1.84375
11.5 1.84375
12 1.84375
12.5 1.84375
13 1.84375
13.5 1.84375
14 1.84375
14.5 1.84375
15 1.84375
15.5 1.84375
16 1.84375
16.5 1.84375
17 1.84375
17.5 1.84375
18 1.84375
18.5 1.84375
19 1.84375
19.5 1.84375
20 1.84375
