t dragx dragy vdragx vdragy ekin
0.01 0 0 0 0 0
0.09724587048709152 1.747333334430482 2.08131348756746e-05 1.079316653267098 1.430296048307578e-05 2.023250332164525
0.1905530313803752 1.782897199135928 3.50242152563629e-06 0.8987280457495173 2.442185351073101e-06 2.026085565586293
0.2870005875257889 1.579467531227463 9.635426345688813e-07 0.7472596807539919 8.916509432327357e-07 2.029396381221693
0.384895512732454 1.439379598612335 4.839602729678205e-08 0.6508374128149769 4.242515624433563e-07 2.032945451756015
0.4842519533370017 1.360968074340686 -7.253070111179483e-08 0.5888761589296296 2.463485547013478e-07 2.036602371113007
0.5850677304492087 1.316233377231756 -9.890547481017364e-08 0.5471746551783803 1.547088334646202e-07 2.040405966805785
0.6865335057780981 1.288742056670068 -3.708342532493525e-07 0.518203908443698 9.16437900622992e-08 2.044294581580398
0.7886157834849284 1.271522476769203 2.099364128094194e-07 0.4972807768784318 4.916021421105116e-08 2.048241030773289
0.89139431444891 1.26291967419609 -7.619631415822781e-07 0.4816081098908022 2.825233495068469e-08 2.052291496393081
0.9948808721552942 1.256044462722802 -3.420325618841424e-07 0.4696360762150218 7.593915770515158e-09 2.056431953649584
1.099053267588077 1.25266225588672 -8.029043424007121e-07 0.4602391328563538 -9.635207010721958e-09 2.060618021659089
1.2036849580404 1.250284405449545 -5.487456281039194e-07 0.4528803413169791 -2.076821108837335e-08 2.06482400147299
1.308598795207805 1.247634939910406 -5.465554075434476e-07 0.447003730792037 -2.974778718842219e-08 2.069065192623204
1.413794724849516 1.246274351905763 -5.465364355528024e-07 0.4422858460391396 -3.641218395723789e-08 2.073316429525669
1.519262868654878 1.246559073947086 -5.340484894311714e-07 0.4385978689250959 -4.21519190940689e-08 2.077554982631205
1.624985122353118 1.246162678358341 -5.299787811940959e-07 0.4356128130345617 -4.740234331446214e-08 2.081796007564138
1.730934427108953 1.246951568643833 -5.118647088409034e-07 0.4333240292988369 -5.148466070310775e-08 2.086027547552869
1.837072827581683 1.248624630351921 -4.938755897576641e-07 0.4314804426601071 -5.491107763801184e-08 2.090222583085717
1.943351132955384 1.248187316316464 -4.778322094667331e-07 0.4300786986841761 -5.623465649216841e-08 2.094390355823564
2.04970829310942 1.247788207105748 -4.459326846117939e-07 0.4288732193594736 -5.611556880974478e-08 2.098525578170722
2.156019821891807 1.248971737786399 -4.210913719937537e-07 0.4278992063939051 -5.568745442205425e-08 2.102591959958331
2.26222870936811 1.248116323966206 -3.951983550409821e-07 0.4269429734789514 -5.522347041979347e-08 2.106611175337364
2.368330285588397 1.24504956577072 -3.691965765884042e-07 0.4259903163576629 -5.411387336146101e-08 2.110552676531776
2.474353636019115 1.243377389918304 -3.380232419802898e-07 0.4250985461189586 -5.250044324105196e-08 2.11442618239656
2.58035337885024 1.241395147612995 -3.138366237720458e-07 0.4241813211147956 -5.017096966694612e-08 2.118235061811154
2.686392751299095 1.241073099975011 -2.884438609906947e-07 0.4232535717453846 -4.790038198206059e-08 2.121968111516948
2.792525653581267 1.236684078991841 -2.503964083300225e-07 0.4223641494904047 -4.465782346696479e-08 2.12563271756584
2.898787071713945 1.23374020168818 -2.26898387661878e-07 0.421489775686652 -4.232267565226766e-08 2.129233064756669
3.005192047267462 1.233055755924944 -1.837684678041018e-07 0.4206722823745953 -3.824244960808076e-08 2.132764146832122
3.111740564535713 1.229432728694222 -1.620483609521273e-07 0.4199166169433751 -3.446578080053275e-08 2.136241073273645
3.218424301861148 1.22779174058321 -1.275546703538577e-07 0.4192037391142163 -2.999221281226039e-08 2.13964562995835
3.325231074711919 1.224127454274113 -9.315891136285614e-08 0.4184926734111253 -2.525060621358377e-08 2.14298957200149
3.43214896039769 1.223970179364626 -6.482983394562325e-08 0.4179330605172871 -2.117886755380327e-08 2.146273055416962
3.539154096554349 1.223085345191668 -3.009302590450957e-08 0.4173780347797227 -1.545749338943692e-08 2.149502096722535
3.646227365536396 1.219573208974371 -2.88815615867577e-09 0.4168445152910086 -9.944253965415983e-09 2.152665316266224
3.75336135411596 1.219524723890483 2.593590939237167e-08 0.4163901911617718 -4.306936024836561e-09 2.155775022320926
3.860550233077317 1.218479314590643 5.60742054733776e-08 0.4160113691373389 5.21659110006012e-10 2.158827501052563
3.967788921950848 1.216179631977924 7.610268470958914e-08 0.4155899378589362 4.859042274443781e-09 2.161819946695768
4.075073339773255 1.214992533671446 1.040481425185202e-07 0.4152385424647038 1.073044148501567e-08 2.164765317465966
4.182399938774688 1.215915822172584 1.354033779266128e-07 0.4149348175423204 1.557952634262394e-08 2.167653580609928
4.289765563673789 1.212519351838385 1.532035812656929e-07 0.4146195625013263 2.039273799825381e-08 2.170491338270985
4.397167971212869 1.212173682516261 1.648622113548104e-07 0.4143343539401278 2.542226417052984e-08 2.173276372047203
4.504604812586228 1.211285805145476 1.799798431123545e-07 0.4140932832170814 2.988290418934336e-08 2.176016193343054
4.612074174392055 1.211099803388331 1.883649038691981e-07 0.4138676125023652 3.349305452253482e-08 2.178705080678855
4.71957474377276 1.210659988054327 1.984007755306827e-07 0.4136339288455482 3.680928226286462e-08 2.181345723834098
4.827105151022135 1.210184788319359 2.093232930322486e-07 0.4134396603226623 3.959623274228663e-08 2.183943355777982
4.934664042547595 1.209071451178871 2.163857304171568e-07 0.4132133147603489 4.180054453441218e-08 2.186494251113025
5.042250076756072 1.207903395091436 2.144841666773534e-07 0.4130464843929932 4.484778307750625e-08 2.189006393918117
5.149862426212032 1.207273206866511 2.143954109801172e-07 0.4128718762904189 4.708079034444757e-08 2.19147044647072
5.25749949005831 1.207027620709679 2.144406254511733e-07 0.412711541901202 4.836098770229225e-08 2.193897814090375
5.36516059490834 1.205958428231757 2.07493149828597e-07 0.4125558328396603 4.853684778746703e-08 2.196284469090306
5.472844506957587 1.206141839704516 1.920309769809503e-07 0.4124147232417747 4.789170908979512e-08 2.198628489026591
5.580550089681426 1.20437025893217 1.991543020496422e-07 0.4122893144866441 4.824009076052904e-08 2.200937847873257
5.688276292611021 1.204505848614257 1.815120530268555e-07 0.4121513603869125 4.826971009702641e-08 2.203210708608822
5.796022000979048 1.204488612153066 1.631036867788538e-07 0.4120494194339804 4.627696924622282e-08 2.205448534302742
5.903785932524553 1.204382022888475 1.483775260990861e-07 0.4119313614147557 4.434983309244134e-08 2.207644165980914
6.011567063086613 1.204019267820042 1.272549405573198e-07 0.4118562619211427 4.176784554506263e-08 2.209811167771744
6.11936475982315 1.203400176683911 1.105991145888829e-07 0.4117387804333784 4.000430790275511e-08 2.211940474494883
6.227177561478292 1.203318384856366 8.619381464125553e-08 0.4116491975515947 3.62231354009146e-08 2.214044933481389
6.335004644621609 1.202188442047629 5.28302513680412e-08 0.4115560008196203 3.333187397619453e-08 2.216109970813626
6.442844892886482 1.203274750549325 5.128319316427543e-08 0.4114945567238754 2.908034987293695e-08 2.218157901033892
6.550697725810096 1.202984445148724 3.679085666674631e-08 0.4114095843417959 2.613721402679181e-08 2.220164218102576
6.658562496177824 1.202449213727869 8.228029757528788e-09 0.411370745576247 2.131183494610833e-08 2.222136711286077
6.766438340104711 1.201088894974734 -2.974149634904499e-08 0.411275424976641 1.683785997262655e-08 2.224101716889459
6.874324521973807 1.201161817759647 -4.816571844146189e-08 0.4112084035187151 1.27863747506618e-08 2.226017608034929
6.98222066232646 1.201081250359663 -6.543354019727943e-08 0.4111400546763043 9.086356117168903e-09 2.227901501601744
7.090126070241436 1.201234670041119 -8.830112799285139e-08 0.4110980834001066 4.089164765477826e-09 2.229778657855925
7.198040019662427 1.200622239697576 -9.4102995146228e-08 0.4110344940578394 1.461600614843794e-10 2.231607357416695
7.305962072107334 1.202717832806461 -3.328344677366868e-07 0.4109795067059586 -4.61104632254461e-09 2.233418850204389
7.413891343935648 1.200113849347174 6.152832272288133e-07 0.4109487535033615 -1.210492057285295e-09 2.235223968320998
7.52182782940902 1.19941250313181 7.8562601421861e-06 0.4109062488976256 7.875012168409579e-09 2.236987453766147
7.629771304824195 1.199898627981786 1.321893271349905e-05 0.4108602920404006 2.086191499064971e-07 2.238715645992271
7.737721018998811 1.201136337016708 -0.0001163072587334057 0.4108286950148708 -9.761140861846984e-07 2.240426146627605
7.845676703178649 1.199376721650875 0.0001651737217147897 0.4107768309979053 8.751520788434497e-08 2.242102516193691
7.953638033675326 1.199644560971314 -7.977429380115475e-05 0.4107396910974196 3.25882375230846e-07 2.243767882035839
8.061604703511819 1.199575593430309 6.514351375422334e-05 0.4107152983206622 1.229209405401166e-06 2.245375543167349
8.169575937169082 1.200343163525093 0.0004574598150673959 0.4106782587860623 1.031305391866605e-06 2.247000227747503
8.277551663510398 1.200081257337581 -0.0003290188372810365 0.4106500913565163 -2.980682540024149e-07 2.248568845354198
8.385531896362282 1.199754147973562 0.0001902047349315317 0.4106366067185619 2.546475269015955e-06 2.250142677931485
8.493516128752566 1.1992737587967 0.0004814322259287795 0.4106153606209265 5.64567107657829e-06 2.251654257909933
8.601504200380097 1.198907971919863 0.0004394044524348439 0.4105645097954298 1.548250559233605e-06 2.25315048800381
8.709495895489081 1.198826446855314 0.001088258612802678 0.4105470281890621 1.71106367046793e-06 2.254600185860355
8.817490843937529 1.19899960376359 9.373853346233973e-05 0.410529903138345 6.55782317556669e-07 2.256071598843378
8.925489154617674 1.198646829058482 1.153293248110088e-05 0.4105062771388358 2.352859311861855e-07 2.25748102109788
9.033490775723966 1.198865509824214 0.0002292144250080619 0.4104721017666455 5.486482867189668e-07 2.258862680913987
9.141494787541003 1.199683148054609 -0.0002815842964094539 0.4104846816047527 -1.282757544263449e-06 2.260249372637224
9.249501386910003 1.198757163891107 0.0002127420106697586 0.4104218785115918 3.383129625911599e-06 2.261570751625503
9.357510455939781 1.198664029889675 -2.214468036426664e-05 0.4104250131600664 1.930878602807509e-06 2.262885549668564
9.465522229908952 1.198194366970631 0.0004292113448471357 0.410424563755395 1.082435912728996e-06 2.264192610392743
9.573536194267682 1.19890382852051 8.790518621487609e-05 0.4103854465564168 1.596300218210944e-06 2.265419823269756
9.681552086944063 1.198666888368469 -0.0001265311103096356 0.4103743032560053 6.931299312751618e-06 2.266671248593918
9.789569919472589 1.199035629298662 -2.782708966253544e-05 0.4103717536327633 6.226091235940479e-07 2.267876771328533
9.897589552494072 1.198871674622297 8.739968787624397e-05 0.4103451157294628 2.151773500271362e-06 2.269047451394697
10.00561094542295 1.196686781758474 -0.0003656203451883056 0.4103231062931553 -4.722063686200817e-06 2.270209676023028
10.11363390622703 1.198056148835944 -0.0007363822658903729 0.410295700358095 -9.954023569118398e-07 2.271311279479456
10.22165788347337 1.198134724573369 0.0001986881508042326 0.4103122573586465 -1.29831448213158e-06 2.272420502822524
10.3296840121857 1.198411437207875 0.0001100323080246157 0.4102918329049336 3.834429980491619e-06 2.273452272914581
10.43771128664442 1.197407034920651 0.0001836602420791367 0.4102964896279785 -8.061918240626076e-07 2.274499260543673
10.545739767593 1.198270203938802 9.024124329923278e-05 0.4102600689404484 -1.481259189438366e-07 2.275496849635477
10.65376951757397 1.197621875574498 0.0002426044247220427 0.410255193468818 2.046603637456332e-06 2.276470366617833
10.76180008535579 1.198189665953421 5.653616972001174e-05 0.4102593326325173 -6.637347987198394e-08 2.277437896271777
10.86983197749166 1.198457934249342 0.0006680950022894538 0.4102207757728178 1.414455832264225e-06 2.278344064118217
10.97786473597094 1.198212576276488 -9.624552936238207e-05 0.4102321649256212 4.136574534296944e-09 2.279226642719311
11.08589868572196 1.198501787561981 -2.641373255757307e-05 0.4102295889349697 -5.561503150126879e-07 2.280091380405303
11.19393345355138 1.198063674241899 2.768471546804596e-05 0.4102190830114216 5.791282501783901e-07 2.280903337265755
11.30196915731796 1.196732977336994 0.0001390567704760981 0.4101995788709385 -5.277215896753312e-07 2.281711196384226
11.41000524738975 1.197024211316757 3.746262136897216e-05 0.4101991655028313 -9.214737708290732e-08 2.282499461624041
11.51804242121849 1.197889190558748 0.0002686813201870086 0.4102005522199731 -1.050842974720245e-07 2.283255600308257
11.62608017072768 1.197609199587975 -0.0001274461138210392 0.4101477669102012 4.815510510833287e-07 2.283948518528629
11.73411808951367 1.198067795774685 1.56695384567751e-06 0.4101802260344293 3.424102057586476e-07 2.284649664404693
11.84215710730312 1.198658002458905 -3.987497776711257e-05 0.4101876610851324 5.973505671566515e-07 2.285302191195945
11.95019644291375 1.198313798805357 -5.01690069343308e-06 0.4101809851611057 9.276818442593981e-08 2.285935907718424
12.05823657228427 1.198203258648433 1.018965435320429e-05 0.4101603146852411 3.710002619006225e-08 2.28655551627868
12.16627669911567 1.197990483942283 4.49219236251519e-05 0.4101691062579695 2.721571947588916e-06 2.287135695476762
12.27431795928628 1.198526900957828 3.154828149623534e-05 0.4101625248859294 8.892995089979094e-08 2.287689962899956
12.38235925425681 1.197806080725469 4.186715237830541e-07 0.4101478957485944 -9.558359257560989e-08 2.288229254065659
12.49040126906451 1.19861263266171 -0.0001476328891495682 0.4101523030005453 -3.339941226140203e-07 2.28873990186713
12.5984433735922 1.195811460988716 -0.0002389458219373142 0.4101160167462349 -3.438429607567975e-06 2.289229436459582
12.70648602227465 1.19872289739414 0.0002144861306707935 0.4101517323336825 -4.667612176663394e-07 2.289691399759322
12.8145290388327 1.198088889755346 0.000109096579562401 0.4101285003854307 3.314461402351143e-07 2.290117857996589
12.9225724177807 1.198043972644614 -2.368542835992637e-05 0.4101305642099297 -1.004676500264423e-06 2.290533105521437
13.03061629153854 1.197941857255183 -3.012093736576293e-05 0.4101120261934822 -5.98791046730815e-07 2.290920594784407
13.13866052491325 1.198331700055773 4.249283041299345e-05 0.410132418296321 1.876147234096057e-06 2.291307282646419
13.24670479032027 1.197905199052618 -3.089835047517808e-05 0.4101076572621503 -2.438376511442256e-06 2.291659239092117
13.35474936421432 1.198508634669488 -0.0003476295300222365 0.4101096902709557 1.837915304843396e-08 2.292008345010208
13.46279430177298 1.197949813966194 8.393027672384812e-05 0.4100971442395779 8.668431290739104e-07 2.292311478618226
13.57083936519191 1.198235758262934 4.862876452152443e-05 0.4101087177552294 7.263854793805591e-07 2.292645408574534
13.67888446378223 1.197884127377439 -0.0001573476465729362 0.4101031394892504 -2.704134693210652e-06 2.292897106170973
13.78692951072102 1.197603248540919 1.233242764739351e-05 0.4100925368580309 -2.088440180460574e-06 2.293185117115345
13.89497516644536 1.198022667572741 3.41933584213916e-05 0.4100871137902846 1.452029632744919e-06 2.293406095346066
14.00302099862908 1.197632877414693 -1.385780519502777e-06 0.4100799192184503 6.854540477319732e-07 2.293661894446654
14.11106715464883 1.197290142289564 -2.079511200514528e-06 0.4100637958974955 2.553928458180754e-06 2.293878198266236
14.21911326480336 1.197780013727004 -0.0004299033171840105 0.4100603726954219 -6.416473013295607e-06 2.2940754376392
14.32715952448562 1.197931041290203 -0.0001396119371888938 0.4100734310209849 8.751328417887921e-07 2.294275176255569
14.43520567360976 1.195575667340507 0.0002787471188144264 0.4100721916348212 -1.230998027755559e-06 2.294486891238487
14.54325187224007 1.197882330166839 -5.219024284233709e-05 0.4100860614429467 -1.544948312682745e-06 2.294656874561482
14.65129849725591 1.198013203454515 -0.0001430606994821115 0.4100735630479098 -1.51542189285106e-07 2.294814927102418
14.75934457038395 1.195537025261787 0.0007197420498891438 0.4100645764791951 2.81883237898857e-06 2.294971204414434
14.86739110675463 1.198217945309883 -4.946532036315121e-05 0.4100843751929495 -2.148188495877321e-06 2.295136403241168
14.97543751972831 1.19898709746652 3.147000440212322e-05 0.4100817455063195 2.449484587765602e-06 2.295257405798088
15.08348395771084 1.198534208808852 3.783871130327854e-05 0.4100651686001891 1.676895301167339e-06 2.295354554621087
15.1915308537394 1.195988990492319 -0.0006466569361456287 0.4100166929524214 -1.070531355962939e-05 2.295487686717197
15.29957777256001 1.196808120570032 0.0008841585847215172 0.4100509131431198 1.708274850195993e-06 2.29557525823778
15.4076246926373 1.197610293101135 0.0001900515610720743 0.410060595241612 2.609653382957752e-06 2.295699003941008
15.51567198393817 1.19804295568174 0.0001274152856040878 0.4100546987577931 4.029154444362693e-06 2.29578366755125
15.62371909561695 1.197699670440749 -5.04514416785895e-05 0.4100521133868502 -9.236341687989674e-07 2.295877319953915
15.73176648780371 1.198049622973095 -6.390092776287215e-05 0.4100479721667226 -3.633761467142227e-07 2.295959338674152
15.83981380451094 1.19817172291615 -0.0001532601074413775 0.4100495475729918 -1.963097563891653e-06 2.296036648195768
15.94786125305978 1.197962195591449 -6.963426568204478e-05 0.410043821311901 -4.859809837767445e-06 2.296107730100525
16.05590868340532 1.198091328913911 6.648941217812787e-05 0.4100557827196563 6.877232194245353e-07 2.296180991782501
16.16395617656873 1.198346814348374 -0.0003482097448715693 0.41003811132935 2.349051385106687e-06 2.296234895310425
16.27200359538245 1.197860123762825 -7.302004289133635e-05 0.4100504789538531 -1.061995739850066e-06 2.296308425633409
16.38005125698222 1.197871352482938 -0.0001611033839966913 0.4100333100136455 -5.076296835089186e-06 2.296334707751039
16.4880989679819 1.197926466026977 -0.00028720878075153 0.4100419127306982 -5.439635813366678e-06 2.296402492425361
16.59614639800767 1.197961778331104 5.381603187043504e-05 0.4100449664096104 -2.218507596027722e-06 2.296464683874555
16.70419400644568 1.198049775642262 3.168471915437898e-05 0.4100404454222966 -1.132609381110719e-06 2.296492676769879
16.81224166682585 1.19813791980299 -0.0003156014499748616 0.4100427147418226 -4.369123671466024e-06 2.296546023301593
16.92028918201849 1.197922089916787 -1.593219279227842e-05 0.4100398730365685 1.627162163165413e-06 2.296579439896979
17.02833702523965 1.197909236838693 -1.693840690630832e-05 0.4100334589422978 -2.590238423062774e-06 2.296605473829389
17.13638484913991 1.197943056943938 -8.593224416503231e-05 0.4100322071459225 -3.747472834077573e-06 2.296656250167007
17.24443244379008 1.19745885649176 1.785083046715319e-05 0.4100284670619874 -1.553983802443648e-06 2.296672913665587
17.3524806690389 1.197445660825263 0.0002901354838554249 0.4100211283873034 4.033092254737344e-06 2.296702792463121
17.46052839267519 1.19924063486897 -3.216537806993713e-05 0.4100565614052776 2.260700253810255e-06 2.29675763582938
17.5685762734553 1.197527549628459 0.0002136852669583633 0.410025425562114 1.141798012640506e-05 2.296759476835595
17.67662412865787 1.19842496843099 0.0001790140212341584 0.4100401247218315 -1.792716237276545e-06 2.296809643080888
17.7846721235154 1.198130520266357 -0.0002046861588184956 0.410050766172823 -9.593718593783884e-07 2.29682080725408
17.89271959604584 1.198099769427723 8.415228685804133e-05 0.4100622519604029 4.972982954610725e-06 2.296861759655282
18.0007671080728 1.197755777918548 -6.868963908579495e-05 0.4100291039255785 -6.81487198444207e-06 2.29684631827372
18.10881519222005 1.199033448576994 -0.000426810596470456 0.4100167606758908 4.571622609292336e-07 2.296864481198731
18.21686296630885 1.197365973102528 -0.0006985717281337289 0.409989516920472 -6.439851006612846e-06 2.296898436404105
18.32491090528548 1.198493247837537 0.0006219302035847252 0.4100103710882816 2.568788905261965e-06 2.296899269131213
18.43295856043205 1.197620455689619 4.882875813150278e-05 0.4100072358758925 1.2949543463283e-06 2.29692639098211
18.54100713699662 1.197794875784881 -2.484739553956783e-05 0.4100215733159103 -1.615170737708643e-06 2.296891518026341
18.64905497702857 1.198058627439766 1.666787735712938e-05 0.4100374071839634 1.253854419677042e-06 2.296971816000198
18.75710266403732 1.198027547707121 0.0001427973181000741 0.4100190898919438 1.295363343999101e-06 2.296977720884977
18.86515015685267 1.197846303305036 -2.285179900202161e-05 0.4100258408472645 -4.810280159403546e-07 2.296995013586374
18.97319825398317 1.197466110215049 -0.000146263298036714 0.41000452042004 2.411684232091899e-07 2.296988434725868
19.08124670697083 1.19794752343191 6.062476597115674e-05 0.4100127207592262 2.911670044401446e-06 2.296982916756196
19.18929497159135 1.197881843951246 -0.0001870099742248832 0.410012278172945 -4.11264016798342e-06 2.297012454595465
19.29734275547316 1.197888824010922 5.524294600328661e-05 0.4100350843942991 -4.197536967434981e-06 2.297019658767306
19.40539097728451 1.198463610243774 -0.0007736806684627007 0.4099889315469789 4.081371535487668e-06 2.297025622689875
19.51343904197233 1.198730085973623 0.0005521718120307106 0.4100034419142393 2.668879832379636e-06 2.297032202920528
19.62148698492372 1.197192815325414 0.000646032085876741 0.4100169461370536 1.47267746682285e-05 2.297064252891795
19.72953496265978 1.197287984586484 -0.0008267868011715696 0.4100189500174925 -4.766641797538523e-06 2.297070510967077
19.83758303802072 1.198421326265981 3.312681155057118e-05 0.4100217343704217 -5.008056965807861e-06 2.297079229609769
19.94563094448496 1.197675965710387 0.0004349546082927647 0.4099865903877149 -3.856470744363627e-06 2.297077390847914
