t dragx dragy vdragx vdragy ekin
0.1452998589814355 2.786312739754161 -0.0003522046298076731 0.7944927550016013 3.002592230252898e-06 0.4887322861666284
0.3088813003144885 1.376423818917046 4.068700118636803e-05 0.6395875546535541 1.33871625768861e-06 0.507946501683783
0.4783279479151997 1.284246480184734 -4.419569631375353e-07 0.5361219293428309 4.628680118825418e-07 0.5089782673582977
0.6517175077363629 1.233804756267094 4.285055763553203e-07 0.4834944077317572 2.552843858022371e-07 0.5102728623562166
0.8279745393032512 1.209221389237864 7.903170046175134e-07 0.4523219038732827 2.203395784161621e-07 0.5115941179094521
1.006393058990244 1.201737430903865 5.961660631270682e-07 0.4324465540278932 1.925256484010957e-07 0.5129530984259584
1.186506914521396 1.199239156540042 4.458343826341249e-07 0.4191226563588353 1.594232548647601e-07 0.5143396781032157
1.367947650958497 1.198901319567151 2.18688515796206e-07 0.4098615125235242 1.081302234574172e-07 0.5157435787497888
1.550402048030913 1.198538389696226 -1.971254803279088e-07 0.4033492382384813 3.764144011590698e-08 0.5171518793778213
1.733592257666291 1.200805492376567 -5.460830336256883e-07 0.3987358748311793 -3.722887447973888e-08 0.5185550722251748
1.917230010840425 1.201518409292963 -7.887460576339045e-07 0.3954089730887563 -9.955321779442361e-08 0.5199451966456246
2.101010062808516 1.201540801511067 -9.350880382785753e-07 0.3928835400317064 -1.360236343839194e-07 0.5213132702778223
2.284766398857461 1.200265909824237 -8.092913487689479e-07 0.3907524561019081 -1.438688771344954e-07 0.5226558997270365
2.468500462954871 1.196797323042321 -6.072132525680729e-07 0.3887847084286751 -1.303738855259334e-07 0.5239663951756217
2.652378477042887 1.193391900166009 -4.47380602230929e-07 0.3869458752636308 -1.088427572480677e-07 0.5252474705071257
2.836543565225521 1.188324068907589 -3.271913978086793e-07 0.3851655932145301 -8.710646764650831e-08 0.5264954503834651
3.021090829154708 1.185152064150053 -2.405861925236508e-07 0.3835571494224708 -6.777910983336854e-08 0.5277135587004789
3.206017935584498 1.180553959267097 -1.858768396423294e-07 0.3820734816113017 -5.439864941055722e-08 0.5289022773503173
3.39129530428626 1.178049815508119 -1.598666960200834e-07 0.3807883942680707 -4.354635202256929e-08 0.5300615905410246
3.576876861629515 1.175093147876887 -1.402538768457973e-08 0.3796507235528365 -3.010132574449154e-08 0.531193753911223
3.762710513769853 1.172158825550748 1.5752204096664e-08 0.378654299103431 -2.035896217236766e-08 0.5322990929764631
3.948746299366655 1.169404036822302 9.79461739492038e-09 0.377782931446184 -1.290752831006881e-08 0.5333785316561187
4.134955378124445 1.16932402181982 -5.543077080671921e-08 0.3770367286977409 -1.900206422766892e-09 0.5344341206657404
4.321315672981064 1.166667748265801 2.393560322444532e-07 0.3763539402007228 1.214018402299899e-09 0.5354653108182885
4.507810196405093 1.165561807113384 -3.903890858636405e-07 0.3757593273889498 1.225344997950878e-08 0.5364735622545918
4.694425082545166 1.162662652775691 9.795698398262775e-07 0.3752325977425667 2.283435700332209e-08 0.5374593798480533
4.881144542477904 1.162618896112561 -3.244523286705103e-07 0.3747644111766431 1.380330654811301e-08 0.5384235463358958
5.067954648987736 1.160184854708938 1.141191302622691e-06 0.3743302031646023 2.974659613682457e-08 0.5393676610976117
5.254847707119879 1.160151226072477 2.299953086315476e-08 0.3739806229697221 2.834328587195817e-08 0.5402907536591149
5.441816418021972 1.158442058614125 3.465788406395443e-05 0.3736100990394258 1.604847893226652e-06 0.5411943674752515
5.628853960980999 1.15931513310317 0.000476724041007931 0.3733365841979097 2.390379193928545e-06 0.5420793406763509
5.81595378684239 1.157076415490443 -0.0001335220211568233 0.373049682850086 1.569816616193813e-06 0.5429464757746715
6.003109624134357 1.156737689704612 0.0001313302927894444 0.3727912486852492 3.973286758224802e-06 0.5437952592195613
6.190315865701045 1.156068306792191 -4.290829728420542e-05 0.372578095224877 -2.628325250782215e-06 0.5446275640881486
6.377567270966796 1.155468178836049 9.621945479987293e-05 0.3723734950227079 5.964432199826938e-07 0.5454425039659516
6.564859084633022 1.155570738615024 -0.0003271301087621747 0.3722158590765794 -6.821880330316193e-06 0.5462428541409668
6.752187147431767 1.15340210937846 0.0002349739149926366 0.3720266617493684 1.31541667635314e-06 0.5470257114807763
6.939547883398804 1.154379508485484 -0.0002329440752497081 0.3719122381636236 -6.023592359636135e-06 0.5477977808730571
7.126937745728738 1.154648336019227 0.0001165170779111602 0.3718025980074662 1.080456033293164e-05 0.5485494888174548
7.314353690756855 1.153020112817503 -0.0004228605907306004 0.3716529485188167 -1.123185276344883e-05 0.5492891110362446
7.501792948589832 1.153148697358249 0.0003433415996411948 0.3715587900007902 5.362910872282189e-06 0.5500145165939652
7.689252248838343 1.153359059093041 -0.0003191055049512337 0.3714657476410943 -7.323585386083409e-07 0.550723576390464
7.876729490340528 1.152462718469807 -4.813639383485779e-05 0.3713808357835232 -7.541397868835766e-06 0.5514188055432702
8.064222849831189 1.15328767380012 -0.001593476644364017 0.3713175329844558 -5.652155200461945e-06 0.5520950435148997
8.251730768445316 1.151750207933858 1.515822869979644e-05 0.3712395754839144 5.717020783216863e-06 0.5527537167525358
8.439251685861976 1.152144332540151 0.0003417542804274032 0.371181918118497 -3.45140742591659e-06 0.5533984949147048
8.626784435953242 1.152285707585353 -1.53629329896765e-05 0.3711327743949857 -1.728711445283214e-06 0.5540223501377828
8.814327735618003 1.153436026027039 -0.0004866132401550316 0.3710896490381687 1.827670045593047e-06 0.5546289133173663
9.001880217895009 1.151570189830021 1.871922831328532e-05 0.371032334789041 4.80208225313479e-07 0.5552251210649554
9.189441481113708 1.151533758611552 -9.136837227918804e-06 0.3709945758808766 9.427138177326572e-07 0.5557992013921063
9.377010429581171 1.151719820232971 -0.0001810885330822964 0.3709649938722829 -1.161356553383563e-05 0.5563615060230235
9.564586070412687 1.151180621570605 -0.0004145066342869375 0.3709121404875593 -9.051518122788968e-06 0.5568980245040602
9.752167975763145 1.151265588955694 -0.0001905198186006596 0.3708957340804785 -7.915701117059207e-06 0.5574216147417894
9.939755476611214 1.152475696189775 0.0002810918771355142 0.3708693634613971 8.849862572300055e-07 0.5579221730577509
10.12734815421613 1.15127903791301 0.0004322782008573112 0.370841650272009 9.12557746422446e-06 0.5584018680495902
10.3149453414718 1.150673212527442 3.341277222096428e-06 0.3708144470176318 8.91972501088599e-07 0.5588633049839504
10.50254660814194 1.151215365376848 0.0002211278068835199 0.3708015614962194 -1.798348601205098e-06 0.5592996430615877
10.69015151859517 1.15071039155426 -0.000166399996357619 0.3707641383902509 -6.577632768252524e-06 0.5597166925808207
10.87775982873119 1.152100618060359 0.0002597438013642872 0.3707797406498106 2.592706893908038e-06 0.5601166903664694
11.06537107711344 1.150991133962125 -0.0001195437262181964 0.3707624191121351 2.478875580948225e-07 0.5604908556007605
11.25298510698169 1.150895495016149 -0.0004105237466731637 0.3707487228600941 -7.206889097866563e-06 0.5608465810007193
11.44060152461715 1.148644116760403 0.000818942201142675 0.3707228681066271 1.752505886702498e-05 0.5611732914439093
11.62822016093545 1.15254056583765 0.0006756069927996156 0.3707201059840211 6.157767460538387e-06 0.5614850520899255
11.81584068317581 1.150838109213862 -3.49612964972712e-06 0.3707156629866785 3.975951423709594e-06 0.5617784414124894
12.00346305834259 1.151271876922754 -5.692325213643712e-05 0.3707217681836522 -1.565584668801467e-06 0.5620520971717399
12.19108710296283 1.151092977714427 0.001176002996941927 0.3706940222619624 1.058781256657853e-05 0.5622979418107369
12.37871256533265 1.150517222967289 0.0004258884902282045 0.3706874431425282 1.02455429813967e-05 0.5625295474177445
12.56633954801283 1.150136392189939 3.081814600830457e-05 0.3706492661362336 1.867276771660292e-06 0.5627337700057093
12.75396757542542 1.150995762322134 0.0003480759859010585 0.3706936611176295 3.754886154203746e-06 0.5629390944287
12.94159655950747 1.150484031721707 -2.741429162850251e-05 0.3706549366327427 -6.541551773467727e-07 0.5631101614554948
13.12922643792515 1.151588816779743 -0.0006651191368909348 0.3706667412155194 3.018426824706252e-06 0.5632768212406736
13.31685724074167 1.151220206909654 0.0008623492953686862 0.3706313279316398 1.33509285759649e-07 0.5634167918452202
13.50448878438816 1.151014495375549 7.888323234683803e-05 0.3706738978506844 4.023375540886283e-06 0.5635555805316921
13.69212105439715 1.15126421594417 -9.126995647068536e-05 0.370675636581309 -2.454747726883706e-06 0.5636763735568148
13.87975380385666 1.148945129371925 -0.0001437219234184939 0.370730444632339 -5.735362133609326e-06 0.5637920343024658
14.06738723567879 1.150574781458192 -1.185166229866752e-05 0.3706553681753318 5.621893901259362e-07 0.5638821608321429
14.25502118137771 1.150811624517802 0.000257536044578649 0.3706573382318366 3.644930727034201e-07 0.5639653930164192
14.44265553834658 1.151947370730446 0.0003445773373986216 0.3706416021395016 2.909493808530856e-05 0.5640394130592363
14.6302902039908 1.1510622921627 0.0005968179318428801 0.3706464693169828 1.303946635930562e-05 0.5641080388625168
14.8179252397867 1.150207779584838 -0.0002919197602001544 0.3706397661176305 -2.627095541644746e-06 0.564167439961123
15.00556058665194 1.151135482312227 0.0003588810945530929 0.3706531733684239 3.969430161514416e-06 0.5642225729050625
15.19319619625629 1.150320517115506 0.0001274498878539587 0.37063773094513 6.244653609315844e-06 0.5642690136048006
15.3808320965307 1.150184841949541 -0.0003105818267487848 0.370631007162585 9.01482834526901e-08 0.5643104936493959
15.56846819900123 1.151228063457901 0.0007734627423229834 0.370641012707776 1.225491474307096e-06 0.564347522489808
15.75610448156336 1.150506255155458 0.0002945337636899581 0.3706340964500073 6.02596295086813e-06 0.5643777341041691
15.94374088415795 1.152086657690411 0.0001001193848183812 0.3706650936073064 1.687005520812322e-06 0.564411366699022
16.13137760585358 1.150069192091353 -6.843724162508558e-05 0.3706209597925879 -4.670581609507105e-06 0.5644299127960062
16.31901425411262 1.150556600698801 -0.0002668949369239726 0.3706403576887377 -1.841834459361327e-05 0.5644557409146563
16.50665107084318 1.151129606615475 0.002304277015062528 0.3706473050705688 7.092495783712037e-06 0.5644755967390276
16.6942880018944 1.150592816246918 -0.0004779358315536442 0.3706429903782782 -2.896513178468098e-06 0.5644927375012869
16.8819250560674 1.150736510269491 0.0006753089672532353 0.3706317960905451 9.254476562341879e-06 0.5645047150269066
17.06956209204697 1.15079781415678 -0.0001030758559375788 0.3706261634571303 -4.790752712296314e-07 0.5645184797248681
17.2571992246882 1.150016748853858 0.0002720244658607207 0.3706530990688909 2.842960239043957e-06 0.5645319036411
17.44483644987602 1.150811249776015 0.0003356505378254437 0.370642151153138 -5.689277435124915e-07 0.5645439704903739
17.63247367852039 1.150797602796819 0.0003372918093926536 0.3706325312414717 4.987199160710193e-07 0.564552077086993
17.82011092154367 1.151457511565101 1.332290099978484e-05 0.3706394452121271 2.569597953080288e-07 0.5645570127441946
18.00774832060291 1.151483898873469 2.402641863946675e-05 0.3706501348218169 6.313627945045766e-07 0.5645660535227445
18.19538573039816 1.151285308869051 0.0001277307175176767 0.370649240280482 1.133185330888173e-06 0.5645743329921777
18.38302352699923 1.150757170355323 -2.069077481509085e-05 0.3706342869271387 -1.639010176760804e-06 0.5645755812139339
18.5706610916934 1.151436028990232 -4.033504515055242e-06 0.3706615123608248 4.370324630589839e-07 0.5645863041376394
18.75829859388985 1.149603032359244 -0.0009978161945634889 0.3706276847224706 -2.349060845633667e-05 0.5645866006199718
18.94593609744646 1.150493870717143 -0.0004111014592133311 0.3706296416135234 -5.223452691056028e-06 0.5645908805363049
19.13357365241947 1.150568725417367 -0.0006207786818225036 0.3706289913712971 5.952670275545177e-07 0.5645953055796659
19.32121103636195 1.150344873115346 0.0001432872778902028 0.3706357683175706 -6.681184299867603e-06 0.5645996687763979
19.50884878696944 1.151609061860592 0.0001968049165172459 0.3706625334314745 -6.153925319694192e-07 0.5646029919465527
19.69648625750959 1.150491036603076 -3.162422663882669e-05 0.3706309039323057 4.05790088900751e-07 0.5646036942514554
19.88412375927791 1.150914087006012 -0.0005530997698348916 0.3706162056779722 -7.443576822225607e-06 0.5646063896578171
