t dragx dragy vdragx vdragy ekin
0.09678108610561155 7.907831543212757 -0.0002224664425711786 1.217746617817895 -1.069136020367956e-05 1.001453398190919
0.236047769531385 1.585063500956992 -8.048388374093385e-06 0.7368103499596805 -2.246032930405817e-07 1.013869032681781
0.3805308923660582 1.358544720340223 -4.683786273274038e-07 0.5948443571340898 2.243282083251585e-07 1.016153590625452
0.5283434871246137 1.269601376482907 3.383179747462606e-08 0.5255452810608701 2.671272686027501e-07 1.018371749508034
0.6787412904045326 1.230812914233146 7.110743889815474e-07 0.4852123241101229 2.251617270470838e-07 1.020634747172841
0.8311089352153537 1.213716907124121 1.330558405676641e-07 0.4593942244252056 1.825822601381547e-07 1.022937103157906
0.984929623073021 1.205637801356154 4.432930221232034e-07 0.4419094763209884 1.779514220961315e-07 1.025275891626881
1.139994523373042 1.201889711651383 3.92417505101772e-07 0.4296027198059471 1.650991155732751e-07 1.02765589409296
1.296014712378811 1.202018892537951 2.588043677143048e-07 0.4207069072451737 1.483891489822975e-07 1.030053014336854
1.452802531831475 1.200226177144447 2.754510093350149e-07 0.4141710440811593 1.303786015191544e-07 1.032460615805051
1.610275671355439 1.201966405213222 3.11884596870815e-07 0.4093169521335761 1.065836645278845e-07 1.034856925483598
1.76819235938675 1.203399407822549 -6.548225423008702e-08 0.4057077849456134 8.15194647913603e-08 1.03724269114841
1.926376697542642 1.202629664845786 1.597886515880553e-07 0.4029813546938411 5.882105850486818e-08 1.039597998457142
2.084679026326771 1.202069624659225 9.469469952616549e-08 0.4008067079511166 3.211719275079961e-08 1.04192288214084
2.242980116433165 1.200935933601087 -2.373266122512874e-08 0.3989646695674277 1.802659664422446e-08 1.044204792624025
2.401209011726469 1.199229434632322 -2.540060156652757e-08 0.3972689026294764 5.717757347450947e-09 1.04644640642634
2.559420945407504 1.196214678780588 -2.542328930710269e-08 0.3956292034938296 1.23745657991392e-09 1.048632760980911
2.717765357447455 1.192299815173333 4.63537369599365e-09 0.3940501790487276 1.918374185200244e-09 1.05077462155588
2.8763603915698 1.189886004825367 3.882583438086229e-08 0.3925699756623685 4.776054826800824e-09 1.052875088680062
3.035256920797119 1.185547366268276 8.809134288689791e-08 0.3911478429450526 8.519507187394748e-09 1.054925458955372
3.194432267879567 1.182198592998619 9.285613233878109e-08 0.3898515445527505 1.242741407871117e-08 1.056932934994848
3.353863484583232 1.178231505039368 1.054759055651999e-07 0.3886842243214473 1.598714042833765e-08 1.058897975207368
3.51352138166849 1.176124028543775 1.081188357177076e-07 0.3876428511891257 1.843297224839863e-08 1.060823160225691
3.673374269287847 1.17420467344637 1.129413542688695e-07 0.3867125089190983 2.018445287733234e-08 1.062705047991053
3.833387478726073 1.172227001519383 1.075930884109066e-07 0.3858874587411724 2.09368971413465e-08 1.064551940803548
3.993538689513072 1.17025321366236 9.847409049301703e-08 0.3851590777592318 2.114942395606972e-08 1.066361239793555
4.153811257469308 1.169809191600811 8.94731251865899e-08 0.3845146327854318 2.021562768139001e-08 1.068134805372328
4.31419198691316 1.167193416535748 7.742068430793836e-08 0.3839106255816337 1.917129073721047e-08 1.069874333792013
4.474670041124098 1.166371110587569 5.853276846545796e-08 0.3833828685164196 1.758484997546605e-08 1.071578813516019
4.635236751884891 1.166118039084807 3.406267218286629e-08 0.3828992235123562 1.52957536627904e-08 1.073252006142077
4.795882674931249 1.162834181344476 4.498950464948415e-08 0.3824554767441669 1.296608814413402e-08 1.074892973140524
4.956594767368587 1.162519131180856 2.807442081587119e-08 0.3820730837353099 1.021161394505754e-08 1.076502289252521
5.117368002654345 1.161621771433628 -7.055700440572465e-09 0.3817181479505167 6.817144277901366e-09 1.078082684569825
5.27819809096525 1.161327007641867 -1.554366865774703e-08 0.3813827335747199 3.700768004544219e-09 1.079633555148467
5.439080919119395 1.159342697925946 -3.599196699011209e-08 0.3810901811821953 5.644427564233112e-10 1.081157690660163
5.600012435083518 1.160111492499902 -4.853107218871777e-08 0.3808228628582625 -2.568791925700031e-09 1.082649430397589
5.760988731227401 1.157850727808174 -6.637065341763559e-08 0.3805664337601003 -5.321767139812583e-09 1.084117984070199
5.922005950548783 1.157303630844399 -7.163959928058183e-08 0.3803466242550634 -8.115441148086322e-09 1.0855613384602
6.083060617335932 1.156998108857862 -8.491529110421503e-08 0.3801327742625327 -1.038041257117595e-08 1.086981728869616
6.244149297308227 1.155891053408372 -8.116586500128697e-08 0.3799688126105149 -1.250382099943215e-08 1.088373766159255
6.40526897718519 1.156321984187544 -8.573265147804321e-08 0.3797891890078302 -1.399045475303229e-08 1.089744169201909
6.566416911450278 1.156090209435175 -8.538638995858605e-08 0.3796307136753614 -1.50268067902054e-08 1.091087859578907
6.72759067977892 1.154770511079097 -6.648554382038263e-08 0.3794721730098153 -1.58010493760477e-08 1.092402457034995
6.888787838302209 1.154998760657969 -7.202100404946066e-08 0.3793637275321865 -1.657830283902789e-08 1.093709337714563
7.050006456697665 1.154518974634812 -6.390872003825265e-08 0.3792394962978972 -1.536772971117567e-08 1.094980923203263
7.211244672933285 1.154201358297382 -4.526472988097829e-08 0.3791291501304981 -1.425780202148758e-08 1.096232836591184
7.372500724629358 1.153717026445812 -3.983606508550785e-08 0.3790309949373168 -1.29684687190379e-08 1.097466418830846
7.533772843653757 1.153945632950769 -3.098102999143926e-08 0.3789611072309865 -1.167169844280835e-08 1.09868207950066
7.695059700465572 1.152981923951239 -1.247106082291616e-08 0.3788559166711685 -9.649155892701988e-09 1.099868429388665
7.856359961269991 1.153201920854073 -1.178547345825898e-08 0.3787984496411274 -7.158934856379973e-09 1.101036143362461
8.017672415380336 1.153889497106225 1.372843211333574e-08 0.3787229355800683 -4.744023508231054e-09 1.102176164839684
8.17899620466663 1.154424319215723 2.726551637244334e-08 0.3786539261759737 -2.42555147841883e-09 1.103288842826147
8.340330264432339 1.152763087871685 1.237004185195012e-08 0.3786112562817852 5.23091292503608e-11 1.104387285714827
8.501673536128093 1.151230157400456 7.162990274811598e-07 0.3785647320261676 4.655445476169084e-09 1.105459359322531
8.663025245299467 1.153132997433403 7.425926881743372e-08 0.3785157764611563 7.27666127180171e-09 1.106494779033274
8.824384810732397 1.152028569717249 -1.548073280677187e-08 0.3784569659810698 5.452719664678085e-09 1.107506372762115
8.985751512009639 1.151783903660038 2.489628003643496e-06 0.3784289885797011 5.46729893736303e-09 1.108500009018659
9.147124802213337 1.152650982171961 -4.592429214689275e-08 0.3783929654384446 9.753323990460694e-09 1.109468193861456
9.308504058348346 1.151885077954484 -2.966661499792522e-08 0.3783545577478571 1.203637190264062e-08 1.110408218815901
9.469888782753353 1.152129611053209 4.152051527595013e-08 0.3783233603569437 1.131885261646676e-08 1.111324001592229
9.631278465370755 1.151642590521293 7.400660828604799e-08 0.3782857093893669 1.473006847399483e-08 1.112205286934385
9.792672566938 1.152332674860953 1.237935032816218e-07 0.3782721887438896 1.373290332493116e-08 1.113067995220761
9.954070770222486 1.151692565541532 6.189905130127293e-08 0.3782518889001051 1.287088071625503e-08 1.11390012918507
10.1154728188546 1.151816567738227 -5.099757138804506e-08 0.3782529261669851 1.245196761760076e-08 1.114708688003778
10.27687842501417 1.150741341216106 -4.854964128553352e-06 0.3781950583532169 -8.347993814446231e-09 1.115463268124423
10.4382871346495 1.151014417260861 -7.701631858286762e-06 0.3781957779716696 -1.554164791748788e-07 1.116209584724882
10.59969870951126 1.150783969180989 -3.102864823217866e-06 0.3781782572277155 -1.702793895989874e-08 1.11692087639882
10.76111301088837 1.151891882944144 -1.216022624539459e-07 0.3781646773711361 1.912726389254049e-08 1.117590519698013
10.92252981848902 1.151134170869147 6.51852596622593e-07 0.3781348418050559 7.966748399867996e-09 1.11823615329085
11.08394868353816 1.152236765167102 -7.290620235828049e-06 0.3781483451106021 -9.737211315204164e-08 1.118858889541539
11.24536960117129 1.153931412224264 3.586635290403484e-06 0.3781137730968914 -7.155675070622675e-08 1.119443023905722
11.40679241813674 1.152261506345601 9.825609134095359e-07 0.3781363273401517 3.023292084857604e-07 1.120006695730334
11.56821679233119 1.150683729473817 1.742972736196169e-06 0.3781054046868941 4.750617205173668e-09 1.120527205268917
11.72964279757154 1.151099510289159 2.284072058988951e-07 0.3780902833866615 1.310857566504814e-08 1.121013733084237
11.89107036080799 1.152593019392123 -6.74503869410592e-06 0.3780924460185531 -1.381676668667231e-07 1.121482777823633
12.05249921760658 1.151415256582546 1.560827294383449e-06 0.3780829538176307 -1.861291536002507e-08 1.121920133454877
12.2139292351911 1.150340920297447 2.993165961029387e-06 0.3780676996957953 -6.515933161869297e-08 1.122325984943462
12.37536039928841 1.1518596218366 1.080304763728668e-06 0.3780685741345091 8.914153035513572e-09 1.122708696827991
12.53679257398219 1.151373886921214 -5.483261141386864e-06 0.3780729152094817 -1.00143755996096e-08 1.123068649791818
12.69822567189741 1.151353219616182 -3.588604941179296e-06 0.3780649715833836 -3.137797905646347e-07 1.123396418800915
12.85965963840932 1.150996250337214 3.209037523127511e-06 0.378044820832315 6.347945177495595e-08 1.12369883193557
13.02109422299683 1.151307510237446 -1.805300664045606e-05 0.3780579189220273 -8.211221526489149e-07 1.123987507488685
13.1825298253037 1.152447429814897 5.336316928705731e-05 0.3780647424456535 1.153782632724518e-07 1.124249374801591
13.34396607892755 1.152636857541576 -3.069659703680561e-05 0.3780545359039575 1.120943417601272e-07 1.124482318914325
13.50540269535979 1.152780161446805 -0.0001372235346517869 0.378039536037808 -4.711556436370196e-07 1.124698462158686
13.66683981488793 1.151556416156815 -4.687341035389259e-05 0.3780179406228882 1.385236759431085e-07 1.124900074069028
13.82827743131806 1.150743800387147 5.287563520903205e-05 0.3780352925473407 -5.900422811689829e-07 1.125089013351262
13.98971546903188 1.152006146881151 -0.0001325001330624576 0.378039906403235 -1.979912168898618e-06 1.125246689263714
14.15115379087018 1.151205120829781 2.13594321328836e-05 0.3780340130906236 -2.10114907699295e-07 1.125412498533806
14.31259281993281 1.149798880089077 9.67157814944497e-05 0.3780117177931077 2.05072006882745e-06 1.125547677705514
14.47403204714827 1.151224851570136 2.597969957704449e-05 0.3780154266307952 -2.095550135890537e-07 1.125667094299752
14.63547144859949 1.15137270880694 -3.271263951470926e-06 0.3780394537464156 -1.949651948409542e-07 1.125792368261
14.79691084032571 1.150842669106564 5.427322480822117e-06 0.3780119642159822 2.814582509636301e-07 1.125886322310701
14.95835075581453 1.150908153973533 2.05114427676012e-06 0.3780246367360264 3.108418565531124e-07 1.125984984755571
15.11979099046759 1.151272927452053 -3.411278998444178e-07 0.3780293509999947 -1.044019979946909e-07 1.126067051868713
15.28123138871793 1.151000762137998 -1.46743791590298e-06 0.3780275555313513 3.377609090419315e-08 1.126144511007279
15.44267190623643 1.151492591808209 -1.469848298543686e-05 0.3780406016243569 -2.893073242429822e-07 1.126216180977271
15.60411273017881 1.150756209298787 8.367860844374353e-05 0.3780395261313376 3.73590626334859e-07 1.126276125042718
15.76555379035371 1.151150316536772 5.870994156748077e-06 0.3780288116495459 -3.817448020332348e-07 1.126329077627246
15.92699509653597 1.151195269267424 -7.197228605870798e-07 0.3780179334646985 -1.793620428829773e-08 1.126368851335819
16.08843629789619 1.151214924125688 -2.20272330636595e-06 0.3780242893128269 2.09006555725727e-08 1.126419662571704
16.24987738367094 1.151527176559298 3.490336279168837e-05 0.3780273649526473 -1.548741640315654e-08 1.126466149578889
16.4113187967756 1.151628161239241 -1.006447535312205e-07 0.3780329198367776 1.538213623298451e-07 1.126505018742043
16.57276024487658 1.15077279140211 -9.175713450160217e-08 0.3780270604550054 3.682320129511085e-07 1.126535701751645
16.73420194973875 1.151308269755887 -2.215032230135083e-07 0.3780276680182585 -7.388880668163927e-08 1.126566347781566
16.89564362609958 1.151094407972491 -6.037475977246909e-05 0.3780132215674026 -1.37363444087206e-07 1.126583555079266
17.05708536317606 1.151103268846096 6.976891148086084e-05 0.3780411916210323 -1.199903274672412e-06 1.126606575755538
17.21852706312482 1.151193592965742 -5.366087321256874e-05 0.378055170106207 -3.551979391863691e-08 1.126636992257636
17.37996864074779 1.151883729275236 0.0003085701753474668 0.3780575268620803 5.511744817701149e-06 1.126657659795403
17.54141031357453 1.151122456408851 3.002101453497552e-05 0.3780256509210493 -1.767874006255998e-06 1.126670543030766
17.70285216540681 1.151592118639118 -5.761418129476836e-05 0.3780269247297354 1.141208721748728e-06 1.12668768909206
17.86429412174027 1.151599923947657 9.735776725622314e-05 0.3780221981210655 1.803464119860473e-06 1.126699540797964
18.02573602637085 1.150610309319608 1.015059481471181e-05 0.3780011051134489 1.121381121155229e-07 1.126704108365137
18.18717787736414 1.151287837821361 4.459890417268797e-05 0.3780110229099185 1.162494915479123e-06 1.126721646567754
18.34861990868922 1.152453449766795 -0.0001861347142518566 0.3780148018043162 -1.519534079818738e-06 1.126732598765528
18.51006196320375 1.150688589291262 -2.721321100607188e-05 0.3780115261372426 1.661366041792386e-06 1.126742475132974
18.67150398716723 1.150690266080024 0.0001008460256384514 0.3780102281515492 -5.772881980364852e-07 1.126750198161901
18.83294597617318 1.151367377047222 -9.060605962568635e-05 0.3780219170351488 4.836102198615272e-07 1.126758356190154
18.99438802941006 1.15109207946702 2.570409055624445e-05 0.3780175575473718 2.377127672941251e-07 1.126766737944904
19.15583018690576 1.150964993749386 1.383622325459855e-05 0.3780067677622111 1.195110538206035e-07 1.126769641146432
19.31727239080355 1.151170873908642 -0.0006678205723557318 0.378013557447328 -1.582979618528629e-06 1.126774207971563
19.4787145550311 1.151456586048374 -2.770960595602223e-05 0.3780160566131512 1.220781562715281e-06 1.126781061773219
19.64015666099111 1.151244330189097 -4.402725850316536e-05 0.3780110967316302 2.122667009073209e-07 1.126785200702046
19.80159846034595 1.150934260846244 -3.094009997195446e-05 0.37799939121784 -4.295331476836944e-06 1.126789640503925
19.96304037317494 1.151039648713619 8.34882468866982e-06 0.3780094968398782 1.7869237415322e-06 1.12679213836854
