cpr dim we la m2 v2x v2y v2z pd vlmx vlmy vlmz vl2x vl2y vl2z c2x c2y c2z
0.5 2 0.1 1200.0 -0.9999998696202705 -1.0 -1.0 0.0 0.0 0.0 0.0 0.0 0.0 0.0 0.0 -1.0 -1.0 0.0
0.5946035575013605 2 0.1 1200.0 -0.08011712394623484 0.19277201264164712 0.07023250891405043 0.0 0.24151602823597126 0.0014895743816550086 0.0005921593463152417 0.0 0.00396681432305427 0.00208513538414629 0.0 0.5445523667350721 0.36760276303437284 0.0
0.7071067811865476 2 0.1 1200.0 -0.014926081079851612 -0.11380206006537218 -0.6788330084285198 0.0 0.6497259717872287 0.008930534538488287 0.023781214765428008 0.0 0.012849770385898119 0.024183018165354078 0.0 0.09810417983238674 -0.25775974141320224 0.0
0.8408964152537145 2 0.1 1200.0 -0.00038881357033522935 -1.0605828974458902 -1.4423695257156965 0.0 0.7307905751629192 0.07076699130441604 0.09134987054477572 0.0 0.07345288120656843 0.08847874030416826 0.0 -0.6892819009332961 -1.0033580955369128 0.0
1.0 2 0.1 1200.0 -0.0010249003250501513 -1.418522184264174 -1.3771584634796048 0.0 0.7243891353843496 0.14612155382878395 0.10055979329973726 0.0 0.1307837714758237 0.08088558999124569 0.0 -1.0693085242054858 -1.0488420325926868 0.0
1.189207115002721 2 0.1 1200.0 0.0012584774339982644 -0.06304708094317558 0.2824844023810219 0.0 1.4165756578130184 0.0039458504265871795 0.013061888650675448 0.0 0.0026362120045584697 0.006356127208899741 0.0 -0.03239009231667292 0.2230888533188336 0.0
1.4142135623730951 2 0.1 1200.0 -0.0016337433989708496 -0.03769387013723776 -0.23998824308283312 0.0 1.4022039178433092 0.0068498793900420175 0.009879124226956337 0.0 0.003863482488941942 0.004401255893701722 0.0 0.04013523480121909 -0.04164941999183704 0.0
1.681792830507429 2 0.1 1200.0 -0.0020875477589227228 -0.1397298962946667 0.051368177393913854 0.0 1.278980403848996 0.005846015753219869 0.004298658501694211 0.0 0.0020464925387237856 0.00120232076005706 0.0 -0.06910214534007869 0.056094968948186566 0.0
2.0 2 0.1 1200.0 0.0015589781334312293 0.009078164716023495 -0.009024533212400153 0.0 1.1303017877887405 0.0004464015014560447 0.0005364832177806458 0.0 0.00015809762895988437 0.0001733291202049527 0.0 0.01587290984792855 0.012308533689743502 0.0
2.378414230005442 2 0.1 1200.0 0.0006064894070246272 -0.01994855321448564 0.016664956498246505 0.0 1.08785924790807 0.00026196060752487236 0.0003895495320403843 0.0 7.444578868511957e-05 8.258793640108368e-05 0.0 -0.002495088228734416 0.025723971185714487 0.0
2.8284271247461903 2 0.1 1200.0 -6.343780387949344e-05 -0.003095293432881462 0.0005524009257474575 0.0 1.0625147583087258 0.0001243758254084029 0.0002183806993358729 0.0 3.281181662800508e-05 4.200862932626888e-05 0.0 0.00554778996927968 0.006721341517267226 0.0
3.363585661014858 2 0.1 1200.0 -0.003139971037587275 0.00022388238622519422 -0.005244090539111957 0.0 1.0498435205554502 0.00017503151182984288 0.0001873749933223397 0.0 3.189268765874603e-05 3.473232560413117e-05 0.0 0.0067611065996980675 -0.001736527594843164 0.0
4.0 2 0.1 1200.0 -0.0006832243199210901 -0.00519735465298815 -0.00246577736746677 0.0 1.0405480332283583 0.0001569744656884758 0.000156405762038898 0.0 2.614083624328486e-05 2.5665875851445778e-05 0.0 0.0014563789942856722 0.00018782791498731443 0.0
4.756828460010884 2 0.1 1200.0 -0.0007004450484371294 -0.0004888536046786082 0.004478247288473802 0.0 1.03448037212576 0.0001218001277928843 0.00011429021130125134 0.0 1.6723137383357778e-05 1.718852319602048e-05 0.0 0.0006636726739795729 0.007276103719899952 0.0
5.656854249492381 2 0.1 1200.0 -0.0013444054376893432 0.005925144881971452 0.0017935416105013858 0.0 1.0245652749837233 3.505472111292003e-05 3.750659638678638e-05 0.0 6.184746960063933e-06 3.9977310469288055e-06 0.0 0.006700216353075682 0.0018600771013082807 0.0
6.727171322029716 2 0.1 1200.0 -0.0004873222113299247 0.004597266139628777 0.006858622157833972 0.0 1.0172782185102143 2.1943535267717912e-05 2.554707652854535e-05 0.0 2.9966521882978535e-06 3.525299932963424e-06 0.0 0.00384776784218685 0.006648241522792206 0.0
8.0 2 0.1 1200.0 -0.0006962497828286294 0.004145038848561389 0.006663293561049227 0.0 1.014140488164063 1.7628095161853354e-05 2.188765764323923e-05 0.0 2.600624025289418e-06 3.4220277585569874e-06 0.0 0.0037423887433044958 0.005794487243175451 0.0
