0.00545833 0.12001
0.006375 0.0879307
0.00729167 0.0929614
0.00820834 0.110524
0.009125 0.105447
0.0100417 0.0901444
0.0109584 0.0748586
0.011875 0.0625662
0.0127916 0.0482876
0.0137084 0.0374065
0.014625 0.0300823
0.0155417 0.0235605
0.0164584 0.0187403
0.017375 0.0163671
0.0182916 0.0127249
0.0192083 0.0108868
0.020125 0.00829739
0.0210416 0.00748358
0.0219584 0.00611207
0.022875 0.00589012
0.0237917 0.00437633
0.0247084 0.0035796
0.025625 0.00249832
0.0265416 0.00196337
0.0274583 0.00178126
0.028375 0.00178126
0.0292916 0.00166744
0.0302084 0.00114957
0.031125 0.000819495
0.0320417 0.00141704
0.0329583 0.000990223
0.033875 0.000865022
0.0347916 0.0010073
0.0357083 0.000921932
0.036625 0.000660149
0.0375416 0.000569094
0.0384584 0.000381293
0.039375 0.000239019
0.0402916 0.000313002
0.0412084 0.000381293
0.042125 0.00036422
0.0430417 0.000261783
0.0439584 0.000204874
0.044875 0.000204874
0.0457917 0.000159346
0.0467083 8.5364e-05
0.047625 0.000130892
0.0485417 7.96731e-05
0.0494583 0.000239019
0.050375 8.5364e-05
0.0512916 0.000102437
0.0522084 9.1055e-05
0.053125 2.84547e-05
0.0540416 5.69094e-05
0.0549584 2.84547e-05
0.055875 3.41456e-05
0.0567916 7.96731e-05
0.0577084 0
0.058625 5.69094e-06
0.0595417 0.000113819
