z0 z1 k0 cx0 cz0 k1 cx1 cz1
0.48389864591 0.516093154741 2.0728744219 0.498046875 0.5913756376 2.55168501103 0.498046875 0.388785598277
0.482231359648 0.517768640296 2.05484944458 0.498046875 0.590727373661 2.04151961701 0.498046875 0.409784177466
0.471521170415 0.528478827021 2.0 0.498046875 0.594575492987 2.0 0.498046875 0.405424507872
0.464726100071 0.535273839383 2.0 0.498046875 0.60133173845 2.0 0.498046875 0.398668250199
0.458724714546 0.541275253912 2.0 0.498046875 0.607266619188 2.0 0.498046875 0.392733370625
0.453327546221 0.546672540709 2.0 0.498046875 0.612625986119 2.0 0.498046875 0.387374097216
0.448798605029 0.551201138591 2.0 0.498046875 0.617143605179 2.0 0.498046875 0.38285612328
0.444535664212 0.555463908971 2.0 0.498046875 0.62151339034 2.0 0.498046875 0.378486002798
0.440656120184 0.559339216048 2.0 0.498046875 0.625367198936 2.0 0.498046875 0.374628848678
0.437056540601 0.562939773263 2.0 0.498046875 0.628934907972 2.0 0.498046875 0.371063245255
0.433920491706 0.56611825923 24.5779933029 0.498046875 0.607098020896 24.571410251 0.498046875 0.3929138407
0.43077478164 0.569243846305 21.6345248659 0.498046875 0.615738271888 21.6298962869 0.498046875 0.38426934667
0.427774362863 0.572240813293 19.2466152191 0.498046875 0.624409768117 19.1153723312 0.498046875 0.375182409122
0.424940156435 0.575059852269 17.0039119677 0.498046875 0.634178300268 16.999722585 0.498046875 0.365807019434
0.42231516938 0.577677415901 2.0 0.498046875 0.643679138081 15.3444312423 0.498046875 0.356909908343
0.419684088279 0.580300401572 13.8129657828 0.498046875 0.652870039072 13.8110620579 0.498046875 0.34711452805
0.417198855078 0.582788519235 12.4697320066 0.498046875 0.663130479364 12.4674170064 0.498046875 0.336847722839
0.414803666654 0.585188241896 11.3015482358 0.498046875 0.673771470944 11.3004015423 0.498046875 0.326213095842
0.412590360534 0.587399960122 10.301355457 0.498046875 0.684538942657 10.2995545977 0.498046875 0.315435083706
0.410330650387 0.589660385781 9.41088042619 0.498046875 0.695863039013 9.4092956741 0.498046875 0.304108939122
0.408170382528 0.591820542352 8.57842116382 0.498046875 0.708290764564 8.57675308119 0.498046875 0.291677486946
0.406105263113 0.593884544795 7.84683469655 0.498046875 0.721177162303 7.84509472782 0.498046875 0.27878614328
0.404170452385 0.595822093735 7.18634991609 0.498046875 0.734809811035 7.18509143614 0.498046875 0.265158233945
0.402201220086 0.59779291751 6.56528917277 0.498046875 0.749912785636 6.56415450647 0.498046875 0.250054056095
0.400299319619 0.599695707814 5.98976240312 0.498046875 0.766451578631 5.99428838024 0.498046875 0.233677539826
0.398457577335 0.601537284715 5.43630855734 0.498046875 0.785337128524 5.43543478264 0.498046875 0.214627596885
0.396723695576 0.603271576536 4.96038897575 0.498046875 0.804738412806 4.94882480915 0.498046875 0.194770488692
0.394942765874 0.605053755241 4.47631181744 0.498046875 0.828361380396 4.4758773643 0.498046875 0.171612160497
0.393174397323 0.606822479477 4.03615222044 0.498046875 0.854495284566 4.03607578809 0.498046875 0.145496718708
0.391511798509 0.608485895472 3.65756470266 0.498046875 0.766792730295 3.65771777266 0.498046875 0.233190009813
0.389808290579 0.610191470405 3.28748443877 0.498046875 0.738180503703 3.28808319451 0.498046875 0.2617799671
0.38813876717 0.611862604264 2.94112477599 0.498046875 0.719180600381 2.94227965554 0.498046875 0.28076072434
0.386503330776 0.613499898952 2.60673501173 0.498046875 0.704335599352 2.60823334763 0.498046875 0.295600296359
0.384966503404 0.615038417926 2.31680312073 0.498046875 0.693266828442 2.31813930017 0.498046875 0.306682580595
0.383391601413 0.616612827378 2.02243795602 0.498046875 0.683169180248 2.0236967564 0.498046875 0.316787543802
0.381848529798 0.618154551727 1.74693362423 0.498046875 0.674529732634 1.74802839807 0.498046875 0.325435667775
0.380332061179 0.619670527263 1.48643672699 0.498046875 0.666917461591 1.48721442162 0.498046875 0.333060126257
0.378894693295 0.621107371722 1.2493109467 0.498046875 0.660361451001 1.24987652188 0.498046875 0.339623623935
0.377416325218 0.622584698963 1.01490726511 0.498046875 0.654168104081 1.01537473262 0.498046875 0.345820662981
0.375960741633 0.62404188752 0.793868125787 0.498046875 0.648549691237 0.79415520285 0.498046875 0.351445021285
0.374524985035 0.625478350885 0.585696258205 0.498046875 0.643425836791 0.585880062093 0.498046875 0.356572181011
