9.174999999999999822e-01 8.337499999999999911e-01
8.750000000000000000e-01 1.237499999999999989e-01
4.250000000000000305e-02 1.012500000000000067e-01
1.675000000000000100e-01 8.874999999999999556e-02
2.550000000000000044e-01 1.250000000000000000e-01
2.687499999999999889e-01 3.749999999999999861e-03
3.762499999999999734e-01 5.874999999999999667e-02
4.387499999999999734e-01 7.000000000000000666e-02
7.387500000000000178e-01 2.999999999999999889e-02
8.225000000000000089e-01 2.500000000000000139e-02
8.237499999999999822e-01 1.062499999999999972e-01
7.362499999999999600e-01 1.337500000000000078e-01
4.612499999999999933e-01 3.012500000000000178e-01
4.012499999999999956e-01 2.662499999999999867e-01
3.350000000000000200e-01 2.275000000000000078e-01
2.725000000000000200e-01 3.150000000000000022e-01
1.487499999999999933e-01 4.899999999999999911e-01
5.874999999999999667e-02 4.074999999999999734e-01
2.225000000000000033e-01 4.799999999999999822e-01
2.737499999999999933e-01 5.037500000000000311e-01
3.200000000000000067e-01 4.412499999999999756e-01
5.200000000000000178e-01 4.400000000000000022e-01
6.362499999999999822e-01 3.337499999999999911e-01
6.800000000000000488e-01 4.949999999999999956e-01
5.975000000000000311e-01 5.050000000000000044e-01
5.737499999999999822e-01 4.912500000000000200e-01
5.437499999999999556e-01 4.849999999999999867e-01
4.224999999999999867e-01 5.837499999999999911e-01
3.200000000000000067e-01 5.300000000000000266e-01
3.462500000000000022e-01 5.087500000000000355e-01
2.675000000000000155e-01 6.312499999999999778e-01
4.912500000000000200e-01 7.299999999999999822e-01
5.274999999999999689e-01 6.474999999999999645e-01
6.225000000000000533e-01 6.262499999999999734e-01
6.812500000000000222e-01 5.675000000000000044e-01
3.825000000000000067e-01 2.025000000000000133e-01
7.874999999999999778e-01 4.062500000000000000e-01
1.824999999999999956e-01 6.774999999999999911e-01
9.375000000000000000e-02 6.312499999999999778e-01
9.375000000000000000e-02 5.875000000000000222e-01
8.250000000000000389e-02 5.450000000000000400e-01
3.749999999999999861e-02 4.924999999999999933e-01
2.500000000000000052e-03 4.274999999999999911e-01
4.125000000000000194e-02 3.300000000000000155e-01
8.762499999999999734e-01 1.950000000000000067e-01
7.637500000000000400e-01 2.049999999999999878e-01
7.312499999999999556e-01 2.787499999999999978e-01
8.687500000000000222e-01 3.150000000000000022e-01
9.675000000000000266e-01 2.462499999999999967e-01
9.849999999999999867e-01 3.325000000000000178e-01
9.399999999999999467e-01 3.750000000000000000e-01
9.925000000000000488e-01 4.349999999999999978e-01
9.237499999999999600e-01 4.699999999999999734e-01
9.274999999999999911e-01 6.112499999999999600e-01
8.637500000000000178e-01 5.212499999999999911e-01
8.537500000000000089e-01 4.412499999999999756e-01
7.924999999999999822e-01 4.550000000000000155e-01
7.537500000000000311e-01 4.762500000000000067e-01
7.275000000000000355e-01 5.062499999999999778e-01
8.137499999999999734e-01 5.337499999999999467e-01
8.175000000000000044e-01 4.824999999999999845e-01
7.874999999999999778e-01 5.524999999999999911e-01
8.375000000000000222e-01 5.737499999999999822e-01
8.024999999999999911e-01 6.274999999999999467e-01
8.149999999999999467e-01 7.162500000000000533e-01
8.900000000000000133e-01 7.462499999999999689e-01
9.737500000000000044e-01 6.862500000000000266e-01
9.399999999999999467e-01 8.337499999999999911e-01
8.862499999999999822e-01 9.037500000000000533e-01
6.550000000000000266e-01 8.912499999999999867e-01
6.175000000000000488e-01 9.649999999999999689e-01
5.725000000000000089e-01 9.675000000000000266e-01
5.412500000000000089e-01 8.862499999999999822e-01
4.862500000000000155e-01 9.174999999999999822e-01
3.649999999999999911e-01 9.675000000000000266e-01
3.662500000000000200e-01 8.912499999999999867e-01
6.774999999999999911e-01 7.387500000000000178e-01
7.387500000000000178e-01 7.437500000000000222e-01
7.612499999999999822e-01 7.199999999999999734e-01
7.537500000000000311e-01 6.412499999999999867e-01
7.287500000000000089e-01 6.099999999999999867e-01
7.500000000000000000e-01 5.762500000000000400e-01
1.362500000000000100e-01 8.050000000000000488e-01
2.624999999999999903e-02 7.837499999999999467e-01
7.499999999999999722e-02 7.375000000000000444e-01
5.000000000000000104e-03 7.612499999999999822e-01
5.500000000000000028e-02 7.212499999999999467e-01
6.750000000000000444e-02 7.012500000000000400e-01
5.750000000000000250e-02 6.450000000000000178e-01
1.375000000000000007e-02 6.437500000000000444e-01
1.874999999999999931e-02 8.737500000000000266e-01
2.125000000000000153e-02 9.975000000000000533e-01
8.624999999999999334e-02 9.799999999999999822e-01
1.849999999999999978e-01 9.787500000000000089e-01
2.074999999999999900e-01 9.250000000000000444e-01
2.712499999999999911e-01 9.437499999999999778e-01
9.912499999999999645e-01 8.787500000000000311e-01
3.612500000000000155e-01 2.212500000000000022e-01
2.750000000000000014e-02 7.287500000000000089e-01
9.949999999999999956e-01 8.562499999999999556e-01
