9.162500000000000089e-01 1.750000000000000444e-01
8.612499999999999600e-01 8.737500000000000266e-01
2.875000000000000125e-02 9.074999999999999734e-01
1.724999999999999867e-01 9.250000000000000444e-01
2.600000000000000089e-01 8.937500000000000444e-01
2.600000000000000089e-01 9.912499999999999645e-01
3.712500000000000244e-01 9.449999999999999512e-01
4.312500000000000222e-01 9.437499999999999778e-01
7.500000000000000000e-01 9.799999999999999822e-01
8.112500000000000266e-01 9.862499999999999600e-01
8.212500000000000355e-01 8.850000000000000089e-01
7.487500000000000266e-01 8.562499999999999556e-01
4.537499999999999867e-01 6.950000000000000622e-01
3.950000000000000178e-01 7.362500000000000711e-01
3.437500000000000000e-01 7.950000000000000400e-01
2.725000000000000200e-01 6.762500000000000178e-01
1.375000000000000111e-01 5.150000000000000133e-01
5.374999999999999917e-02 5.937500000000000000e-01
2.262500000000000067e-01 5.262499999999999956e-01
2.737499999999999933e-01 5.012499999999999734e-01
3.137499999999999734e-01 5.637499999999999734e-01
5.237500000000000488e-01 5.537499999999999645e-01
6.400000000000000133e-01 6.550000000000000266e-01
6.724999999999999867e-01 5.024999999999999467e-01
5.999999999999999778e-01 4.949999999999999956e-01
5.725000000000000089e-01 5.100000000000000089e-01
5.474999999999999867e-01 5.162499999999999867e-01
4.224999999999999867e-01 4.100000000000000311e-01
3.262499999999999845e-01 4.675000000000000266e-01
3.425000000000000266e-01 4.825000000000000400e-01
2.737499999999999933e-01 3.662499999999999645e-01
4.849999999999999867e-01 2.700000000000000178e-01
5.162499999999999867e-01 3.512499999999999512e-01
6.312499999999999778e-01 3.725000000000000533e-01
6.787499999999999645e-01 4.324999999999999956e-01
3.574999999999999845e-01 8.024999999999999911e-01
7.787500000000000533e-01 5.849999999999999645e-01
1.737499999999999878e-01 3.112500000000000266e-01
9.124999999999999778e-02 3.662499999999999645e-01
8.999999999999999667e-02 4.062500000000000000e-01
8.250000000000000389e-02 4.549999999999999600e-01
3.749999999999999861e-02 5.075000000000000622e-01
0.000000000000000000e+00 5.712500000000000355e-01
3.375000000000000222e-02 6.624999999999999778e-01
8.612499999999999600e-01 8.312500000000000444e-01
7.650000000000000133e-01 8.187499999999999778e-01
7.387500000000000178e-01 7.249999999999999778e-01
8.912499999999999867e-01 6.812500000000000222e-01
9.649999999999999689e-01 7.187500000000000000e-01
9.825000000000000400e-01 6.662500000000000089e-01
9.449999999999999512e-01 6.274999999999999467e-01
9.825000000000000400e-01 6.025000000000000355e-01
8.874999999999999556e-01 5.500000000000000444e-01
9.037500000000000533e-01 3.737500000000000266e-01
8.299999999999999600e-01 4.862499999999999600e-01
8.612499999999999600e-01 5.437499999999999556e-01
7.837499999999999467e-01 5.437499999999999556e-01
7.537500000000000311e-01 5.187500000000000444e-01
7.325000000000000400e-01 4.937500000000000222e-01
8.149999999999999467e-01 4.675000000000000266e-01
8.125000000000000000e-01 5.162499999999999867e-01
7.850000000000000311e-01 4.425000000000000044e-01
8.175000000000000044e-01 4.399999999999999467e-01
7.824999999999999734e-01 3.862499999999999822e-01
8.212500000000000355e-01 2.912500000000000089e-01
8.937500000000000444e-01 2.574999999999999512e-01
9.712499999999999467e-01 3.062500000000000222e-01
9.437499999999999778e-01 1.762500000000000178e-01
8.850000000000000089e-01 9.250000000000002665e-02
6.512499999999999956e-01 1.049999999999999822e-01
6.175000000000000488e-01 3.500000000000003109e-02
5.649999999999999467e-01 3.374999999999994671e-02
5.350000000000000311e-01 1.062499999999999556e-01
4.862500000000000155e-01 8.250000000000001776e-02
3.624999999999999889e-01 2.875000000000005329e-02
3.662500000000000200e-01 1.087500000000000133e-01
6.762500000000000178e-01 2.674999999999999600e-01
7.337500000000000133e-01 2.650000000000000133e-01
7.512499999999999734e-01 2.824999999999999734e-01
7.475000000000000533e-01 3.562499999999999556e-01
7.249999999999999778e-01 3.824999999999999512e-01
7.562499999999999778e-01 4.250000000000000444e-01
1.362500000000000100e-01 2.049999999999999600e-01
1.874999999999999931e-02 2.175000000000000266e-01
7.000000000000000666e-02 2.662499999999999867e-01
2.500000000000000052e-03 2.362499999999999600e-01
5.374999999999999917e-02 2.812500000000000000e-01
6.500000000000000222e-02 2.974999999999999867e-01
5.124999999999999695e-02 3.512499999999999512e-01
1.499999999999999944e-02 3.575000000000000400e-01
7.499999999999999722e-03 1.225000000000000533e-01
2.999999999999999889e-02 7.499999999999951150e-03
7.374999999999999611e-02 1.875000000000004441e-02
1.862499999999999989e-01 2.000000000000001776e-02
2.124999999999999944e-01 7.250000000000000888e-02
2.625000000000000111e-01 5.749999999999999556e-02
9.975000000000000533e-01 1.162499999999999645e-01
3.499999999999999778e-01 7.962500000000000133e-01
2.750000000000000014e-02 2.712499999999999911e-01
9.987500000000000266e-01 1.587499999999999467e-01
