7.012469124062400451e-03
2.075856701333459939e-02
3.422478055190283225e-02
4.740853138145454532e-02
6.030577589026936414e-02
7.291151035945739323e-02
8.522010858882048123e-02
9.722566942658268652e-02
1.089222935692162747e-01
1.203043487856921140e-01
1.313667375975851037e-01
1.421050988955822603e-01
1.525159566516410270e-01
1.625968482621210354e-01
1.723464685711730282e-01
1.817647295656808493e-01
1.908527778369058514e-01
1.996130243266208970e-01
2.080491523734930570e-01
2.161660641133946459e-01
2.239698132412675513e-01
2.314675502145456532e-01
2.386674299342515793e-01
2.455785005145777189e-01
2.522105897203180680e-01
2.585741951782054016e-01
2.646803552368066637e-01
2.705405206382687777e-01
2.761664317712538841e-01
2.815700053687108517e-01
2.867632029846597930e-01
2.917579199168829907e-01
2.965659026221336703e-01
3.011986369004846509e-01
3.056672677494131629e-01
3.099825296609222680e-01
3.141546788656530698e-01
3.181934413392399907e-01
3.221079833270212300e-01
3.259068663707416769e-01
3.295980340857695423e-01
3.331887987653074368e-01
3.366858363129152099e-01
3.400951995778446757e-01
3.434223231276529731e-01
3.466720401769726734e-01
3.498486132474102894e-01
3.529557533231065247e-01
3.559966565537763250e-01
3.589740351255161777e-01
3.618901517806016876e-01
3.647468572759887118e-01
3.675456253796731132e-01
3.702875946997145062e-01
3.729735913719491314e-01
3.756041781375957789e-01
3.781796855812095126e-01
3.807002318503250327e-01
3.831657632177316586e-01
3.855760832387264414e-01
3.879308673739250146e-01
3.902297037673350122e-01
3.924721009998013432e-01
3.946575068808960141e-01
3.967853386358520251e-01
3.988549874861684330e-01
4.008658351708360712e-01
4.028172752731755124e-01
4.047087048685378274e-01
4.065395491681833562e-01
4.083092697375517721e-01
4.100173580482090463e-01
4.116633572015120368e-01
4.132468544625709783e-01
4.147674871229652949e-01
4.162249561552318067e-01
4.176190123246740771e-01
4.189494695450117767e-01
4.202162012085788878e-01
4.214191423684631732e-01
4.225582925174476423e-01
4.236337048351759837e-01
4.246455037285808420e-01
4.255938694529611266e-01
4.264790412989567514e-01
4.273013216330263653e-01
4.280610658529379053e-01
4.287586914673182092e-01
4.293946659759127482e-01
4.299695156106568272e-01
4.304838165223165980e-01
4.309381916550070746e-01
4.313333192989863840e-01
4.316699198198475917e-01
4.319487585313669942e-01
4.321706467726856293e-01
4.323364341141245348e-01
4.324470071157799911e-01
4.325032948017075718e-01
4.325062554460796238e-01
4.324568818318107466e-01
4.323562008678314972e-01
4.322052606458511304e-01
4.320051414227064623e-01
4.317569464382884359e-01
4.314617969481607251e-01
4.311208407707063928e-01
4.307352371840277305e-01
4.303061641441217611e-01
4.298348131267347161e-01
4.293223863137581864e-01
4.287700953604599574e-01
4.281791600235366757e-01
4.275508045397354850e-01
4.268862571859882160e-01
4.261867495555664576e-01
4.254535088477250371e-01
4.246877628350878009e-01
4.238907350002065200e-01
4.230636422252722073e-01
4.222076966187032210e-01
4.213240965056484488e-01
4.204140359656555193e-01
4.194786889439322541e-01
4.185192254846670790e-01
4.175367909159777846e-01
4.165325237832326888e-01
4.155075373231162383e-01
4.144629310732669270e-01
4.133997815663443820e-01
4.123191464125179340e-01
4.112220606609420792e-01
4.101095387689333571e-01
4.089825646255456637e-01
4.078421118158689351e-01
4.066891088641454433e-01
4.055244807375753546e-01
4.043491071221124722e-01
4.031638550052302206e-01
4.019695553794425669e-01
4.007670169572145613e-01
3.995570176123711681e-01
3.983403117323519038e-01
3.971176181087274770e-01
3.958896374842807431e-01
3.946570323544916770e-01
3.934204459341058002e-01
3.921804880010497651e-01
3.909377438281979034e-01
3.896927686820325087e-01
3.884460930412297897e-01
3.871982173463967003e-01
3.859496191057891212e-01
3.847007469653399014e-01
3.834520243803883344e-01
3.822038497425815362e-01
3.809565961042969406e-01
3.797106138620759408e-01
3.784662279589795508e-01
3.772237401268308532e-01
3.759834320207731118e-01
3.747455617120267757e-01
3.735103665550064123e-01
3.722780614724617299e-01
3.710488457547100882e-01
3.698228934364419240e-01
3.686003694152547028e-01
3.673814094377548245e-01
3.661661422692265022e-01
3.649546735869677039e-01
3.637470983584376039e-01
3.625434929499153358e-01
3.613439218536045328e-01
3.601484370746189656e-01
3.589570738340360778e-01
3.577698614831436030e-01
3.565868111056869627e-01
3.554079295747232248e-01
3.542332085517063689e-01
3.530626360798185814e-01
3.518961839218294751e-01
3.507338251339003898e-01
3.495755157525639034e-01
3.484212130694547271e-01
3.472708609931337009e-01
3.461244052667972193e-01
3.449817781040873665e-01
3.438429163413114220e-01
3.427077424782712933e-01
3.415761857678781266e-01
3.404481620139830911e-01
3.393235930465354211e-01
3.382023904704389849e-01
3.370844728095129250e-01
3.359697469123583691e-01
3.348581279689696877e-01
3.337495210222809483e-01
3.326438399495710851e-01
3.315409878838576629e-01
3.304408791838075454e-01
3.293434177634566584e-01
3.282485172169983256e-01
3.271560836360855040e-01
3.260660304467409287e-01
3.249782683265091676e-01
3.238927098006869620e-01
3.228092721875565063e-01
3.217278682342402663e-01
3.206484193097001723e-01
3.195708413488816402e-01
3.184950597495882496e-01
3.174209948716451013e-01
3.163485751437369320e-01
3.152777252190155366e-01
3.142083784011219794e-01
3.131404635009044091e-01
3.120739183573809639e-01
3.110086764243859547e-01
3.099446789783713574e-01
3.088818666461181084e-01
3.078201833517277830e-01
3.067595761634963059e-01
3.056999917616642359e-01
3.046413828413862546e-01
3.035837007761940654e-01
3.025269014681610802e-01
3.014709425797389986e-01
3.004157837928717045e-01
2.993613867329900646e-01
2.983077153266914805e-01
2.972547357804474211e-01
2.962024149589972399e-01
2.951507234139827407e-01
2.940996327542185762e-01
2.930491170670091461e-01
2.919991505465637238e-01
2.909497113339045704e-01
2.899007768998124734e-01
2.888523282378358537e-01
2.878043465866557682e-01
2.867568159825880092e-01
2.857097205303553711e-01
2.846630464040821873e-01
2.836167800835086017e-01
2.825709096878533666e-01
2.815254256670196575e-01
2.804803174980433633e-01
2.794355777600708302e-01
2.783911986044977915e-01
2.773471741245027156e-01
2.763034978669397512e-01
2.752601654258386987e-01
2.742171733343206075e-01
2.731745176425229293e-01
2.721321958391633711e-01
2.710902055501461794e-01
2.700485459763090068e-01
2.690072156591493679e-01
2.679662132097392901e-01
2.669255400633929187e-01
2.658851953341176411e-01
2.648451807168079042e-01
2.638054966582660255e-01
2.627661448436348635e-01
2.617271269114174737e-01
2.606884441856141543e-01
2.596500992456375334e-01
2.586120943279199280e-01
2.575744315813678353e-01
2.565371138530072592e-01
2.555001437969850464e-01
2.544635238702167568e-01
2.534272567004277055e-01
2.523913456781152198e-01
2.513557933924968624e-01
2.503206025227941445e-01
2.492857764778836083e-01
2.482513175508719305e-01
2.472172287768369114e-01
2.461835122994226743e-01
2.451501718257076134e-01
2.441172090550723095e-01
2.430846279080922934e-01
2.420524292215006090e-01
2.410206168789440773e-01
2.399891919197958967e-01
2.389581576588125089e-01
2.379275154912518786e-01
2.368972678408591548e-01
2.358674167476934591e-01
2.348379637720892921e-01
2.338089105289612724e-01
2.327802584127438845e-01
2.317520087679716956e-01
2.307241633639696698e-01
2.296967224956672771e-01
2.286696887105449105e-01
2.276430618095124925e-01
2.266168427989781464e-01
2.255910325710649145e-01
2.245656318086215186e-01
2.235406408983266202e-01
2.225160601095886037e-01
2.214918900869288498e-01
2.204681304516754037e-01
2.194447812187770297e-01
2.184218424153263616e-01
2.173993134273895234e-01
2.163771944348907850e-01
2.153554852114658302e-01
2.143341846854714405e-01
2.133132936648400035e-01
2.122928097102608769e-01
2.112727335906335602e-01
2.102530639140112179e-01
2.092337994032828496e-01
2.082149398637841431e-01
2.071964829168189692e-01
2.061784290190156743e-01
2.051607754572078446e-01
2.041435220948810414e-01
2.031266663133491912e-01
2.021102078614417652e-01
2.010941454744895052e-01
2.000784768016269366e-01
1.990632012206913493e-01
1.980483155297884934e-01
1.970338202144069628e-01
1.960197119019684575e-01
1.950059897065237469e-01
1.939926514844169392e-01
1.929796954095071848e-01
1.919671200356074525e-01
1.909549232954174669e-01
1.899431030481203153e-01
1.889316572502622860e-01
1.879205847750380909e-01
1.869098831967490881e-01
1.858995503915148728e-01
1.848895848299737799e-01
1.838799838426006528e-01
1.828707451548014784e-01
1.818618674180466632e-01
1.808533481131537890e-01
1.798451851616190700e-01
1.788373768859804480e-01
1.778299202538847767e-01
1.768228145087851200e-01
1.758160559624522279e-01
1.748096439006577019e-01
1.738035753982822840e-01
1.727978488801891199e-01
1.717924617774629625e-01
1.707874119794481060e-01
1.697826971581451461e-01
1.687783154046396394e-01
1.677742639246858347e-01
1.667705414236179129e-01
1.657671452856460947e-01
1.647640736935288563e-01
1.637613237169395775e-01
1.627588945418984578e-01
1.617567818311204941e-01
1.607549859821078841e-01
1.597535027033598898e-01
1.587523314541210706e-01
1.577514690450837198e-01
1.567509135229258332e-01
1.557506625789593924e-01
1.547507141573405132e-01
1.537510661469758955e-01
1.527517164767538682e-01
1.517526627589029786e-01
1.507539034262124211e-01
1.497554356382570229e-01
1.487572571934753229e-01
1.477593666003309547e-01
1.467617607765426824e-01
1.457644383387583509e-01
1.447673968465067740e-01
1.437706335018275883e-01
1.427741470443598948e-01
1.417779345198983132e-01
1.407819937659114951e-01
1.397863229144082065e-01
1.387909198836434488e-01
1.377957821287448814e-01
1.368009078283120017e-01
1.358062943718768290e-01
1.348119397739840353e-01
1.338178417027099387e-01
1.328239973474919788e-01
1.318304060710165093e-01
1.308370639441613081e-01
1.298439699885711174e-01
1.288511215369156082e-01
1.278585160311862812e-01
1.268661520578860391e-01
1.258740261916175274e-01
1.248821374283614061e-01
1.238904829681209824e-01
1.228990604856590868e-01
1.219078682468009711e-01
1.209169033966700224e-01
1.199261636672269149e-01
1.189356468188566412e-01
1.179453511184523767e-01
1.169552733643103443e-01
1.159654124022706650e-01
1.149757648878464988e-01
1.139863296170081086e-01
1.129971036118377764e-01
1.120080842344596955e-01
1.110192705942777275e-01
1.100306589605380692e-01
1.090422478061395251e-01
1.080540348498533892e-01
1.070660171850310455e-01
1.060781921868584193e-01
1.050905589944344798e-01
1.041031137273312202e-01
1.031158547263144321e-01
1.021287798000352215e-01
1.011418861191350493e-01
1.001551714189674591e-01
9.916863398573537436e-02
9.818226987119728355e-02
9.719607892076911893e-02
9.621005648601557714e-02
9.522420154040182882e-02
9.423851197794540224e-02
9.325298336635538810e-02
9.226761573148037354e-02
9.128240486375949203e-02
9.029734841163321313e-02
8.931244526395736016e-02
8.832769199965638529e-02
8.734308573276730603e-02
8.635862537689173446e-02
8.537430691088455925e-02
8.439012857659886069e-02
8.340608815105506058e-02
8.242218273608338530e-02
8.143840904491543575e-02
8.045476669872579645e-02
7.947125060579778022e-02
7.848785996880751348e-02
7.750459174135705676e-02
7.652144280901455875e-02
7.553841121854226737e-02
7.455549399356259377e-02
7.357268904410776966e-02
7.258999283014207216e-02
7.160740399220594243e-02
7.062491876338200525e-02
6.964253534607085794e-02
6.866025000719475080e-02
6.767806208924531663e-02
6.669596603158137182e-02
6.571396178831198642e-02
6.473204541327404193e-02
6.375021447668147156e-02
6.276846535733252019e-02
6.178679821138962497e-02
6.080520610119611452e-02
5.982368931464468464e-02
5.884224517457783965e-02
5.786086964221569956e-02
5.687955855687844980e-02
5.589831480486948112e-02
5.491712826715973439e-02
5.393600050861855483e-02
5.295492969814770412e-02
5.197390995533950758e-02
5.099293860504381520e-02
5.001201792620488251e-02
4.903113804413943011e-02
4.805029931818411565e-02
4.706950243943043566e-02
4.608873736492138246e-02
4.510800587483612678e-02
4.412730689922570587e-02
4.314663229655980869e-02
4.216598182430737057e-02
4.118535561417790980e-02
4.020474463522414471e-02
3.922414975251625746e-02
3.824356995656424257e-02
3.726299727021036012e-02
3.628243227045938740e-02
3.530187288203306267e-02
3.432131272973848457e-02
3.334075098388792485e-02
3.236018579468694784e-02
3.137961132906161993e-02
3.039902711853720296e-02
2.941842914687878632e-02
2.843781468448986979e-02
2.745718014971620588e-02
2.647652341349389024e-02
2.549584116604208459e-02
2.451513056071437033e-02
2.353438853645123743e-02
2.255361162927461277e-02
2.157279826128162201e-02
2.059194260044380081e-02
1.961104487668774085e-02
1.863010020420597518e-02
1.764910531887595863e-02
1.666805823661638222e-02
1.568695583532506849e-02
1.470579363719083654e-02
1.372456992958896380e-02
1.274328149039982531e-02
1.176192473927058051e-02
1.078049696767643083e-02
9.798994902922091368e-03
8.817415850235273134e-03
7.835755891641116647e-03
6.854012169046230611e-03
5.872182499430261132e-03
4.890262663177002284e-03
3.908249289695431630e-03
2.926141032374224987e-03
1.943933453392260053e-03
9.616221382148223756e-04
-2.079342931483350252e-05
-1.003317491360631751e-03
-1.985955227662497980e-03
-2.968706435657021952e-03
-3.951575513768156196e-03
-4.934567550319133959e-03
-5.917683551488698429e-03
-6.900926495077088635e-03
-7.884302269188703596e-03
-8.867812028684729161e-03
-9.851458012476475151e-03
-1.083524652348324957e-02
-1.181917871552590725e-02
-1.280325717582960453e-02
-1.378748737373405517e-02
-1.477187136936181262e-02
-1.575641213726709788e-02
-1.674111338567857085e-02
-1.772597861649514300e-02
-1.871101052230708314e-02
-1.969621224007367735e-02
-2.068158825797019804e-02
-2.166714135172870953e-02
-2.265287379966731199e-02
-2.363879092289502062e-02
-2.462489445551954703e-02
-2.561118728676938655e-02
-2.659767426143455279e-02
-2.758435828103929580e-02
-2.857124117143297268e-02
-2.955832883643608189e-02
-3.054562337146170259e-02
-3.153312711991745204e-02
-3.252084541726819877e-02
-3.350878088479945088e-02
-3.449693555368796988e-02
-3.548531500480338330e-02
-3.647392154778020951e-02
-3.746275757142597529e-02
-3.845182834015631324e-02
-3.944113575718094511e-02
-4.043068348926752431e-02
-4.142047599507610312e-02
-4.241051600073590666e-02
-4.340080655300158213e-02
-4.439135257255744094e-02
-4.538215484043525705e-02
-4.637321897239206347e-02
-4.736454749895618876e-02
-4.835614394422083767e-02
-4.934801263684487904e-02
-5.034015652114979394e-02
-5.133257773095623727e-02
-5.232528167879038627e-02
-5.331827039131880469e-02
-5.431154724670440859e-02
-5.530511835591032238e-02
-5.629898452061637276e-02
-5.729314987744257154e-02
-5.828761936682409078e-02
-5.928239399821630395e-02
-6.027747859190950297e-02
-6.127287764774255047e-02
-6.226859224333002735e-02
-6.326462854950996861e-02
-6.426098871471852547e-02
-6.525767548136500451e-02
-6.625469471343842232e-02
-6.725204817644694910e-02
-6.824973906138992463e-02
-6.924777351412983450e-02
-7.024615188304501878e-02
-7.124487916507751817e-02
-7.224395980331001221e-02
-7.324339521011855036e-02
-7.424319075661242606e-02
-7.524335090875457210e-02
-7.624387596491292995e-02
-7.724477246430540289e-02
-7.824604261113786430e-02
-7.924768923924423170e-02
-8.024971850076940971e-02
-8.125213185002684579e-02
-8.225493348541830507e-02
-8.325812794031596520e-02
-8.426171703702252380e-02
-8.526570546760768587e-02
-8.627009699671789322e-02
-8.727489415971080577e-02
-8.828010159580859662e-02
-8.928572266840857641e-02
-9.029176034057410927e-02
-9.129821945699002905e-02
-9.230510279728985912e-02
-9.331241417678089178e-02
-9.432015781417570077e-02
-9.532833661474067466e-02
-9.633695460331090366e-02
-9.734601562821877663e-02
-9.835552254105595082e-02
-9.936548014483653768e-02
-1.003758913319534041e-01
-1.013867596377152486e-01
-1.023980891211976191e-01
-1.034098828223257299e-01
-1.044221452214063317e-01
-1.054348796181237558e-01
-1.064480899099082278e-01
-1.074617796245371376e-01
-1.084759526872734331e-01
-1.094906121110780922e-01
-1.105057623255510241e-01
-1.115214065284187150e-01
-1.125375481877727707e-01
-1.135541920318315356e-01
-1.145713402509973000e-01
-1.155889975752931731e-01
-1.166071673624601290e-01
-1.176258535712192688e-01
-1.186450598272484613e-01
-1.196647899365619883e-01
-1.206850466791637849e-01
-1.217058350541497386e-01
-1.227271583758190315e-01
-1.237490199824727577e-01
-1.247714239154281979e-01
-1.257943730243057667e-01
-1.268178715074191887e-01
-1.278419236839235806e-01
-1.288665322177010297e-01
-1.298917008741846402e-01
-1.309174342564183302e-01
-1.319437348348279915e-01
-1.329706073783648024e-01
-1.339980543585611583e-01
-1.350260802153382678e-01
-1.360546889584615116e-01
-1.370838834069599832e-01
-1.381136681338601124e-01
-1.391440460365894471e-01
-1.401750210528294460e-01
-1.412065968951045081e-01
-1.422387773003440659e-01
-1.432715656871850207e-01
-1.443049663421269446e-01
-1.453389823926794222e-01
-1.463736181733180375e-01
-1.474088765398284540e-01
-1.484447612504347369e-01
-1.494812762351844238e-01
-1.505184243836697744e-01
-1.515562099790383477e-01
-1.525946362926372812e-01
-1.536337073481076343e-01
-1.546734263088535011e-01
-1.557137969790216014e-01
-1.567548229171555618e-01
-1.577965090005287452e-01
-1.588388569585521548e-01
-1.598818716919589433e-01
-1.609255569035670796e-01
-1.619699154700668664e-01
-1.630149517580942176e-01
-1.640606677957746617e-01
-1.651070691082211772e-01
-1.661541578281662268e-01
-1.672019383309334695e-01
-1.682504141508376627e-01
-1.692995884666328166e-01
-1.703494655643818245e-01
-1.714000487814596740e-01
-1.724513411208521141e-01
-1.735033467134372565e-01
-1.745560692317928153e-01
-1.756095122890555249e-01
-1.766636792986571447e-01
-1.777185740437745576e-01
-1.787741998768554996e-01
-1.798305607594224975e-01
-1.808876596710276563e-01
-1.819455014489831102e-01
-1.830040885437611287e-01
-1.840634250609773370e-01
-1.851235150592188961e-01
-1.861843620271230182e-01
-1.872459697213219310e-01
-1.883083420715832845e-01
-1.893714827575263826e-01
-1.904353951798064271e-01
-1.915000838188912757e-01
-1.925655519624621947e-01
-1.936318042028211395e-01
-1.946988434528528766e-01
-1.957666739661462485e-01
-1.968352987916680841e-01
-1.979047239156911386e-01
-1.989749512769452278e-01
-2.000459866706775780e-01
-2.011178321026700355e-01
-2.021904938567136711e-01
-2.032639750141621848e-01
-2.043382802583643965e-01
-2.054134134085523200e-01
-2.064893790252222139e-01
-2.075661815485174977e-01
-2.086438249871361283e-01
-2.097223134983096093e-01
-2.108016521361821827e-01
-2.118818452904015770e-01
-2.129628975571035976e-01
-2.140448124725287671e-01
-2.151275966125745787e-01
-2.162112531023176187e-01
-2.172957883097009490e-01
-2.183812048769488978e-01
-2.194675104881890215e-01
-2.205547073902921207e-01
-2.216428034549458581e-01
-2.227318019007265282e-01
-2.238217096228537761e-01
-2.249125309941021056e-01
-2.260042717549354263e-01
-2.270969380095221313e-01
-2.281905348017451152e-01
-2.292850686032697205e-01
-2.303805432939932951e-01
-2.314769669105671834e-01
-2.325743436016297350e-01
-2.336726814715922862e-01
-2.347719836338043042e-01
-2.358722595772065889e-01
-2.369735128271772684e-01
-2.380757520516270653e-01
-2.391789822938781007e-01
-2.402832113983388029e-01
-2.413884442268221242e-01
-2.424946894128741925e-01
-2.436019529011693163e-01
-2.447102420697721270e-01
-2.458195634365886728e-01
-2.469299236954518306e-01
-2.480413298953527967e-01
-2.491537899035124459e-01
-2.502673092924483922e-01
-2.513818969910884826e-01
-2.524975587381796394e-01
-2.536143031575290863e-01
-2.547321358910878408e-01
-2.558510667785577342e-01
-2.569711003184613762e-01
-2.580922469295846566e-01
-2.592145102267782719e-01
-2.603379007890185837e-01
-2.614624217908952941e-01
-2.625880843623903949e-01
-2.637148913118438909e-01
-2.648428519091896027e-01
-2.659719723116149015e-01
-2.671022594125526672e-01
-2.682337188974304731e-01
-2.693663582134004919e-01
-2.705001818723553608e-01
-2.716351977801880757e-01
-2.727714086061122645e-01
-2.739088224872150978e-01
-2.750474407308868274e-01
-2.761872715967699232e-01
-2.773283149769398270e-01
-2.784705772682561364e-01
-2.796140599752840461e-01
-2.807587671747837077e-01
-2.819046998097807233e-01
-2.830518597895313460e-01
-2.842002494835527693e-01
-2.853498666380223092e-01
-2.865007126789793079e-01
-2.876527851166209571e-01
-2.888060834642169894e-01
-2.899606025701725875e-01
-2.911163409375567834e-01
-2.922732915995637781e-01
-2.934314506518453380e-01
-2.945908099243705891e-01
-2.957513630971811969e-01
-2.969130987162494351e-01
-2.980760090489426584e-01
-2.992400793689452554e-01
-3.004052997141711812e-01
-3.015716522645943143e-01
-3.027391221448669234e-01
-3.039076915582563099e-01
-3.050773401144039609e-01
-3.062480485006264241e-01
-3.074197909097070580e-01
-3.085925464116568984e-01
-3.097662840065038004e-01
-3.109409798077721887e-01
-3.121165981884517771e-01
-3.132931114243981408e-01
-3.144704791944248345e-01
-3.156486691513699649e-01
-3.168276353062824402e-01
-3.180073403080917460e-01
-3.191877345504810504e-01
-3.203687762435797337e-01
-3.215504093034408650e-01
-3.227325868632733852e-01
-3.239152482801722077e-01
-3.250983411764130637e-01
-3.262817983458095039e-01
-3.274655613158558021e-01
-3.286495587056507128e-01
-3.298337241586757895e-01
-3.310179819016312863e-01
-3.322022585866604705e-01
-3.333864736503325266e-01
-3.345705461422398552e-01
-3.357543912158024724e-01
-3.369379217082882905e-01
-3.381210482159888175e-01
-3.393036768200033415e-01
-3.404857128994125959e-01
-3.416670576739216370e-01
-3.428476123608242276e-01
-3.440272703081941330e-01
-3.452059297707438801e-01
-3.463834815896287833e-01
-3.475598165531562089e-01
-3.487348251636456231e-01
-3.499083946895913400e-01
-3.510804140531751938e-01
-3.522507670064961571e-01
-3.534193429218015492e-01
-3.545860284420256359e-01
-3.557507115042414236e-01
-3.569132809383912530e-01
-3.580736250602271076e-01
-3.592316389540299304e-01
-3.603872201323231605e-01
-3.615402688154423783e-01
-3.626906872823638106e-01
-3.638383887663514393e-01
-3.649832908601854387e-01
-3.661253177763486022e-01
-3.672644038371997155e-01
-3.684004922408463112e-01
-3.695335404610349817e-01
-3.706635128802980295e-01
-3.717903936633226158e-01
-3.729141763906333451e-01
-3.740348797566764305e-01
-3.751525365403738932e-01
-3.762672014973096335e-01
-3.773789530964207772e-01
-3.784878956155316998e-01
-3.795941604032681549e-01
-3.806979088298215186e-01
-3.817993349192678187e-01
-3.828986666888744006e-01
-3.839961729892780729e-01
-3.850921549689887424e-01
-3.861869690191376270e-01
-3.872810076884867780e-01
-3.883747224089858507e-01
-3.894686083971749535e-01
-3.905632241932212034e-01
-3.916591889257627357e-01
-3.927571793722905436e-01
-3.938579441584077467e-01
-3.949622998793629325e-01
-3.960711385304013232e-01
-3.971854292488520843e-01
-3.983062230946194382e-01
-3.994346545696635387e-01
-4.005719456226590758e-01
-4.017194115726721027e-01
-4.028784620559768825e-01
-4.040505977806297389e-01
-4.052374301662071132e-01
-4.064406613131582580e-01
-4.076621008123336720e-01
-4.089036633809000620e-01
-4.101673712630740654e-01
-4.114553470919657396e-01
-4.127698200174114707e-01
-4.141131206942796905e-01
-4.154876905196550063e-01
-4.168960539172424928e-01
-4.183408375705129356e-01
-4.198247603578033060e-01
-4.213506121832789608e-01
-4.229212658721088203e-01
-4.245396585818611568e-01
-4.262087701770315151e-01
-4.279316361815392877e-01
-4.297113078854362667e-01
-4.315508492726248257e-01
-4.334533204954639785e-01
-4.354217435982769002e-01
-4.374590977003275927e-01
-4.395682834960571439e-01
-4.417520958451378599e-01
-4.440131998740896035e-01
-4.463540992298836718e-01
-4.487770918689354405e-01
-4.512842471037207259e-01
-4.538773647035951875e-01
-4.565579143662427675e-01
-4.593270248860387150e-01
-4.621854149226541364e-01
-4.651333515778301453e-01
-4.681706059866230230e-01
-4.712963990023049665e-01
-4.745093487194185777e-01
-4.778074259904253607e-01
-4.811878914222953441e-01
-4.846472458943860140e-01
-4.881811840137337821e-01
-4.917845390548494788e-01
-4.954512253158644408e-01
-4.991742055143283952e-01
-5.029454347235309264e-01
-5.067558297896916919e-01
-5.105952139068261619e-01
-5.144523148780512090e-01
-5.183147105304245494e-01
-5.221688251761700261e-01
-5.259999261341233856e-01
-5.297920906889902470e-01
-5.335282618989561909e-01
-5.371902102206331797e-01
-5.407586069361336456e-01
-5.442130383564841578e-01
-5.475320570724798719e-01
-5.506932722888816523e-01
-5.536733775798117208e-01
-5.564482916481676700e-01
-5.589932400685581060e-01
-5.612828447323017222e-01
-5.632913174726111860e-01
-5.649925319461217565e-01
-5.663602202329655055e-01
-5.673681213870732654e-01
-5.679901582891645484e-01
-5.682006296448792737e-01
-5.679743843126252578e-01
-5.672870232010109870e-01
-5.661151049572131777e-01
-5.644363616604509692e-01
-5.622298665354951153e-01
-5.594762539382361899e-01
-5.561579534523534152e-01
-5.522593069623179529e-01
-5.477668147770076157e-01
-5.426692905133038147e-01
-5.369580039299148844e-01
-5.306268557809742381e-01
-5.236724900294386087e-01
-5.160944087137944170e-01
-5.078950611949876182e-01
-4.990799460117721909e-01
-4.896576131204459781e-01
-4.796397114486968261e-01
-4.690410081812125820e-01
-4.578793523295255352e-01
-4.461756170987957737e-01
-4.339536312229436699e-01
-4.212401061626068755e-01
-4.080644957721537569e-01
-3.944588430735882500e-01
-3.804576260416726030e-01
-3.660975722562589962e-01
-3.514174493807296629e-01
-3.364578187950291177e-01
-3.212608142134109057e-01
-3.058698910513886204e-01
-2.903295176660263266e-01
-2.746849339568125936e-01
-2.589818528770516104e-01
-2.432661701486445727e-01
-2.275836775652948785e-01
-2.119797469558573066e-01
-1.964990862914397229e-01
-1.811854401054660557e-01
-1.660813055797078774e-01
-1.512276937594619897e-01
-1.366638718128112273e-01
-1.224271431612899558e-01
-1.085526252009675063e-01
-9.507304251117085214e-02
-8.201854296803498534e-02
-6.941655191065357333e-02
-5.729160538893209725e-02
-4.566520937005479758e-02
-3.455570629608280264e-02
-2.397819800210786167e-02
-1.394441219785589985e-02
-4.462642397856097197e-03
