0.000478
0.000472
0.000465
0.00046
0.000459
0.000463
0.000471
0.000482
0.000494
0.000508
0.00052
0.000532
0.000544
0.000556
0.00057
0.000586
0.000604
0.000625
0.000649
0.000675
0.000704
0.000736
0.00077
0.000806
0.000844
0.000884
0.000924
0.000967
0.001015
0.001067
0.001122
0.001181
0.001243
0.001308
0.00138
0.001464
0.001568
0.001688
0.001806
0.001921
0.002048
0.002197
0.002375
0.002582
0.002813
0.003049
0.003271
0.003478
0.003682
0.003891
0.004104
0.004309
0.004489
0.004635
0.004759
0.004874
0.004988
0.005106
0.005232
0.005376
0.005537
0.005708
0.005887
0.006082
0.006306
0.00658
0.006886
0.007085
0.007179
0.007258
0.007372
0.007549
0.007789
0.008074
0.008389
0.008711
0.009021
0.0093
0.009555
0.009907
0.010435
0.010782
0.011063
0.011317
0.011578
0.01191
0.012351
0.012633
0.01277
0.012845
0.012848
0.012755
0.012527
0.012241
0.011905
0.011726
0.01163
0.011555
0.011472
0.011359
0.011233
0.011185
0.011174
0.011134
0.011024
0.010879
0.01073
0.010581
0.01043
0.010276
0.010118
0.00995
0.009765
0.009562
0.009365
0.009185
0.00902
0.00886
0.008703
0.008543
0.008372
0.008179
0.007945
0.007681
0.007412
0.007161
0.006935
0.006719
0.006551
0.006427
0.006327
0.006238
0.006152
0.006065
0.005974
0.005879
0.005783
0.00569
0.005601
0.00551
0.005412
0.005305
0.005193
0.005081
0.004972
0.004864
0.004754
0.004644
0.004535
0.004428
0.004324
0.004224
0.00413
0.004041
0.003961
0.003887
0.003822
0.003764
0.003713
0.003666
0.003624
0.003584
0.003545
0.003506
0.003467
0.003427
0.003386
0.003344
0.003301
0.003258
0.003214
0.003169
0.003124
0.003079
0.003033
0.002987
0.00294
0.002894
0.002846
0.002797
0.002746
0.002692
0.002637
0.002581
0.002526
0.002471
0.002417
0.002364
0.002315
0.002269
0.002226
0.002186
0.002148
0.002111
0.002075
0.002038
0.002001
0.001964
0.001927
0.00189
0.001878
