0 0.00025 0.00281945
0.00025 0.0005 0.000915046
0.0005 0.00075 0.000161453
0.00075 0.001 0.000117124
0.001 0.00125 0.00018666
0.00125 0.0015 0.000347678
0.0015 0.00175 0.000713827
0.00175 0.002 0.00115864
0.002 0.00225 0.00188681
0.00225 0.0025 0.00344223
0.0025 0.00275 0.00575755
0.00275 0.003 0.0104199
0.003 0.00325 0.0161462
0.00325 0.0035 0.0213807
0.0035 0.00375 0.0291152
0.00375 0.004 0.0378809
0.004 0.00425 0.0392661
0.00425 0.0045 0.0324408
0.0045 0.00475 0.0296313
0.00475 0.005 0.0284027
0.005 0.00525 0.0377031
0.00525 0.0055 0.0272652
0.0055 0.00575 0.0176338
0.00575 0.006 0.0160853
0.006 0.00625 0.0188607
0.00625 0.0065 0.0235761
0.0065 0.00675 0.0189215
0.00675 0.007 0.0169873
0.007 0.00725 0.0185693
0.00725 0.0075 0.0205678
0.0075 0.00775 0.0208805
0.00775 0.008 0.0217421
0.008 0.00825 0.0230569
0.00825 0.0085 0.0230469
0.0085 0.00875 0.0233453
0.00875 0.009 0.0219105
0.009 0.00925 0.0222727
0.00925 0.0095 0.0193915
0.0095 0.00975 0.0189324
0.00975 0.01 0.0189624
0.01 0.01025 0.0173898
0.01025 0.0105 0.0168535
0.0105 0.01075 0.0152385
0.01075 0.011 0.0145436
0.011 0.01125 0.0146627
0.01125 0.0115 0.0142205
0.0115 0.01175 0.0127318
0.01175 0.012 0.012034
0.012 0.01225 0.0111965
0.01225 0.0125 0.0112496
0.0125 0.01275 0.00946228
0.01275 0.013 0.00812155
0.013 0.01325 0.00827518
0.01325 0.0135 0.00767065
0.0135 0.01375 0.00691293
0.01375 0.014 0.00694357
0.014 0.01425 0.00682927
0.01425 0.0145 0.00602809
0.0145 0.01475 0.00571083
0.01475 0.015 0.00541313
0.015 0.01525 0.00522669
0.01525 0.0155 0.00459826
0.0155 0.01575 0.00422147
0.01575 0.016 0.00403763
0.016 0.01625 0.00366757
0.01625 0.0165 0.0037534
0.0165 0.01675 0.00339595
0.01675 0.017 0.00336574
0.017 0.01725 0.00335922
0.01725 0.0175 0.00256521
0.0175 0.01775 0.00315279
0.01775 0.018 0.00263453
0.018 0.01825 0.0025789
0.01825 0.0185 0.00231532
0.0185 0.01875 0.00203587
0.01875 0.019 0.00202457
0.019 0.01925 0.00193135
0.01925 0.0195 0.00197699
0.0195 0.01975 0.00170471
0.01975 0.02 0.00164365
0.02 0.02025 0.0016543
0.02025 0.0205 0.00142287
0.0205 0.02075 0.00139832
0.02075 0.021 0.00149263
0.021 0.02125 0.00129184
0.02125 0.0215 0.00115755
0.0215 0.02175 0.0010639
0.02175 0.022 0.00112604
0.022 0.02225 0.00125512
0.02225 0.0225 0.00110844
0.0225 0.02275 0.00109606
0.02275 0.023 0.000980453
0.023 0.02325 0.00111279
0.02325 0.0235 0.000955029
0.0235 0.02375 0.000742511
0.02375 0.024 0.000726648
0.024 0.02425 0.000743814
0.02425 0.0245 0.000686882
0.0245 0.02475 0.000661893
0.02475 0.025 0.000597572
0.025 0.02525 0.000527385
0.02525 0.0255 0.000490444
0.0255 0.02575 0.000483273
0.02575 0.026 0.00037332
0.026 0.02625 0.000415476
0.02625 0.0265 0.000240767
0.0265 0.02675 0.000424385
0.02675 0.027 0.000357022
0.027 0.02725 0.000243809
0.02725 0.0275 0.000365062
0.0275 0.02775 0.00041917
0.02775 0.028 0.000582361
0.028 0.02825 0.000271624
0.02825 0.0285 0.000376796
0.0285 0.02875 0.000350503
0.02875 0.029 0.000403959
0.029 0.02925 0.000267495
0.02925 0.0295 0.000246634
0.0295 0.02975 0.00027032
0.02975 0.03 0.000221862
0.03 0.03025 0.000216212
0.03025 0.0305 0.000233596
0.0305 0.03075 0.000220993
0.03075 0.031 0.000158846
0.031 0.03125 0.000143635
0.03125 0.0315 0.000230989
0.0315 0.03175 0.000242071
0.03175 0.032 0.000308565
0.032 0.03225 0.000290094
0.03225 0.0325 0.000204478
0.0325 0.03275 0.000225991
0.03275 0.033 0.000243809
0.033 0.03325 0.000120384
0.03325 0.0335 0.000109736
0.0335 0.03375 0.000122122
0.03375 0.034 0.000271841
0.034 0.03425 0.000234683
0.03425 0.0345 0.000191658
0.0345 0.03475 0.000180358
0.03475 0.035 0.000107563
0.035 0.03525 0.000206217
0.03525 0.0355 0.00018905
0.0355 0.03575 0.000141027
0.03575 0.036 0.000164713
0.036 0.03625 0.000147763
0.03625 0.0365 0.000114299
0.0365 0.03675 7.9966e-05
0.03675 0.037 0.000132335
0.037 0.03725 0.00011582
0.03725 0.0375 9.75672e-05
0.0375 0.03775 0.000108432
0.03775 0.038 0.000143417
0.038 0.03825 7.23606e-05
0.03825 0.0385 6.21475e-05
0.0385 0.03875 6.01918e-05
0.03875 0.039 4.97615e-05
0.039 0.03925 4.41117e-05
0.03925 0.0395 7.06222e-05
0.0395 0.03975 4.8675e-05
0.03975 0.04 5.75842e-05
0.04 0.04025 7.93141e-05
0.04025 0.0405 4.69366e-05
0.0405 0.04075 4.97615e-05
0.04075 0.041 8.53985e-05
0.041 0.04125 7.17087e-05
0.04125 0.0415 7.71411e-05
0.0415 0.04175 4.17214e-05
0.04175 0.042 7.97487e-05
0.042 0.04225 4.60674e-05
0.04225 0.0425 5.12826e-05
0.0425 0.04275 6.86665e-05
0.04275 0.043 4.45463e-05
0.043 0.04325 4.88923e-05
0.04325 0.0435 6.14956e-05
0.0435 0.04375 4.28079e-05
0.04375 0.044 3.47678e-05
0.044 0.04425 2.52067e-05
0.04425 0.0445 1.69493e-05
0.0445 0.04475 3.02046e-05
0.04475 0.045 5.51939e-05
0.045 0.04525 6.58416e-05
0.04525 0.0455 4.58501e-05
0.0455 0.04575 2.39029e-05
0.04575 0.046 2.86835e-05
0.046 0.04625 1.60801e-05
0.04625 0.0465 2.62932e-05
0.0465 0.04675 2.15126e-05
0.04675 0.047 1.49936e-05
0.047 0.04725 2.52067e-05
0.04725 0.0475 1.08649e-05
0.0475 0.04775 1.84704e-05
0.04775 0.048 6.60589e-05
0.048 0.04825 1.43417e-05
0.04825 0.0485 1.02131e-05
0.0485 0.04875 4.99788e-06
0.04875 0.049 3.82446e-05
0.049 0.04925 8.14871e-05
0.04925 0.0495 4.80231e-05
0.0495 0.04975 8.90926e-06
0.04975 0.05 2.28164e-05
