0.0561 1.9956
0.1 1.2046
0.15 0.9012
0.2 0.7731
0.25 0.683
0.3 0.638
0.35 0.6066
0.4 0.5837
0.45 0.5682
0.5 0.5587
0.55 0.554
0.6 0.5527
0.65 0.5534
0.7 0.5558
0.75 0.5597
0.8 0.5656
0.85 0.5739
0.9 0.5847
0.95 0.5977
1 0.6122
1.05 0.6279
1.1 0.6443
1.15 0.6613
1.2 0.679
1.25 0.6981
1.3 0.719
1.35 0.7415
1.4 0.7654
1.45 0.79
1.5 0.8151
1.55 0.8404
1.6 0.8657
1.65 0.8909
1.7 0.9163
1.75 0.9421
1.8 0.9685
1.85 0.9957
1.9 1.0237
1.95 1.0519
2 1.0797
2.05 1.1066
2.1 1.1323
2.15 1.1564
2.2 1.1785
2.25 1.1989
2.3 1.2175
2.35 1.2347
2.4 1.2505
2.45 1.2651
2.5 1.2783
2.55 1.2904
2.6 1.3012
2.65 1.3107
2.7 1.3187
2.75 1.3252
2.8 1.33
2.85 1.3329
2.9 1.334
2.95 1.3335
3 1.3318
3.05 1.3293
3.1 1.3263
3.15 1.3229
3.2 1.3192
3.25 1.3152
3.3 1.3108
3.35 1.306
3.4 1.3006
3.45 1.2948
3.5 1.2886
3.55 1.2822
3.6 1.2757
3.65 1.2693
3.7 1.2631
3.75 1.257
3.8 1.2509
3.85 1.2448
3.9 1.2386
3.95 1.2323
4 1.2259
4.05 1.2194
4.1 1.2129
4.15 1.2064
4.2 1.2
4.25 1.1937
4.3 1.1875
4.35 1.1816
4.4 1.1758
4.45 1.1704
4.5 1.1654
4.55 1.1607
4.6 1.1564
4.65 1.1523
4.7 1.1483
4.75 1.1443
4.8 1.1399
4.85 1.1349
4.9 1.1291
4.95 1.1227
5 1.1157
5.011 1.1141
