0.0049 0.46
0.0171 1.29
0.0294 3.46
0.0416 4.24
0.0538 5.39
0.066 6.79
0.0782 7.9
0.0905 8.7
0.1027 9.54
0.1149 10.85
0.1271 11.33
0.1393 11.72
0.1516 12.08
0.1638 12.23
0.176 11.85
0.1882 12.07
0.2004 11.46
0.2127 10.98
0.2249 10.24
0.2371 9.18
0.2493 8.44
0.2615 7.44
0.2738 5.92
0.286 4.53
0.2982 3.02
0.3104 1.77
0.3226 -0.04
0.3349 -1.79
0.3471 -4.16
0.3593 -6.15
0.3715 -8.26
0.3837 -10.78
0.396 -13.18
0.4082 -15.4
0.4204 -17.8
0.4326 -20.4
0.4448 -22.84
0.457 -25
0.4693 -27.08
0.4815 -29.07
0.4937 -30.62
0.5059 -33.12
0.5181 -35.52
0.5304 -37.02
0.5426 -39.06
0.5548 -40.57
0.567 -41.08
0.5792 -42.78
0.5915 -43.2
0.6037 -44.37
0.6159 -43.84
0.6281 -45.09
0.6403 -44.04
0.6526 -45.63
0.6648 -45.22
0.677 -43.71
0.6892 -45.7
0.7014 -43.69
0.7137 -43.26
0.7259 -43.58
0.7381 -42.97
0.7503 -40.22
0.7625 -36.84
0.7748 -35.34
0.787 -35.28
0.7992 -35.58
0.8114 -35.34
0.8236 -33.56
0.8359 -31.73
0.8481 -28.97
0.8603 -25.55
0.8725 -22.82
0.8847 -21.98
0.8969 -20.4
0.9092 -17.75
0.9214 -15.07
0.9336 -13.37
0.9458 -11.75
0.958 -9.35
0.9703 -6.64
0.9825 -4.72
0.9947 -1.94
1.0069 0.44
1.0191 3.04
1.0314 5.54
1.0436 8.1
1.0558 10.4
1.068 12.94
1.0802 14.92
1.0925 17.03
1.1047 19.3
1.1169 21.77
1.1291 22.97
1.1413 24.07
1.1536 27.65
1.1658 31.31
1.178 33.18
1.1902 35.02
1.2024 36.18
1.2147 36.04
1.2269 36.15
1.2391 36.61
1.2513 37.76
1.2635 41.12
1.2758 43.71
1.288 43.89
1.3002 44.26
1.3124 45.45
1.3246 45.67
1.3368 45.03
1.3491 47.45
1.3613 45.19
1.3735 45.59
1.3857 45.54
1.3979 44.71
1.4102 43.83
1.4224 43.04
1.4346 42.93
1.4468 40.97
1.459 39.93
1.4713 39.4
1.4835 37.29
1.4957 34.74
1.5079 32.85
1.5201 31.04
1.5324 29.1
1.5446 26.44
1.5568 24.42
1.569 22.44
1.5812 19.31
1.5935 17.39
1.6057 15.03
1.6179 12.36
1.6301 10.39
1.6423 8.23
1.6546 5.73
1.6668 3.77
1.679 1.4
1.6912 0.27
1.7034 -1.56
1.7157 -3.3
1.7279 -4.52
1.7401 -5.72
1.7523 -7.17
1.7645 -8.13
1.7767 -8.73
1.789 -9.46
1.8012 -9.94
1.8134 -10.53
1.8256 -11.24
1.8378 -10.66
1.8501 -10.82
1.8623 -10.81
1.8745 -10.53
1.8867 -10.25
1.8989 -9.51
1.9112 -8.3
1.9234 -7.28
1.9356 -6.23
1.9478 -4.86
1.96 -3.41
1.9723 -2.06
1.9845 -0.76
1.9967 0.52
