0.0047 1.1
0.0067 1.75
0.0086 2.39
0.0106 3.01
0.0125 3.62
0.0145 4.21
0.0165 4.79
0.0184 5.36
0.0204 5.93
0.0223 6.49
0.0243 7.05
0.0262 7.6
0.0282 8.15
0.0301 8.69
0.0321 9.23
0.0341 9.77
0.036 10.31
0.038 10.84
0.0399 11.37
0.0419 11.9
0.0438 12.42
0.0458 12.94
0.0477 13.45
0.0497 13.97
0.0517 14.47
0.0536 14.98
0.0556 15.48
0.0575 15.98
0.0595 16.47
0.0614 16.95
0.0634 17.43
0.0653 17.91
0.0673 18.38
0.0693 18.85
0.0712 19.3
0.0732 19.76
0.0751 20.2
0.0771 20.63
0.079 21.06
0.081 21.48
0.0829 21.89
0.0849 22.3
0.0869 22.7
0.0888 23.08
0.0908 23.46
0.0927 23.83
0.0947 24.2
0.0966 24.55
0.0986 24.89
0.1005 25.23
0.1025 25.56
0.1045 25.88
0.1064 26.19
0.1084 26.49
0.1103 26.79
0.1123 27.07
0.1142 27.35
0.1162 27.62
0.1181 27.88
0.1201 28.13
0.1221 28.37
0.124 28.61
0.126 28.83
0.1279 29.05
0.1299 29.26
0.1318 29.45
0.1338 29.63
0.1357 29.81
0.1377 29.97
0.1397 30.11
0.1416 30.25
0.1436 30.37
0.1455 30.48
0.1475 30.57
0.1494 30.65
0.1514 30.72
0.1533 30.77
0.1553 30.8
0.1573 30.82
0.1592 30.83
0.1612 30.82
0.1631 30.8
0.1651 30.76
0.167 30.72
0.169 30.67
0.1709 30.6
0.1729 30.53
0.1749 30.45
0.1768 30.36
0.1788 30.27
0.1807 30.17
0.1827 30.06
0.1846 29.95
0.1866 29.84
0.1886 29.73
0.1905 29.61
0.1925 29.5
0.1944 29.38
0.1964 29.25
0.1983 29.11
0.2003 28.94
0.2022 28.75
0.2042 28.54
0.2062 28.31
0.2081 28.07
0.2101 27.81
0.212 27.55
0.214 27.27
0.2159 26.99
0.2179 26.7
0.2198 26.4
0.2218 26.1
0.2238 25.8
0.2257 25.49
0.2277 25.18
0.2296 24.87
0.2316 24.56
0.2335 24.24
0.2355 23.92
0.2374 23.6
0.2394 23.27
0.2414 22.95
0.2433 22.62
0.2453 22.29
0.2472 21.96
0.2492 21.62
0.2511 21.29
0.2531 20.95
0.255 20.61
0.257 20.27
0.259 19.92
0.2609 19.58
0.2629 19.23
0.2648 18.88
0.2668 18.52
0.2687 18.17
0.2707 17.81
0.2726 17.44
0.2746 17.08
0.2766 16.71
0.2785 16.34
0.2805 15.96
0.2824 15.58
0.2844 15.19
0.2863 14.79
0.2883 14.39
0.2902 13.98
0.2922 13.57
0.2942 13.14
0.2961 12.71
0.2981 12.27
0.3 11.82
0.302 11.36
0.3039 10.89
0.3059 10.4
0.3078 9.91
0.3098 9.4
0.3118 8.89
0.3137 8.36
0.3157 7.83
0.3176 7.29
0.3196 6.75
0.3215 6.21
0.3235 5.68
0.3254 5.14
0.3274 4.61
0.3294 4.07
0.3313 3.53
0.3333 2.98
0.3352 2.42
0.3372 1.85
0.3391 1.27
0.3411 0.68
0.343 0.08
0.345 -0.52
0.347 -1.14
0.3489 -1.76
0.3509 -2.39
0.3528 -3.03
0.3548 -3.67
0.3567 -4.32
0.3587 -4.97
0.3606 -5.63
0.3626 -6.29
0.3646 -6.96
0.3665 -7.63
0.3685 -8.3
0.3704 -8.98
0.3724 -9.67
0.3743 -10.35
0.3763 -11.04
0.3782 -11.73
0.3802 -12.43
0.3822 -13.12
0.3841 -13.83
0.3861 -14.53
0.388 -15.24
0.39 -15.95
0.3919 -16.66
0.3939 -17.37
0.3958 -18.09
0.3978 -18.81
0.3998 -19.54
0.4017 -20.26
0.4037 -20.99
0.4056 -21.72
0.4076 -22.46
0.4095 -23.19
0.4115 -23.93
0.4135 -24.68
0.4154 -25.42
0.4174 -26.17
0.4193 -26.91
0.4213 -27.66
0.4232 -28.42
0.4252 -29.17
0.4271 -29.92
0.4291 -30.68
0.4311 -31.43
0.433 -32.19
0.435 -32.95
0.4369 -33.71
0.4389 -34.47
0.4408 -35.23
0.4428 -35.99
0.4447 -36.76
0.4467 -37.52
0.4487 -38.28
0.4506 -39.04
0.4526 -39.81
0.4545 -40.57
0.4565 -41.33
0.4584 -42.09
0.4604 -42.85
0.4623 -43.61
0.4643 -44.37
0.4663 -45.13
0.4682 -45.89
0.4702 -46.64
0.4721 -47.39
0.4741 -48.15
0.476 -48.89
0.478 -49.64
0.4799 -50.39
0.4819 -51.13
0.4839 -51.87
0.4858 -52.61
0.4878 -53.34
0.4897 -54.08
0.4917 -54.81
0.4936 -55.53
0.4956 -56.26
0.4975 -56.98
0.4995 -57.7
0.5015 -58.42
0.5034 -59.13
0.5054 -59.84
0.5073 -60.55
0.5093 -61.25
0.5112 -61.95
0.5132 -62.65
0.5151 -63.35
0.5171 -64.04
0.5191 -64.73
0.521 -65.41
0.523 -66.09
0.5249 -66.77
0.5269 -67.44
0.5288 -68.11
0.5308 -68.77
0.5327 -69.43
0.5347 -70.08
0.5367 -70.73
0.5386 -71.37
0.5406 -72
0.5425 -72.62
0.5445 -73.24
0.5464 -73.85
0.5484 -74.44
0.5503 -75.03
0.5523 -75.61
0.5543 -76.18
0.5562 -76.73
0.5582 -77.27
0.5601 -77.8
0.5621 -78.32
0.564 -78.83
0.566 -79.32
0.5679 -79.81
0.5699 -80.28
0.5719 -80.74
0.5738 -81.19
0.5758 -81.63
0.5777 -82.07
0.5797 -82.49
0.5816 -82.91
0.5836 -83.32
0.5855 -83.73
0.5875 -84.13
0.5895 -84.52
0.5914 -84.91
0.5934 -85.3
0.5953 -85.68
0.5973 -86.06
0.5992 -86.44
0.6012 -86.81
0.6031 -87.17
0.6051 -87.53
0.6071 -87.88
0.609 -88.22
0.611 -88.55
0.6129 -88.88
0.6149 -89.2
0.6168 -89.51
0.6188 -89.81
0.6207 -90.1
0.6227 -90.38
0.6247 -90.66
0.6266 -90.92
0.6286 -91.17
0.6305 -91.41
0.6325 -91.64
0.6344 -91.86
0.6364 -92.07
0.6384 -92.27
0.6403 -92.46
0.6423 -92.64
0.6442 -92.8
0.6462 -92.96
0.6481 -93.11
0.6501 -93.25
0.652 -93.39
0.654 -93.52
0.656 -93.64
0.6579 -93.75
0.6599 -93.86
0.6618 -93.96
0.6638 -94.06
0.6657 -94.16
0.6677 -94.24
0.6696 -94.33
0.6716 -94.41
0.6736 -94.48
0.6755 -94.55
0.6775 -94.62
0.6794 -94.69
0.6814 -94.75
0.6833 -94.81
0.6853 -94.87
0.6872 -94.92
0.6892 -94.98
0.6912 -95.03
0.6931 -95.08
0.6951 -95.11
0.697 -95.13
0.699 -95.12
0.7009 -95.1
0.7029 -95.05
0.7048 -94.97
0.7068 -94.87
0.7088 -94.75
0.7107 -94.6
0.7127 -94.43
0.7146 -94.25
0.7166 -94.04
0.7185 -93.83
0.7205 -93.6
0.7224 -93.36
0.7244 -93.12
0.7264 -92.86
0.7283 -92.6
0.7303 -92.34
0.7322 -92.06
0.7342 -91.79
0.7361 -91.51
0.7381 -91.22
0.74 -90.93
0.742 -90.64
0.744 -90.34
0.7459 -90.04
0.7479 -89.73
0.7498 -89.42
0.7518 -89.11
0.7537 -88.8
0.7557 -88.48
0.7576 -88.16
0.7596 -87.83
0.7616 -87.5
0.7635 -87.17
0.7655 -86.84
0.7674 -86.5
0.7694 -86.15
0.7713 -85.81
0.7733 -85.46
0.7752 -85.1
0.7772 -84.74
0.7792 -84.37
0.7811 -84
0.7831 -83.63
0.785 -83.25
0.787 -82.86
0.7889 -82.46
0.7909 -82.06
0.7928 -81.64
0.7948 -81.22
0.7968 -80.78
0.7987 -80.34
0.8007 -79.87
0.8026 -79.39
0.8046 -78.9
0.8065 -78.38
0.8085 -77.84
0.8104 -77.29
0.8124 -76.71
0.8144 -76.1
0.8163 -75.47
0.8183 -74.82
0.8202 -74.15
0.8222 -73.46
0.8241 -72.75
0.8261 -72.04
0.828 -71.31
0.83 -70.57
0.832 -69.84
0.8339 -69.1
0.8359 -68.36
0.8378 -67.63
0.8398 -66.9
0.8417 -66.17
0.8437 -65.45
0.8456 -64.73
0.8476 -64.01
0.8496 -63.29
0.8515 -62.58
0.8535 -61.86
0.8554 -61.14
0.8574 -60.43
0.8593 -59.71
0.8613 -58.99
0.8633 -58.28
0.8652 -57.56
0.8672 -56.84
0.8691 -56.12
0.8711 -55.4
0.873 -54.67
0.875 -53.95
0.8769 -53.22
0.8789 -52.49
0.8809 -51.76
0.8828 -51.02
0.8848 -50.28
0.8867 -49.54
0.8887 -48.8
0.8906 -48.05
0.8926 -47.3
0.8945 -46.54
0.8965 -45.78
0.8985 -45.01
0.9004 -44.23
0.9024 -43.45
0.9043 -42.67
0.9063 -41.87
0.9082 -41.07
0.9102 -40.27
0.9121 -39.46
0.9141 -38.64
0.9161 -37.81
0.918 -36.98
0.92 -36.14
0.9219 -35.29
0.9239 -34.44
0.9258 -33.58
0.9278 -32.71
0.9297 -31.84
0.9317 -30.96
0.9337 -30.08
0.9356 -29.19
0.9376 -28.3
0.9395 -27.4
0.9415 -26.49
0.9434 -25.59
0.9454 -24.67
0.9473 -23.76
0.9493 -22.84
0.9513 -21.92
0.9532 -21
0.9552 -20.08
0.9571 -19.16
0.9591 -18.23
0.961 -17.31
0.963 -16.38
0.9649 -15.45
0.9669 -14.52
0.9689 -13.59
0.9708 -12.66
0.9728 -11.73
0.9747 -10.8
0.9767 -9.87
0.9786 -8.94
0.9806 -8.02
0.9825 -7.09
0.9845 -6.17
0.9865 -5.26
0.9884 -4.36
0.9904 -3.48
0.9923 -2.63
