4.634615213983484059e-04
4.626417508456138377e-04
4.628354378216226889e-04
4.624512543719709774e-04
4.631642640720566063e-04
4.631890539875498634e-04
4.621923197799196080e-04
4.617840908139939343e-04
4.617124244046601515e-04
4.629094849027966902e-04
4.643804225077284792e-04
4.648729946867407063e-04
4.653433667894519535e-04
4.696485702192374151e-04
4.720829946482804304e-04
4.813360953471640977e-04
4.894202917007150827e-04
4.981656621833308041e-04
5.069690054321475880e-04
5.171028227467432082e-04
5.290885488654634280e-04
5.396361140175728573e-04
5.491196440689230171e-04
5.610670640193822977e-04
5.724805418662414326e-04
5.886144067309804920e-04
6.049937487165964927e-04
6.227149880840563215e-04
6.415799069154125376e-04
6.585386801169907907e-04
6.777735215747665619e-04
7.008535065797623842e-04
7.246872512284308629e-04
7.482662227745859231e-04
7.703856691968732125e-04
7.939903057884243730e-04
8.212151253064305188e-04
8.492448383613770404e-04
8.777120204963594942e-04
9.076548001956327716e-04
9.390686798409270857e-04
9.697017485903159338e-04
1.003347539837017672e-03
1.036224354651061209e-03
1.070278988164254878e-03
1.105843718388710298e-03
1.143167600381786225e-03
1.182816895274730381e-03
1.223708749714484071e-03
1.266690452421785802e-03
1.312385476286169039e-03
1.360756688412761116e-03
1.412251694655747639e-03
1.467190218300291850e-03
1.526490108501071764e-03
1.591116262385411850e-03
1.662786944571598103e-03
1.738102479293168138e-03
1.819325972334369596e-03
1.907469326498974086e-03
2.002541509898285964e-03
2.105561288495433423e-03
2.223556038209646615e-03
2.343741535735458480e-03
2.463596345993595942e-03
2.583433238372878724e-03
2.704696394433713479e-03
2.829549097092442372e-03
2.949767692102362674e-03
3.068453703532455449e-03
3.186653722779219516e-03
3.304013266994798841e-03
3.419881809866516780e-03
3.533539753771360037e-03
3.648234495465255828e-03
3.753193034408702170e-03
3.861302245799225642e-03
3.953600948016214832e-03
4.055268654026089256e-03
4.156857468087105448e-03
4.266226169380805087e-03
4.361811555780735830e-03
4.454281005273165624e-03
4.541259305757806841e-03
4.622236501604268591e-03
4.706054283665863681e-03
4.778307588322905017e-03
4.847617718388037671e-03
4.916175435065118539e-03
4.985856947328885791e-03
5.058814772113777447e-03
5.136620896505347984e-03
5.220296497070178558e-03
5.311397066343512101e-03
5.410476953887233958e-03
5.518177178717119206e-03
5.634538125850182405e-03
5.759415571552263351e-03
5.891775292924983885e-03
6.032117016942320845e-03
6.171182005677965793e-03
6.323924338446413121e-03
6.478618840267004637e-03
6.633959671777685599e-03
6.786285527761415706e-03
6.924812376674256698e-03
7.034850451286512110e-03
7.106833749905615803e-03
7.153254733252618729e-03
7.186490619139613949e-03
7.220299870743347552e-03
7.265752861064826533e-03
7.322395939398621163e-03
7.390773300690394246e-03
7.471198599163734327e-03
7.561742182155242048e-03
7.654845301356874750e-03
7.760748574185216339e-03
7.873309105955478976e-03
7.996900674699283784e-03
8.131254858417242756e-03
8.278601386766153841e-03
8.432563251025612314e-03
8.591022677370933891e-03
8.746599026868959181e-03
8.933692903163573465e-03
9.118978885999270284e-03
9.264134229415519825e-03
9.430204312712429926e-03
9.606328952260739795e-03
9.787952048463959345e-03
9.987565748742075616e-03
1.027863246434249089e-02
1.046607073211746827e-02
1.065658717969787846e-02
1.083421364010200491e-02
1.095861517446573667e-02
1.110850965657962826e-02
1.123139607750471732e-02
1.135337463776683181e-02
1.151144828371701047e-02
1.166933006748938940e-02
1.186339126208239142e-02
1.207116837417421609e-02
1.225358380090410364e-02
1.245101802592387882e-02
1.255891234923697981e-02
1.263696438942369868e-02
1.266952275779852262e-02
1.261701872993969270e-02
1.254500757117080374e-02
1.248742740824814595e-02
1.252337351098203704e-02
1.248007498326411495e-02
1.240630592815897791e-02
1.229569884817852815e-02
1.216066347377949171e-02
1.202399467435118739e-02
1.188299179210954536e-02
1.175756764650991160e-02
1.164382887897415578e-02
1.157252298111557942e-02
1.151236363636621435e-02
1.146520163203187948e-02
1.140118145920504707e-02
1.131867361018437310e-02
1.120626762393973561e-02
1.132505784116188616e-02
1.125704815795691184e-02
1.119545168040360535e-02
1.117771744905467560e-02
1.106666294110288454e-02
1.090555660323055780e-02
1.098232688980962934e-02
1.102319643441312946e-02
1.089891737493196497e-02
1.082175970062152631e-02
1.073585922652104535e-02
1.065321483575733773e-02
1.056433330610554756e-02
1.046186240842189932e-02
1.038915122830727511e-02
1.029428620022181454e-02
1.021209335596252356e-02
1.015347854545230535e-02
1.007745938039470573e-02
1.000011495049380437e-02
9.985864639926091829e-03
9.919902611803933443e-03
9.809238756010451796e-03
9.799209632103927925e-03
9.711117913165576154e-03
9.621652963450008644e-03
9.523676711145945967e-03
9.415715261917178766e-03
9.329244023087178428e-03
9.218601644832491102e-03
9.113360203986111893e-03
8.968371623311511068e-03
8.816953530155430610e-03
8.680542137214085005e-03
8.514989916958100313e-03
8.346785622355022347e-03
8.207299306333284625e-03
8.046345916079507277e-03
7.861484744858426854e-03
7.687408420020709794e-03
7.508519422851404890e-03
7.370894888485405270e-03
7.245678345305475374e-03
7.101602045411438760e-03
6.965440834219526617e-03
6.835336474198692482e-03
6.755668941436835002e-03
6.650509417892972591e-03
6.549911155280572529e-03
6.450434890632873557e-03
6.350043359211035576e-03
6.250770520510107349e-03
6.152407573712637655e-03
6.040664857595287596e-03
5.913249584967372914e-03
5.814171529035939978e-03
5.673351515889009551e-03
5.528232234500057504e-03
5.372571089625478510e-03
5.282524612027933789e-03
5.144991301442029992e-03
5.030609019955337852e-03
4.898486155455612431e-03
4.781970009287282719e-03
4.677326003071361621e-03
4.589933954977951786e-03
4.533244821361918225e-03
4.462022376403917100e-03
4.400517635135709274e-03
4.329768838102288422e-03
4.254302790986506065e-03
4.169409891359256159e-03
4.095471918932005843e-03
4.011124403370545759e-03
3.933910454982167924e-03
3.856182649149077473e-03
3.791206711384769758e-03
3.724722028034881897e-03
3.671989392041864753e-03
3.610521678098191963e-03
3.549350537436282704e-03
3.488103771317081162e-03
3.428900069044652291e-03
3.370066336822541333e-03
3.313435406480971269e-03
3.259420045706997501e-03
3.207432059622433371e-03
3.157794881469406373e-03
3.108585711824192119e-03
3.060780629264937824e-03
3.015197299426182476e-03
2.970127657879934914e-03
2.927018394506509039e-03
2.884738511194479948e-03
2.843858245022875143e-03
2.803437077244994025e-03
2.763672364018377077e-03
2.725372967787979741e-03
2.687265416339686130e-03
2.648681478082158015e-03
2.610139149510117430e-03
2.571760773364689754e-03
2.533424369233933191e-03
2.495712201301435781e-03
2.457911958487185577e-03
2.419627957282100960e-03
2.381287786929331320e-03
2.343113557521795190e-03
2.305068552433005118e-03
2.267380548988510731e-03
2.229900050450373417e-03
2.194616999266731788e-03
2.160484775507744669e-03
2.125486378276514061e-03
2.091645717440477302e-03
2.058005977995542527e-03
2.026104728649885580e-03
