0.05523803613464796
0.116645561414748
0.1781044754888231
0.2396349650146072
0.3012569990996376
0.3629910710766022
0.4248566753179516
0.4868721433973616
0.5490588430412874
0.6114229987960692
0.6739824237815021
0.7367513114808476
0.7997437458145924
0.8629732561325942
0.9264245004911192
0.9901268587270203
1.054116809172169
1.118361275422076
1.182843841269858
1.247554336270836
1.312493379479581
1.377644360730896
1.442977125336991
1.508466034321558
1.574084793107826
1.639805240817224
1.705600317520128
1.771440788220673
1.837301299624083
1.903158431298508
1.96899222475709
2.034785517438498
2.10052541259589
2.166200740207274
2.231806459822525
2.297340993396066
2.362807694677854
2.428213606697617
2.493572438423578
2.558899435637365
2.624213216159598
2.689532920270285
2.754887236110762
2.820301622707893
2.885801201688998
2.951418343056375
3.017180115691797
3.083122477253412
3.149275209763429
3.215672378418942
3.282347033376551
3.349331523142042
3.4166590610074
3.484363804660304
3.552478578181341
3.621035804780569
3.689796051696955
3.758154964444031
3.826124095969512
3.893769064732744
3.961140986980164
4.028310564885939
4.095339977250102
4.160740327551099
4.223237058303292
4.283253476445934
4.34118160139592
4.397604052569818
4.45240208806606
4.505787302085432
4.558184169743155
4.609876696545262
4.661063370144157
4.711941688466015
4.762770010817542
4.813539047184642
4.864703054458714
4.916562808688433
4.969749107891152
5.024718944521291
5.08158498945676
5.13931160490525
5.1978277564858
5.257181657166424
5.317417934513061
5.37857912617135
5.440103531892702
5.501675582716052
5.563335824304087
5.625109117336232
5.687020482285167
5.749084896300787
5.811308595457656
5.873687033645878
5.936196578186481
5.998811453458235
6.061482622589097
6.124140280165437
6.186692497540536
6.248873980941732
6.310593510187948
6.371974991629539
6.432671197040846
6.492380129830221
6.550819083251188
6.607712752556037
6.662832898310171
6.71602712485685
6.767275302807633
6.816666215682795
6.864397750636923
6.910758369680161
6.956099416905299
7.000777044268433
7.044967535566241
7.088811039420357
7.132555031605071
7.176491466496159
7.220899132916091
7.266105770741625
7.312457446514456
7.360296446284729
7.409890951463606
7.46152933004383
7.515450485208739
7.571498094502352
7.627855642801359
7.683490046585953
7.738674403357978
7.793746684444963
7.848965395902428
7.904767975018577
7.961001201916109
8.015039071641514
8.067231004806073
8.118297061299415
8.168328517102688
8.217872216936669
8.266880276676547
8.315732393206916
8.364810707390621
8.414008743071083
8.463614040385904
8.513952970283784
8.56466555842389
8.615273292899261
8.664705733738352
8.713204629685199
8.760827313280062
8.807894135332734
8.855296647284591
8.904343981586718
8.954875402931419
9.005635202617546
9.056638886163229
9.107895146317198
9.15941856489831
9.211265770674693
9.263502371166686
9.31629584143176
9.369746647705835
9.424062921721479
9.479321627408254
9.535948104268236
9.594556357216046
9.65614785826625
9.721923099715477
9.789506366814841
9.852963391777822
9.912826975653726
9.969766377423477
10.02482032903597
10.0811906917168
10.14300943552347
10.20613162805418
10.26614700705972
10.32602331242824
10.38688880055587
10.44871663693153
10.51088834065344
10.57286683642917
10.63519678758512
10.69781753564711
10.76144070915101
10.82636563343835
10.89220936683428
10.95931372941596
11.0278724138565
11.09572641851461
11.16356502842703
11.23390296867716
11.30404341570918
11.37389532103101
11.44482261733163
11.51748372404099
11.59194517371814
11.66601050260402
11.73840031586074
11.80889522665695
11.8785354242289
11.94760164992774
12.01622702247372
12.08512165948822
12.15480810537961
12.22498034899417
12.29556428182872
12.36782933610117
12.44292206088357
12.52195976514834
12.60348458152846
12.68487677500407
12.76623458499698
12.84823136765821
12.93146815171464
13.01330158750227
13.09356996080492
13.17309783677063
13.25275697010865
13.33323936067715
13.41475437490661
13.49703376599509
13.58083852689965
13.66805167740686
13.75712700123562
13.84770590585708
13.94288488537292
14.04591671603249
14.15055726362305
14.25434619319546
14.35475144374883
14.45397024376985
14.5531280469532
14.65252986652169
14.75233961704748
14.84923724563811
14.94376217498666
15.03670229258502
15.12891267452696
15.22102690446294
15.31390647418578
15.40779113833665
15.50313268263784
15.60021238691565
15.69928729269668
15.80074301295311
15.90368701161932
16.00576110995508
16.10685634572225
16.20702982230016
16.30639688091748
16.40512305315261
16.50341544118567
16.60149809194453
16.69959966474283
16.79793593276677
16.89670749346268
16.99611154293218
17.09632805294753
17.19752587007111
17.29986420556016
17.40348635753883
17.5084964389164
17.61495339104216
17.72290538073564
17.83229583138838
17.94272488724156
18.05368745672592
18.16496141335428
18.27644635511655
18.38808905655004
18.49987760524419
18.61180305699398
18.72387999713266
18.83611691880891
18.94854225873391
19.06117049680432
19.17402780333329
19.28713487783673
19.40049824435991
19.51353700360059
19.62551893347232
19.73632020072496
19.84597454985446
19.95465120336861
