5.463728287309584930e-01 1.607594683186209794e-01 5.976252072680616756e-01 2.500000000000000139e-02
4.407078506995578682e-01 1.695886500391040053e-01 9.404796224759778278e-01 2.500000000000000139e-02
3.892694428844888366e-01 1.645862519041332295e-01 5.274501737652592670e-01 2.500000000000000139e-02
5.646423330392357220e-01 1.712798319146330572e-01 9.248425528799258943e-02 2.500000000000000139e-02
1.077728347164636780e-01 1.260109198720162915e-01 8.159888532705410480e-01 2.500000000000000139e-02
7.642489134023578989e-01 1.685006074123409636e-01 9.546874251211258100e-01 2.500000000000000139e-02
7.842006360058874082e-01 1.480739681126466145e-01 7.665027174721327219e-01 2.500000000000000139e-02
1.373607045754865474e-01 1.569960510663762077e-01 1.611856230385940725e-01 2.500000000000000139e-02
9.224354711971046727e-01 1.510924160875035949e-01 4.189288429909974187e-01 2.500000000000000139e-02
2.763278314993956042e-01 1.637116844717108610e-01 4.583428156057210989e-01 2.500000000000000139e-02
6.064909365863003776e-01 1.558466998437378626e-01 9.215606745888929030e-01 2.500000000000000139e-02
6.727292841483092367e-01 1.429753950286893061e-01 4.401803561093743933e-01 2.500000000000000139e-02
6.877496361309015649e-01 1.280112735814634972e-01 6.584283796733843008e-01 2.500000000000000139e-02
6.621059761372514174e-01 1.355191280536920395e-01 1.474799827721106349e-01 2.500000000000000139e-02
3.246569333779746880e-01 1.431855385471311470e-01 5.666869318969856018e-01 2.500000000000000139e-02
4.416714377892043131e-01 1.744186919029613314e-01 1.219425702106266551e-01 2.500000000000000139e-02
2.234329182900929300e-01 1.330654758942498295e-01 6.454529091921284989e-01 2.500000000000000139e-02
2.656270224127930124e-01 1.483155386428153255e-01 2.572043124015225835e-01 2.500000000000000139e-02
1.562738037811831071e-01 1.348291180840026637e-01 3.752889121279159301e-01 2.500000000000000139e-02
1.162934874992649081e-01 1.738229732506698100e-01 4.702186415653165086e-01 2.500000000000000139e-02
9.529230337808202167e-01 1.552422759872523206e-01 7.273004004283866175e-01 2.500000000000000139e-02
6.222840264160463958e-02 1.391403481288204791e-01 1.391867331525104556e-01 2.500000000000000139e-02
3.063331876460376746e-01 1.309363859477122027e-01 3.270840204242772553e-01 2.500000000000000139e-02
4.185498447889364759e-01 1.282073748174392125e-01 6.828485134015188640e-01 2.500000000000000139e-02
5.632713814962463372e-01 1.382694745469722764e-01 5.220856507933646640e-01 2.500000000000000139e-02
1.142434852205195805e-01 1.537973247778089692e-01 9.078313876974033469e-01 2.500000000000000139e-02
3.276405048287575061e-01 1.583705189981841066e-01 1.502079692841725433e-01 2.500000000000000139e-02
7.055108439126372977e-01 1.394703046473600716e-01 1.990317939067609843e-01 2.500000000000000139e-02
5.821872880695789787e-01 1.260053773093746665e-01 8.124930277564949010e-01 2.500000000000000139e-02
2.946070238291971510e-02 1.588908268398115109e-01 2.815075745325565926e-01 2.500000000000000139e-02
7.234343210164650984e-01 1.731094272558719172e-01 2.613154863439601239e-01 2.500000000000000139e-02
8.290882388475714349e-01 1.599739637658752212e-01 3.075651033123769640e-01 2.500000000000000139e-02
7.981079287173533654e-01 1.448252870423492322e-01 8.620480372556035276e-01 2.500000000000000139e-02
5.772092290040657936e-01 1.690867680927426453e-01 6.829050105738775356e-01 2.500000000000000139e-02
6.367906892681555187e-01 1.461927524279089952e-01 6.010735534215281284e-01 2.500000000000000139e-02
4.323353839386685077e-02 1.400787408337274831e-01 6.521648606180507901e-01 2.500000000000000139e-02
1.537003610113276963e-01 1.399141162978015385e-01 5.664666651662015884e-01 2.500000000000000139e-02
3.741837765455017228e-01 1.467932462632813573e-01 8.723271872648884484e-01 2.500000000000000139e-02
7.908842895937814310e-01 1.601944291770183160e-01 1.202155429466860437e-01 2.500000000000000139e-02
8.985084830574397996e-01 1.607120649774555765e-01 9.739046562394731987e-01 2.500000000000000139e-02
7.919530107887601256e-01 1.534550369307296769e-01 4.118241323646996688e-01 2.500000000000000139e-02
8.380131752729804706e-01 1.255857042092501097e-01 3.669791612544456849e-01 2.500000000000000139e-02
7.184910343028551027e-01 1.335814838630720314e-01 5.199847758939227793e-01 2.500000000000000139e-02
7.662108892229094192e-02 1.349998262448200148e-01 4.259570473758327036e-02 2.500000000000000139e-02
9.066772287923112739e-01 1.602207200961766609e-01 5.524698305474245313e-02 2.500000000000000139e-02
3.213477457056218012e-01 1.449110531108045996e-01 2.243515615263660112e-01 2.500000000000000139e-02
2.018833555863193407e-01 1.722186194991967012e-01 7.275732552968231515e-01 2.500000000000000139e-02
4.909358681866887175e-01 1.363707313986661784e-01 2.666386576818732812e-01 2.500000000000000139e-02
8.012770230768183344e-02 1.467208312779060553e-01 3.212060878943974740e-01 2.500000000000000139e-02
4.560120023282430712e-01 1.518289605554361266e-01 8.768377283883249662e-01 2.500000000000000139e-02
9.658220000268691319e-01 1.358448492199237079e-01 6.549242929450957984e-01 2.500000000000000139e-02
2.751562579002931330e-01 1.260325499732864452e-01 7.454597211443343419e-01 2.500000000000000139e-02
9.301520741233473277e-01 1.593744138193907700e-01 2.297322932578804988e-01 2.500000000000000139e-02
2.276463784991078487e-01 1.509100356965331624e-01 4.937958215180499738e-02 2.500000000000000139e-02
2.220965716690539160e-01 1.462342734375753350e-01 3.804614813175142829e-01 2.500000000000000139e-02
4.653966531465701384e-01 1.388814353147365954e-01 5.824451291352603644e-01 2.500000000000000139e-02
8.456628256270698474e-01 1.308765927981016541e-01 5.165101517964084676e-01 2.500000000000000139e-02
5.621502462655835197e-01 1.341639918107039309e-01 1.626053713762083686e-01 2.500000000000000139e-02
6.614207192613645869e-01 1.642576456011569097e-01 2.926436004662516521e-01 2.500000000000000139e-02
9.536203827572243830e-01 1.688252622658295565e-01 3.462510042450033798e-01 2.500000000000000139e-02
9.384916468144235413e-01 1.365850813235602312e-01 9.268528812948974016e-01 2.500000000000000139e-02
9.193088194711737104e-01 1.649601293676196123e-01 6.239255400234515747e-01 2.500000000000000139e-02
8.555735682936996822e-01 1.396510142253898357e-01 8.314963775472722363e-01 2.500000000000000139e-02
6.119828573216475887e-01 1.256618428879449634e-01 3.548718420356086201e-01 2.500000000000000139e-02
4.975217972237295783e-01 1.569736258199361800e-01 3.751553758231366276e-01 2.500000000000000139e-02
5.107530334191331400e-01 1.362158514487369632e-01 1.179522602693323374e-01 2.500000000000000139e-02
8.440819415505991241e-01 1.736459744511565373e-01 9.377929251598501326e-01 2.500000000000000139e-02
8.862277242601199756e-01 1.637023666349319562e-01 3.414878944272098371e-01 2.500000000000000139e-02
1.020463204885969366e-01 1.453620585706903723e-01 2.456224350623955888e-01 2.500000000000000139e-02
1.508632530200838262e-01 1.276713590893412686e-01 7.143146460000497910e-01 2.500000000000000139e-02
2.580988493602025535e-01 1.460269733340049392e-01 5.545003517577210550e-01 2.500000000000000139e-02
1.499086593265712142e-01 1.277687160210599082e-01 3.115187027568953604e-01 2.500000000000000139e-02
6.871473796387379540e-01 1.639347697970551798e-01 7.635371837563155184e-01 2.500000000000000139e-02
4.618630895682070414e-01 1.272306150627056931e-01 7.848060903420871481e-01 2.500000000000000139e-02
5.859431396771637435e-02 1.465201219754030670e-01 5.095160097023376800e-01 2.500000000000000139e-02
4.590658505634775399e-01 1.691020705114945066e-01 4.606737636801565561e-01 2.500000000000000139e-02
7.129592547809661118e-01 1.449512660851551005e-01 8.838421732559098576e-01 2.500000000000000139e-02
1.775118813609935786e-01 1.648195737258665861e-01 9.362082728834613121e-01 2.500000000000000139e-02
3.626004060483331570e-01 1.428353445201271388e-01 4.051207754952249745e-02 2.500000000000000139e-02
6.087414711530306777e-01 1.266537295737752700e-01 3.982576122448680533e-02 2.500000000000000139e-02
2.351028695787796274e-01 1.376595596861426019e-01 1.495024696544948462e-01 2.500000000000000139e-02
1.798067047442750976e-01 1.569380878683264702e-01 4.907900792213003016e-01 2.500000000000000139e-02
2.989785724649192122e-01 1.370709310038286943e-01 6.543793429560421648e-01 2.500000000000000139e-02
4.278845390140568195e-01 1.527343904330709656e-01 2.976989439236482626e-01 2.500000000000000139e-02
6.962459709593299406e-01 1.457428434666782069e-01 3.675182824615976784e-01 2.500000000000000139e-02
2.459956431882772132e-01 1.424259684746281562e-01 7.992181554017350198e-01 2.500000000000000139e-02
3.805813741548702556e-01 1.624394128770066670e-01 2.509168804120868734e-01 2.500000000000000139e-02
9.204544197130338778e-01 1.566998848872330485e-01 8.489249351893415341e-01 2.500000000000000139e-02
3.793831206867100958e-01 1.512485221127132240e-01 7.380652717825381126e-01 2.500000000000000139e-02
1.517883973881876958e-01 1.740290066393641311e-01 8.531964480177182120e-01 2.500000000000000139e-02
5.025847230880577943e-01 1.711173990898316732e-01 5.393117540692790035e-01 2.500000000000000139e-02
8.302461021344798020e-02 1.703866478742519786e-01 7.278897219376460059e-01 2.500000000000000139e-02
3.745312015101892600e-01 1.478259945631327787e-01 3.456035126760279019e-01 2.500000000000000139e-02
9.469690089161787450e-01 1.316719715872801955e-01 1.169637555194554812e-01 2.500000000000000139e-02
5.208964599484833258e-01 1.636541777027435973e-01 9.358038769037633209e-01 2.500000000000000139e-02
1.654182428624087486e-01 1.592467219341779927e-01 6.489238605187952480e-01 2.500000000000000139e-02
6.457501030579551049e-01 1.613171232208917838e-01 5.350768510282709611e-01 2.500000000000000139e-02
8.256380195506002329e-01 1.436607977872397246e-01 2.367206271142311969e-01 2.500000000000000139e-02
1.200133578754774277e-01 1.382519849182241023e-01 8.784198901110698565e-02 2.500000000000000139e-02
5.566982855322755164e-01 1.636727772224515487e-01 4.585890870721133217e-01 2.500000000000000139e-02
5.268223847196089604e-01 1.424720146024267553e-01 7.674056202229282420e-01 2.500000000000000139e-02
7.384705664135785552e-01 1.713605903686559184e-01 5.250492157561251205e-02 2.500000000000000139e-02
3.103834990005628347e-01 1.524750286397635879e-01 9.092777814330744723e-01 2.500000000000000139e-02
5.197233653797674879e-01 1.383603515931159378e-01 8.585288497154136556e-01 2.500000000000000139e-02
5.255620765995713262e-01 1.493838161769103778e-01 2.551866665214587437e-02 2.500000000000000139e-02
4.291316390873020081e-01 1.281776887418079325e-01 2.228405895154096095e-01 2.500000000000000139e-02
7.877487029832674903e-01 1.329573118471121529e-01 6.004263594067649201e-01 2.500000000000000139e-02
2.989531605557206942e-02 1.597078925684563000e-01 8.985320365605296011e-01 2.500000000000000139e-02
3.349561510169037359e-01 1.408271279946237964e-01 4.495331157488891560e-01 2.500000000000000139e-02
9.040936626870524351e-02 1.602855021994804008e-01 4.004715813595199903e-01 2.500000000000000139e-02
2.123965005857007537e-01 1.517454099191600791e-01 3.007356404319320164e-01 2.500000000000000139e-02
6.682840869058529476e-01 1.546440135390578785e-01 3.456051087328866622e-02 2.500000000000000139e-02
4.770348860643616185e-01 1.604385195470524605e-01 6.677666042288607495e-02 2.500000000000000139e-02
8.410525076751556028e-01 1.326013613604784813e-01 2.563100766069426745e-02 2.500000000000000139e-02
9.513399462014441310e-01 1.569731387237005282e-01 5.196439019084257982e-01 2.500000000000000139e-02
1.466198269282758260e-01 1.541596415495264105e-01 2.696140379570062875e-02 2.500000000000000139e-02
3.741015561393308819e-01 1.603435904710061033e-01 6.420575129665320180e-01 2.500000000000000139e-02
9.418402245570709486e-01 1.325615112487042446e-01 7.901893155347466946e-01 2.500000000000000139e-02
7.857586691142494084e-01 1.524423164233083827e-01 4.746598904266860486e-01 2.500000000000000139e-02
3.293099721852900674e-01 1.723403585472261246e-01 8.278963826459343478e-01 2.500000000000000139e-02
3.886260082806329286e-01 1.262384529019624224e-01 8.144795582956092517e-01 2.500000000000000139e-02
6.525093682873130962e-01 1.326182241825654973e-01 9.712677074596778315e-01 2.500000000000000139e-02
8.651423450798527703e-01 1.634577762494295594e-01 7.012769283486559591e-01 2.500000000000000139e-02
2.673105960508074253e-01 1.625268326716208245e-01 9.731216483701955466e-01 2.500000000000000139e-02
7.555946446041335030e-01 1.588947484809260791e-01 3.288421949139965772e-01 2.500000000000000139e-02
4.044014924350119305e-02 1.571401687654256085e-01 4.457293733911018574e-01 2.500000000000000139e-02
5.140287488334269739e-01 1.320219760685526489e-01 7.022476875639610538e-01 2.500000000000000139e-02
6.218981388552166090e-01 1.634894510338917584e-01 7.554734644040805858e-01 2.500000000000000139e-02
4.214664849594659812e-01 1.441533179781884777e-01 3.984662944622462399e-01 2.500000000000000139e-02
8.516730695817911201e-01 1.531033055377359620e-01 4.584113768634754393e-01 2.500000000000000139e-02
6.639957822945887767e-01 1.664240245258925832e-01 8.350545554551558336e-01 2.500000000000000139e-02
8.796691181612853461e-01 1.308231627080957971e-01 1.800226202384146434e-01 2.500000000000000139e-02
5.961663697907941817e-01 1.667293190985618401e-01 2.510739157879035566e-01 2.500000000000000139e-02
8.555686362036686310e-01 1.602366097208335338e-01 6.168199068293890308e-01 2.500000000000000139e-02
6.944115138852718916e-01 1.711457145316242767e-01 6.111834501090687155e-01 2.500000000000000139e-02
3.875710593131605486e-01 1.692761318724438635e-01 1.656367453138739287e-01 2.500000000000000139e-02
2.507001446145078541e-02 1.377120044589799919e-01 7.366455763172339299e-01 2.500000000000000139e-02
7.279489299460177865e-01 1.733477973983366671e-01 4.187161239670949553e-01 2.500000000000000139e-02
3.191696324406876478e-02 1.266703646307560105e-01 5.857659256423760619e-01 2.500000000000000139e-02
8.055883377080896857e-01 1.523953349679015856e-01 6.732102501094309188e-01 2.500000000000000139e-02
1.052164101027504850e-01 1.332741614169806743e-01 6.191467298336101877e-01 2.500000000000000139e-02
4.952230384407891872e-01 1.343105797593361628e-01 2.039795466436640226e-01 2.500000000000000139e-02
9.033895529965157989e-02 1.255388881752846630e-01 9.721940269948453617e-01 2.500000000000000139e-02
2.979927650483296664e-02 1.343151758333178125e-01 9.558709125012526675e-01 2.500000000000000139e-02
2.420575728899014289e-01 1.615228033704240174e-01 8.976002969762572059e-01 2.500000000000000139e-02
9.302653056369089013e-01 1.707301347247418555e-01 1.656038535325296546e-01 2.500000000000000139e-02
5.627840256599877522e-01 1.537919204622804903e-01 3.112247282605867249e-01 2.500000000000000139e-02
1.781573026278921446e-01 1.296533570038916061e-01 2.066150767471623406e-01 2.500000000000000139e-02
7.259872197214363165e-01 1.250868913392336190e-01 1.199126700435575732e-01 2.500000000000000139e-02
4.345742008380239496e-01 1.693252577552102345e-01 6.288934006867997750e-01 2.500000000000000139e-02
4.885406126828596707e-02 1.667249215986758848e-01 2.030725159545373748e-01 2.500000000000000139e-02
3.676032439692109022e-01 1.670640033174053962e-01 9.493939301548167675e-01 2.500000000000000139e-02
7.399444644909027868e-01 1.478934392671322207e-01 8.186864247531158156e-01 2.500000000000000139e-02
1.681071020905699209e-01 1.687222858781248225e-01 2.549577930053348873e-01 2.500000000000000139e-02
9.394456525373243716e-01 1.345550600307583444e-01 2.949634544068214237e-01 2.500000000000000139e-02
3.306381989306280134e-01 1.645266667703868535e-01 3.873733330954826082e-01 2.500000000000000139e-02
5.949187887452528356e-01 1.363098630725886051e-01 4.174738113330773714e-01 2.500000000000000139e-02
2.686321781268399822e-02 1.415985545321158390e-01 8.212952910637536519e-01 2.500000000000000139e-02
9.734135406581392314e-01 1.305936025918232879e-01 2.701912507570135291e-02 2.500000000000000139e-02
3.926190368319770196e-01 1.285391948326360390e-01 4.719325866358453081e-01 2.500000000000000139e-02
4.538948515473245071e-01 1.312135990173014244e-01 5.214939714853165098e-01 2.500000000000000139e-02
3.096127898698282088e-01 1.742246019427227399e-01 6.285038674986617724e-02 2.500000000000000139e-02
3.977998305766967946e-02 1.322356143390881755e-01 3.752787219114894768e-01 2.500000000000000139e-02
1.813610188932495704e-01 1.693246872466428743e-01 8.998080415805320698e-02 2.500000000000000139e-02
9.024749165360429481e-01 1.590986065190773679e-01 5.588729725927149561e-01 2.500000000000000139e-02
7.685531160966974085e-01 1.259731605209436223e-01 2.058924677337661824e-01 2.500000000000000139e-02
2.687992802279125515e-01 1.726293164751164788e-01 1.902298598337943125e-01 2.500000000000000139e-02
8.294718385461176402e-02 1.745711655251321603e-01 5.668578817403711056e-01 2.500000000000000139e-02
6.214194540455579840e-01 1.280034145445821947e-01 4.765481369040077131e-01 2.500000000000000139e-02
8.869352528442220329e-01 1.252558386281230896e-01 7.458253199677675749e-01 2.500000000000000139e-02
2.964665404411128205e-02 1.724604267387663814e-01 7.661257338825136487e-02 2.500000000000000139e-02
8.832878269971079499e-01 1.347039228663617638e-01 8.938599095197979905e-01 2.500000000000000139e-02
8.664902987193948691e-01 1.399253089510154591e-01 1.092302363601210524e-01 2.500000000000000139e-02
4.232849541858605957e-01 1.583587208700555082e-01 3.368644568273292117e-02 2.500000000000000139e-02
4.006337400775058510e-01 1.252728152813530060e-01 9.307141156048934216e-02 2.500000000000000139e-02
7.443710186137502127e-01 1.713648883155754199e-01 6.648976034076730102e-01 2.500000000000000139e-02
1.649742438364770192e-01 1.676294519468540245e-01 7.844186218081966588e-01 2.500000000000000139e-02
4.649808526904920525e-01 1.721822979893614380e-01 7.302765917775158044e-01 2.500000000000000139e-02
9.726927397750966264e-01 1.436340471107567796e-01 5.803216637761768881e-01 2.500000000000000139e-02
2.742616411771373053e-01 1.731110115264247462e-01 1.154387200861781426e-01 2.500000000000000139e-02
7.814078557461384689e-01 1.684829254798449194e-01 5.403904719955322511e-01 2.500000000000000139e-02
5.727114066274221482e-01 1.748846248925890468e-01 8.714756098688203334e-01 2.500000000000000139e-02
3.176691205544656671e-01 1.712726966611741175e-01 7.109542933821607624e-01 2.500000000000000139e-02
1.934080035525339025e-01 1.271666647809697737e-01 8.700274905889237020e-01 2.500000000000000139e-02
8.782794712772531431e-01 1.271304470554222577e-01 2.803621223491206127e-01 2.500000000000000139e-02
7.274351930826297163e-01 1.258802897482685368e-01 7.153282415718588139e-01 2.500000000000000139e-02
8.365942300128241804e-01 1.734802520542749193e-01 1.626009858254194029e-01 2.500000000000000139e-02
3.304223183768827954e-01 1.692693047250367067e-01 5.047932025277073187e-01 2.500000000000000139e-02
6.279988970730514541e-01 1.663982796378152273e-01 9.590511738723270230e-02 2.500000000000000139e-02
6.993035038967833072e-01 1.738897624020622756e-01 9.535618990146709217e-01 2.500000000000000139e-02
4.992840623050291415e-01 1.397694684269575882e-01 6.403290725806721762e-01 2.500000000000000139e-02
2.133038005267855752e-01 1.737688416634404764e-01 5.925852037184735632e-01 2.500000000000000139e-02
5.070298933186424550e-01 1.262785710311919163e-01 4.477546502436954290e-01 2.500000000000000139e-02
6.443769800436057738e-01 1.254546238016034376e-01 8.784588731654645599e-01 2.500000000000000139e-02
6.203959799000634545e-01 1.633690141957261366e-01 1.855457434115607984e-01 2.500000000000000139e-02
