grids 016 032 064
error 0.004190323441292332 0.005031175815941252 0.012942281542917683 0.0008592071232489951
error 0.0010968055585267897 0.001302618277652779 0.003083391534400959 0.0005869472863140324
order [ 1.93375382  1.94948123  2.06950196  0.54977501]

grids 032 064 128
error 0.0010968055585267897 0.001302618277652779 0.003083391534400959 0.0005869472863140324
error 0.00021988678016646656 0.0002764785680306146 0.0007138511811979505 2.056616605211614e-05
order [ 2.31847501  2.23617482  2.11082285  4.83488616]

grids 064 128 256
error 0.00021988678016646656 0.0002764785680306146 0.0007138511811979505 2.056616605211614e-05
error 0.0008157996511818289 0.0010709976726191125 0.0024580343324516196 0.0010624196832018096
order [-1.89145402 -1.95371579 -1.78380982 -5.6909371 ]

