0000 0.0 0.0
0001 -0.00197385264658 -7.39420553132e-09
0002 -0.000106814366741 -0.000963896972639
0003 0.000313680411548 -0.00303030095067
0004 0.000241818010484 -0.00270793844891
0005 -0.000202707895027 -0.00166028894156
0006 -0.00135202021207 -0.000567570601927
0007 -0.00205724610708 -0.000169318123037
0008 -0.00169808572194 -0.000399664783095
0009 -0.000857765895498 -0.00115558534093
0010 -0.000207933506414 -0.00194603560304
0011 3.8956355143e-05 -0.00228103145118
0012 -0.000109678841458 -0.00207914318722
0013 -0.000532804616301 -0.00150983965407
0014 -0.00104389125858 -0.000919113669474
0015 -0.00138797652416 -0.000605478988446
0016 -0.00140112355758 -0.000596212733218
0017 -0.00114277153198 -0.000840783011704
0018 -0.000686497214705 -0.00128108588251
0019 -0.000351512652312 -0.00171371210815
0020 -6.51291209768e-05 -0.00184985000987
0021 -0.000142339357199 -0.00171495229407
0022 -0.000404336433922 -0.00134699256666
0023 -0.00088272325932 -0.000935243234073
0024 -0.001139954817 -0.000730064839549
0025 -0.000977561276812 -0.000708045943055
0026 -0.000798375916207 -0.000828397644297
0027 -0.000381618554822 -0.00113945903626
0028 -0.000259320064082 -0.00144336321724
0029 -0.000348530839846 -0.00141853174753
0030 -0.000446202287058 -0.0012121220039
0031 -0.000547364871311 -0.000906607039871
0032 -0.000957888719257 -0.00059839700598
0033 -0.00106585995602 -0.000591940252473
0034 -0.00103133379693 -0.000680559465215
0035 -0.000864897407715 -0.000879583416391
0036 -0.000652760854737 -0.00106312510599
0037 -0.000758635627013 -0.00112641150427
0038 -0.000849876251764 -0.00101558572757
0039 -0.00107257657787 -0.000814478607277
0040 -0.00141382406338 -0.000581754979859
0041 -0.00152434028854 -0.00047014046543
0042 -0.00157308298304 -0.000497853789673
0043 -0.00150071210138 -0.000618016789835
0044 -0.00137990627938 -0.000746248459661
0045 -0.00140285074712 -0.000807191936355
0046 -0.00142280380675 -0.000794412649788
0047 -0.00152712744827 -0.000753342241237
0048 -0.00173310748414 -0.000615957831392
0049 -0.00189459785921 -0.000474287325084
0050 -0.00201637567022 -0.000373935243992
0051 -0.00207126248183 -0.000365040206487
0052 -0.00205544430696 -0.000443997656458
0053 -0.00197275204992 -0.00052294662131
0054 -0.00191115009013 -0.000584490862911
0055 -0.00178326204202 -0.000628294089588
0056 -0.0019415494328 -0.000596728503976
0057 -0.00220129344856 -0.000556325426728
0058 -0.00222001322409 -0.00047110857424
0059 -0.00222756585257 -0.000320410538774
0060 -0.00230134203082 -0.000220654919415
0061 -0.00240296875296 -0.000277194936691
0062 -0.00242548515601 -0.00038996279105
0063 -0.00236829300674 -0.000446131030034
0064 -0.00226607227688 -0.000415813106688
0065 -0.00226064234508 -0.000410269282062
0066 -0.00230992074461 -0.000440416277458
0067 -0.00231047451446 -0.000391692568877
0068 -0.00229630085512 -0.000332083306383
0069 -0.00229464371308 -0.000298238848319
0070 -0.002289569544 -0.000338910638328
0071 -0.00225123966455 -0.000392509072775
0072 -0.00221043516336 -0.000371781143403
0073 -0.00221701364711 -0.000349156442298
0074 -0.00231747185237 -0.000383795182481
0075 -0.00225296485902 -0.0004113969697
0076 -0.00211343320554 -0.000402003546203
0077 -0.00185579783853 -0.000428594365552
0078 -0.00170253926002 -0.00046903764613
0079 -0.00146591883825 -0.000540117667628
0080 -0.00147200427541 -0.000620483825567
0081 -0.0016397086277 -0.000621250497531
0082 -0.00183544555985 -0.000534544041892
0083 -0.00223704210726 -0.0003377008726
0084 -0.0024793993879 -0.000150143132421
0085 -0.00225542518999 -0.000100751489995
0086 -0.000995472558025 -0.000633701759959
0087 3.70250117011e-05 -0.00148277606881
0088 0.000182552112214 -0.00127638082134
0089 -0.000439516820472 -0.000691413783453
0090 -0.000300721676705 -0.000849849944137
0091 -9.36880087199e-05 -0.00126076335957
0092 -0.000307432907568 -0.00107618052266
0093 -0.000736242200846 -0.000688472237195
0094 -0.000653076811444 -0.000759475838614
0095 -0.000503042613014 -0.000968574122657
0096 -0.000427114380175 -0.00109164449448
0097 -0.000554689876549 -0.000990265189982
0098 -0.000745614916838 -0.000828003963872
0099 -0.000838848654471 -0.000764163909926
0100 -0.000805233557719 -0.000815742094266
0101 -0.000722406894874 -0.000898811803741
0102 -0.000639839062401 -0.000988702547329
0103 -0.000699225836818 -0.00102630636788
0104 -0.000766005681881 -0.000993769068238
0105 -0.00078353903493 -0.000912309700851
0106 -0.00084828743238 -0.000836638399548
0107 -0.000941232383531 -0.000846304995361
0108 -0.000912153362165 -0.000904961656006
0109 -0.000877798058117 -0.000935865443847
0110 -0.000873430969185 -0.000966999572857
0111 -0.00090735731932 -0.0010289566023
0112 -0.0010374727745 -0.00102315758908
0113 -0.00111671814955 -0.000947186782798
0114 -0.0011640334355 -0.000868777440647
0115 -0.00123035393745 -0.000826785914018
0116 -0.00123662141855 -0.0008281535001
0117 -0.00124839921056 -0.000900009443701
0118 -0.00111239559625 -0.000991735912009
0119 -0.00106309428186 -0.00101306519746
0120 -0.00109625193372 -0.00102148129246
0121 -0.00107142053419 -0.00103319028401
0122 -0.00110186303671 -0.00102549651423
0123 -0.00112613361222 -0.000963537894996
0124 -0.00104071803177 -0.000911088424224
0125 -0.000942149905827 -0.000901099695219
0126 -0.000832303438221 -0.000929203161224
0127 -0.000789212532597 -0.00103808681751
0128 -0.000707544494828 -0.00109980698326
0129 -0.000670074248528 -0.00112123663996
0130 -0.000652416909893 -0.00109716817624
0131 -0.000632283453288 -0.00104632672475
0132 -0.000622635018191 -0.00101136656422
0133 -0.000579893083218 -0.0010033327356
0134 -0.000600059461643 -0.00103167900862
0135 -0.000617028192971 -0.00105643873192
0136 -0.000547594908925 -0.00107974947947
0137 -0.000499778074929 -0.001100684857
0138 -0.000448258983561 -0.00111061289445
0139 -0.000441791795935 -0.00109547481741
0140 -0.000373464820601 -0.00109177120442
0141 -0.000323434085985 -0.0011182168994
0142 -0.000379613360281 -0.00112056394185
0143 -0.000331370872098 -0.00113203397894
0144 -0.000338347610419 -0.0011814527192
0145 -0.000386829529566 -0.00119413160885
0146 -0.000497016803926 -0.00115553889851
0147 -0.000519321512541 -0.001088057351
0148 -0.000519639429577 -0.00102481751028
0149 -0.00048338838941 -0.000986561372167
0150 -0.000422492673002 -0.0010298011633
0151 -0.000302174319667 -0.0011577852344
0152 -0.000145595844954 -0.00134731752827
0153 -0.000111435277715 -0.00141795727017
0154 -0.00023006617253 -0.00142240931077
0155 -0.000401505696636 -0.00131151204142
0156 -0.000711915397273 -0.00109205032691
0157 -0.000729814092016 -0.000911112299652
0158 -0.000714408356221 -0.000838443700456
0159 -0.000597751737053 -0.000878267307241
0160 -0.000358249883599 -0.00101680421563
0161 -0.000111463771909 -0.0011739541592
0162 9.67994437818e-05 -0.00131962621066
0163 0.000273914052744 -0.00142341893783
0164 0.000337111834598 -0.0014801255283
0165 0.000267118664437 -0.00148056088875
0166 0.00019335139718 -0.00142906283921
0167 7.15670719317e-05 -0.00134142809515
0168 -8.71464872103e-05 -0.00123314887221
0169 -0.000422446909161 -0.00113057378064
0170 -0.000635245760773 -0.00107851772966
0171 -0.000728131437558 -0.00106005337272
0172 -0.000810939967423 -0.00101324819544
0173 -0.000893472101033 -0.000984425114525
0174 -0.000969599701899 -0.00101002423701
0175 -0.000979187299978 -0.00103566857157
0176 -0.00100832171658 -0.00102296580403
0177 -0.000982398780931 -0.000986850747407
0178 -0.000912690280311 -0.000958713764648
0179 -0.000861660595585 -0.000984776841029
0180 -0.000772957007208 -0.00107374519056
0181 -0.000707541551775 -0.00116355133151
0182 -0.000570939024956 -0.00120290418949
0183 -0.000447923948131 -0.00122912040055
0184 -0.000362772603657 -0.00126683055657
0185 -0.000324455108438 -0.00132107323463
0186 -0.00030283691107 -0.00134439366852
0187 -0.000286309720236 -0.00134527932596
0188 -0.000260051112158 -0.0013303081774
0189 -0.000262472567612 -0.00131438494745
0190 -0.00027229316096 -0.00131251303313
0191 -0.000297589085043 -0.00132867204416
0192 -0.00029211742726 -0.00134609226443
0193 -0.000277463254184 -0.00134791360101
0194 -0.000260958552299 -0.00134210467401
0195 -0.000318172126234 -0.00134675086561
0196 -0.00033492568573 -0.00135210629598
0197 -0.000377989488199 -0.00133580062076
0198 -0.00041829721759 -0.00130208006077
0199 -0.000421488702591 -0.00127580543773
0200 -0.000467713693028 -0.00125588844366
0201 -0.000501744815523 -0.00123572765212
0202 -0.000533120763576 -0.00122113824844
0203 -0.000553896477497 -0.00120808814653
0204 -0.000545423922758 -0.0011974991193
0205 -0.000576636036689 -0.00120214682687
0206 -0.00056501340067 -0.00121647186598
0207 -0.000610245666063 -0.00120727966737
0208 -0.000649573212194 -0.00116823467048
0209 -0.000689093284737 -0.00112473352702
0210 -0.000719188656201 -0.00109003533356
0211 -0.00076889704321 -0.00105987036058
0212 -0.000794055618651 -0.00104368712448
0213 -0.000808487708423 -0.00102897409658
0214 -0.000789197512129 -0.000994582678629
0215 -0.000788340515314 -0.000983317566807
0216 -0.000799576815744 -0.000979131812194
0217 -0.000788391898591 -0.000985237094766
0218 -0.000778957483784 -0.00100975687841
0219 -0.000767284397024 -0.00101773372703
0220 -0.000763780554396 -0.0010159551439
0221 -0.000781940639375 -0.0010241606007
0222 -0.000826584420526 -0.00103020365574
0223 -0.000912155521531 -0.00100847624985
0224 -0.000957777439646 -0.000985772634036
0225 -0.000968694574235 -0.000934104744228
0226 -0.000983377339511 -0.000894199351573
0227 -0.000955139917634 -0.000883547281709
0228 -0.000882819205301 -0.000897700816444
0229 -0.00080444970354 -0.000928171523481
0230 -0.0007178282897 -0.000976020172405
0231 -0.000635595979142 -0.00102793802333
0232 -0.000547386712514 -0.00105065120675
0233 -0.000487032842597 -0.00103404852693
0234 -0.000466515956572 -0.00101365577095
0235 -0.000511474885658 -0.000984840482116
0236 -0.00053364347319 -0.000951648408063
0237 -0.000552836294263 -0.000925500373283
0238 -0.000511346863055 -0.00089619792278
0239 -0.000453487586697 -0.000901630700239
0240 -0.000447640940044 -0.000944637066754
0241 -0.000427511113869 -0.00100478342019
0242 -0.000402133679142 -0.00104549362619
0243 -0.000367739979084 -0.001046353506
0244 -0.000372096262881 -0.00102236601147
0245 -0.000403152972688 -0.000984411920711
0246 -0.000416560041127 -0.000965966013092
0247 -0.000432747288765 -0.000954975615077
0248 -0.000467887449651 -0.000945782801611
0249 -0.000460329469273 -0.000955365760591
0250 -0.000450078409029 -0.000977909459409
0251 -0.000385390680114 -0.000986970648165
0252 -0.00030965385593 -0.000999059763634
0253 -0.000242201337378 -0.00101591004422
0254 -0.000177588410877 -0.00104354032546
0255 -0.000199037958998 -0.00107142003054
0256 -0.000163915265791 -0.00108242340689
0257 -0.000141395007157 -0.00106995217703
0258 -0.000112227414839 -0.00104113594895
0259 -9.95155238504e-05 -0.00103023494401
0260 -0.000120838371526 -0.00105443123564
0261 -0.000135430862657 -0.00108593480907
0262 -0.000127940029315 -0.00109437660455
0263 -0.000138147327358 -0.00108071336172
0264 -0.000139198352673 -0.00105986124826
0265 -0.000127318389607 -0.00104509456302
0266 -7.71497488836e-05 -0.00102872001431
0267 -8.70295915108e-05 -0.00102738255381
0268 -0.000101241221338 -0.00105642657076
0269 -9.56386336418e-05 -0.00109704353011
0270 -9.69914108077e-05 -0.00109671773649
0271 -0.000103940990994 -0.00106539488266
0272 -0.000102594140381 -0.00105976670671
0273 -0.000153893405055 -0.0010636524769
0274 -0.00025204208153 -0.00105026416068
0275 -0.000318912629384 -0.00102388938585
0276 -0.000354653491413 -0.000994874681593
0277 -0.000368950909273 -0.000956680563862
0278 -0.000396117070442 -0.000959829709966
0279 -0.000437363326081 -0.000991954767816
0280 -0.000472956968399 -0.00101370084678
0281 -0.000530796595205 -0.00101196409887
0282 -0.000543724408905 -0.000986753653999
0283 -0.000537154073244 -0.00096500420166
0284 -0.000576749789582 -0.000954474057691
0285 -0.000635677560761 -0.000949127231453
0286 -0.000659261913042 -0.000955986573768
0287 -0.000664905013426 -0.000947212973983
0288 -0.000661557138108 -0.000930506927387
0289 -0.000666461622903 -0.000939978673782
0290 -0.00066925664388 -0.000966819510265
0291 -0.000710838703229 -0.000979284587263
0292 -0.000775891335938 -0.000970821039808
0293 -0.000836132032478 -0.000945216728891
0294 -0.000869097673963 -0.000908724177198
0295 -0.000911440074274 -0.000874767819985
0296 -0.000984897388992 -0.000863663033349
0297 -0.00105544736077 -0.000878643179234
0298 -0.0011069232796 -0.000891294337831
0299 -0.00112065650076 -0.000886305892974
0300 -0.00109887786011 -0.000861185192971
0301 -0.00109019659676 -0.000849491753438
0302 -0.00113893429498 -0.000865112002144
0303 -0.00121575128885 -0.000891948336438
0304 -0.0012840281766 -0.000891557042309
0305 -0.0013092687808 -0.000840658202298
0306 -0.00132774752648 -0.000789683469556
0307 -0.0013083924903 -0.000776009630511
0308 -0.00132828521959 -0.000772730277529
0309 -0.0013611528002 -0.000790141557001
0310 -0.00138017596334 -0.000834579910322
0311 -0.00142267104939 -0.00086744892989
0312 -0.00144161278521 -0.000865590337969
0313 -0.00147610787393 -0.000841476729276
0314 -0.00152378745748 -0.000810331132696
0315 -0.00157656706303 -0.000785342407513
