grids 016 032 064
error 0.02126610654294122 0.029344716892084566 0.11713521114769265 0.02116743853908204
error 0.011314486555293102 0.0158696973757596 0.11299944214650753 0.008500179741389668
order [ 0.91038481  0.88682617  0.05185917  1.31628145]

grids 032 064 128
error 0.011314486555293102 0.0158696973757596 0.11299944214650753 0.008500179741389668
error 0.002457956525481984 0.004450799177402545 0.1110420093212145 0.0025346945717940883
order [ 2.20263981  1.83413831  0.02521007  1.74568143]

grids 064 128 256
error 0.002457956525481984 0.004450799177402545 0.1110420093212145 0.0025346945717940883
error 0.0004166145199863056 0.0015997229965200564 0.10773495223808638 0.0004362824074103655
order [ 2.56067437  1.47624229  0.0436192   2.53847771]

