i s
0 0
1 0
2 0
3 0
4 0
5 0
6 0
7 0
8 0
9 0
10 0
11 0
12 0
13 0
14 0
15 0
16 0
17 0
18 0
19 0
20 0
21 0
22 0
23 0
24 0
25 0
26 0
27 0
28 0
29 0
30 0
31 0
32 0
33 0
34 0
35 0
36 0
37 0
38 0
39 0
40 0
41 0
42 0
43 0
44 0
45 0
46 0
47 0.0001616183155416124
48 0.001318369481487765
49 0.001518262976741188
50 0.005441403103200115
51 0.00457888375704879
52 0.003453702821476324
53 0.006117576768529337
54 0.0158257942909013
55 0.08443399374915521
56 0.1135302879039412
57 0.1605484787266525
58 0.1523362311277987
59 0.2593310440399851
60 0.1545945906082025
61 0.2544548473260287
62 0.1584559690775268
63 0.1520444320708965
64 0.1429443105649978
65 0.1273136598741527
66 0.1311645580675559
67 0.1223064852378468
68 0.1051359606328615
69 0.09437935533663364
70 0.1250674723398138
71 0.1260759732968178
72 0.1100060631071523
73 0.1175393803724646
74 0.08625618145390153
75 0.08829733359927977
76 0.0878583053060997
77 0.09124786561290359
78 0.1070387515237408
79 0.09811873277744836
80 0.1198484958426552
81 0.1414695372579772
82 0.1486013986149325
83 0.1673343767349558
84 0.1789881764675668
85 0.1935347400023351
86 0.2168367902493754
87 0.2466049938028149
88 0.2614331140148088
89 0.2753817632388815
90 0.3063466294833363
91 0.3895735343068022
92 0.4094845001601933
93 0.4561719556991158
94 0.5086664106346847
95 0.5189584430024373
96 0.5578019082964261
97 0.545969482011303
98 0.5802497537878745
99 0.5620296198730096
100 0.6047819429536803
101 0.6149203381662069
102 0.5834584548985372
103 0.6251833927780046
104 0.6426002751241724
105 0.6864470436103751
106 0.7517865027909933
107 0.739241091726442
108 0.7892991979510449
109 0.786778736001727
110 0.7634092723985288
111 0.7753760419083593
112 0.7528112898544769
113 0.7203040507658737
114 0.7192020607621243
115 0.7270670025607976
116 0.7216304575304212
117 0.7220887944941495
118 0.7213804690247811
119 0.6838951143652815
120 0.7022767780348546
121 0.6867250284612485
122 0.6772717765316832
123 0.6664434644834769
124 0.6510084214322995
125 0.650477416441386
126 0.6401887757017608
127 0.616046274783125
128 0.5870563242956545
129 0.5755496636080577
130 0.5778002591882658
131 0.565942667002502
132 0.5447576552839204
133 0.5347747395650871
134 0.5307103164659255
135 0.5214514310964022
136 0.5096976527903823
137 0.4960314335952976
138 0.4948072904880077
139 0.4712616621482361
140 0.4616922586326317
141 0.4522066882611666
142 0.4283644295201217
143 0.4050102816923056
144 0.388363954088322
145 0.3619098756569162
146 0.3566778741880893
147 0.3582283772645087
148 0.3372452457005895
149 0.323580346026045
150 0.3254556663326523
151 0.3229400113429784
152 0.3099842679531692
153 0.3073343906037845
154 0.2918474434201783
155 0.2781497007338241
156 0.272230936030884
157 0.2638339332536153
158 0.2534331104916213
159 0.2468648197862791
160 0.2391632622563961
161 0.2251461118824829
162 0.21333306215903
163 0.2128086707443197
164 0.2030472703209631
165 0.2010705091445632
166 0.1884620180748711
167 0.1833952433603124
168 0.1790800827696155
169 0.1733774964237591
170 0.1689163785088338
171 0.1640032061031547
172 0.1629010290450433
173 0.1494563650334111
174 0.1417027961549527
175 0.1357532727489521
176 0.1323248034334893
177 0.1271030616196559
178 0.1266213336976702
179 0.1152384001440275
180 0.1131166203443366
181 0.1114720991867186
182 0.1085149962040499
183 0.1071078006350654
184 0.1043106274716272
185 0.1034498666850739
186 0.1001968417994201
187 0.1024426701394958
188 0.09144048283004183
189 0.0893514498919825
190 0.08881569030146091
191 0.09151076309536005
192 0.08659691386777621
193 0.08522393396212397
194 0.08275908358976897
195 0.07532249317722234
196 0.07976045672667892
197 0.08008333789780964
198 0.0779537879884576
199 0.07404607610801806
200 0.07116158793125764
201 0.06912921108935416
202 0.06727479573147006
203 0.06686501210223263
204 0.06511333757768471
205 0.05846725196328211
206 0.0569128245796155
207 0.05419338508062133
208 0.05078405029783221
209 0.05053854291397267
210 0.04865037424975554
211 0.04854780941390827
212 0.04767828210547925
213 0.04765072744596449
214 0.04244586022493071
215 0.04186650315316905
216 0.04182388073375728
217 0.03977697347382364
218 0.04005482094835244
219 0.03455741543643971
220 0.03087932757745964
221 0.03115425289921786
222 0.02941923926495303
223 0.02745330778125658
224 0.02756987890205154
225 0.02752833875245718
226 0.02395991602566032
227 0.02338064511863634
228 0.02314362562473207
229 0.02264203465833418
230 0.02261842815660314
231 0.02270136176679651
232 0.02276222764152886
233 0.02196135470296014
234 0.02194524422169102
235 0.02049563704876121
236 0.0210994067833932
237 0.02152859554399709
238 0.02086650754934419
239 0.02079198300584007
240 0.01983833013583757
241 0.01658258742784858
242 0.01657052567870922
243 0.01663487609061546
244 0.01624677909358187
245 0.01472033766077872
246 0.01447516085635132
247 0.0141320555291604
248 0.01382051607505066
249 0.01369845735804247
250 0.01345454349117457
251 0.01300810492351614
252 0.01312948358317556
253 0.01310451029876838
254 0.01245586460295907
255 0.01209852002618132
256 0.01209473150660263
257 0.01212209647141445
258 0.0117470311426091
259 0.01190637602676516
260 0.01163921271787144
261 0.01099651983660575
262 0.0107553127405498
263 0.01120101177236393
264 0.01117485138180017
265 0.01068755885670406
266 0.01063912037770618
267 0.0101593022609896
268 0.01015924913534962
269 0.01019050347713561
270 0.01018164327287043
271 0.01019951429161529
272 0.01022384134854922
273 0.009967483103186759
274 0.009732761113852148
275 0.009429092138923742
276 0.008931063276781274
277 0.009205764813642619
278 0.009185437817069281
279 0.008332968442329088
280 0.008387345808495591
281 0.008425140688160476
282 0.007680353114752205
283 0.007180368748622471
284 0.00820984640660093
285 0.008168333527114578
286 0.00819612671862931
287 0.008291135687346849
288 0.007972458759473017
289 0.007965589901663577
290 0.009671248845345648
291 0.009247616293133117
292 0.009177361405974908
293 0.009136012970850118
294 0.009099639234513622
295 0.009026459400000034
296 0.008973101528110608
297 0.008812349096244442
298 0.007461271908777056
299 0.007300456329840066
300 0.007173398801797038
301 0.006767582718942523
302 0.006572741362149364
303 0.006259882190848132
304 0.006244638641061502
305 0.005844823474919541
306 0.005873868827858312
307 0.005796476449116068
308 0.005393607978651263
309 0.005338616801083003
310 0.005381181340180463
311 0.00480907350208474
312 0.004772678218428656
313 0.00472888381073055
314 0.00392018754564516
315 0.003496146192025723
316 0.003392739151428623
317 0.003370084403210843
318 0.003373993145571045
319 0.003266616588509302
320 0.003421137427318359
321 0.003324957298590373
322 0.00315861779701437
323 0.003136983599600173
324 0.003359209011862509
325 0.003326223682327525
326 0.003260085839207421
327 0.003298409638314716
328 0.003333346609995694
329 0.003083035448597466
330 0.003059799321865894
331 0.002723278368980398
332 0.002746400563112389
333 0.002719470812816463
334 0.002451841700780812
335 0.002476739709467786
336 0.002444838708701773
337 0.002060403609877774
338 0.002066190583457481
339 0.002023660665857044
340 0.002084550158883659
341 0.002070228966106093
342 0.002104821149988475
343 0.002041459033204155
344 0.002083979932178737
345 0.001665950526803515
346 0.001662619253705626
347 0.001349803664254146
348 0.001252275996758617
349 0.001204251703691921
350 0.001228870040688113
351 0.001158513671922184
352 0.001207023704681784
353 0.001276192765320734
354 0.001231026321159414
355 0.001270538833716057
356 0.001386446183224383
357 0.001151371162996066
358 0.0008651443705790899
359 0.0008692836849733634
360 0.0008622830598502457
361 0.0009237045608920952
362 0.0009229563050877391
363 0.0008994796072521869
364 0.0009094877032926096
365 0.0009000113067117249
366 0.0008742860684560914
367 0.0008914618454661495
368 0.0008821051780395311
369 0.0008998755697503838
370 0.0006672769391365002
371 0.0004835727644701293
372 0.0004654594902075361
373 0.0004626959081809938
374 0.0004614386418520709
375 0.0004738231783877438
376 0.0004705771024515261
377 0.0004775277274935998
378 0.0003903367064685311
379 0.0003755328862625979
380 0.0003678123220936859
381 0.0003979296627428508
382 0.0004299916639824304
383 0.0004011195965385451
384 0.0003896518285272351
385 0.0004027410900375539
386 0.00041435054472112
387 0.0004044354396241727
388 0.0004012021671028704
389 0.0004157002602672307
390 0.000401845184281393
391 0.0004259909650223802
392 0.0003947646596288148
393 0.0003964146651640366
394 0.0003991092333295197
395 0.0004246911007963259
396 0.000405986756316807
397 0.00039603946454388
398 0.0003929309440305052
399 0.0003950167311520605
400 0.0004320649592816084
401 0.0004170716272989478
402 0.000403477684061769
403 0.0004069277346349408
404 0.0003933729736351189
405 0.0004155769147267738
406 0.0003989915462368213
407 0.0004079929580901781
408 0.0004076692881738048
409 0.0004074658115704555
410 0.0003897458447809796
411 0.0003876383546115189
412 0.0003871333562333819
413 0.0003480077179662031
414 0.0003792987291374399
415 0.0003770284954167286
416 0.0003672438088907293
417 0.0003664217672098796
418 0.0003518568406786897
419 0.0003273456311173017
420 0.0003725006165607453
421 0.0003795709783836943
422 0.0003815277378485099
423 0.0003706633270523944
424 0.000369536350759931
425 0.0003146030993826033
426 0.000366434764991307
427 0.0003409615596295852
428 0.0003656037657328866
429 0.0003665094540355196
430 0.0003793867069222329
431 0.0003539738349294796
432 0.0003623028774406663
433 0.0003780754574008954
434 0.0003798270450692744
435 0.0003746668959175861
436 0.0002842818894681887
437 0.0002950026272189077
438 0.0003020926182745705
439 0.0002780451863838373
440 0.0002980782024375105
441 0.0002942781709830631
442 0.0002774094985324119
443 0.0002815053762597636
444 0.0002851605384559119
445 0.000211121531513721
446 0.0001936069129416622
447 6.589508896195947e-05
448 6.058839022441322e-05
449 6.225034570297504e-05
450 7.307907479028519e-05
451 8.055729235517557e-05
452 5.290719089434704e-05
453 5.931180431840736e-05
454 6.735156442634388e-05
455 7.216154872642377e-05
456 5.186194607416353e-05
457 5.006240352011531e-05
458 7.256973804038261e-05
459 5.734523038951561e-05
460 3.469338686858191e-05
461 4.259268053396214e-05
462 0.0002165413147057751
463 0.0001959616430947125
464 0.0002059323071974859
465 0.0002021455150648128
466 0.0002183982747072026
467 0.0002002252162561784
468 0.0001979583249446787
469 0.0002062735100851845
470 0.0001944869284812698
471 0.0001896222844916898
472 0.0002111662610598456
473 0.0001981465492813384
474 0.0002008630106910003
475 0.0001823255186642058
476 0.0001880090539987531
477 0.0001876544896285064
478 0.000183483147238146
479 0.0001834406318908895
480 0.0001871992076453754
481 0.0001913835628261909
482 0.0001988789690848727
483 0.0001976723250609364
484 0.0002030632410079174
485 0.0002172659191430182
486 0.000203053767473556
487 0.0001892263721504496
488 6.019336662582023e-05
489 7.080903756501232e-05
490 7.493725209781444e-05
491 6.795614884592411e-05
492 5.397449453486769e-05
493 5.155234075395329e-05
494 6.13793013700802e-05
495 4.655640721330327e-05
496 4.198466973637099e-05
497 5.339255296733154e-05
498 5.830340130776304e-05
499 4.843095147504507e-05
500 3.897138524576631e-05
501 5.066144915615794e-05
502 5.894562001393081e-05
503 5.848193264408673e-05
504 5.00068730311503e-05
505 5.315974289916549e-05
506 4.67142128942859e-05
507 4.700671886751746e-05
508 3.168360077321964e-05
509 3.117354016454736e-05
510 0
511 0
512 0
513 0
514 0
515 0
516 0
517 0
518 0
519 0
520 0
521 0
522 0
523 0
524 0
525 0
526 0
527 0
528 0
529 0
530 0
531 0
532 0
533 0
534 0
535 0
536 0
537 0
538 0
539 0
540 0
541 0
542 0
543 0
544 0
545 0
546 0
547 0
548 0
549 0
550 0
551 0
552 0
553 0
554 0
555 0
556 0
557 0
558 0
559 0
560 0
561 0
562 0
563 0
564 0
565 0
566 0
567 0
568 0
569 0
570 0
571 0
572 0
573 0
574 0
575 0
576 0
577 0
578 0
579 0
580 0
581 0
582 0
583 0
584 0
585 0
586 0
587 0
588 0
589 0
590 0
591 0
592 0
593 0
594 0
595 0
596 0
597 0
598 0
599 0
600 0
601 0
602 0
603 0
604 0
605 0
606 0
607 0
608 0
609 0
610 0
611 0
612 0
613 0
614 0
615 0
616 0
617 0
618 0
619 0
620 0
621 0
622 0
623 0
624 0
625 0
626 0
627 0
628 0
629 0
630 0
631 0
632 0
633 0
634 0
635 0
636 0
637 0
638 0
639 0
640 0
641 0
642 0
643 0
644 0
645 0
646 0
647 0
648 0
649 0
650 0
651 0
652 0
653 0
654 0
655 0
656 0
657 0
658 0
659 0
660 0
661 0
662 0
663 0
664 0
665 0
666 0
667 0
668 0
669 0
670 0
671 0
672 0
673 0
674 0
675 0
676 0
677 0
678 0
679 0
680 0
681 0
682 0
683 0
684 0
685 0
686 0
687 0
688 0
689 0
690 0
691 0
692 0
693 0
694 0
695 0
696 0
697 0
698 0
699 0
700 0
701 0
702 0
703 0
704 0
705 0
706 0
707 0
708 0
709 0
710 0
711 0
712 0
713 0
714 0
715 0
716 0
717 0
718 0
