   5.0009700000000001e-01   1.3572500000000001e+00
   4.9611300000000003e-01   1.3572299999999999e+00
   4.9611300000000003e-01   1.3572299999999999e+00
   4.9213200000000001e-01   1.3571500000000001e+00
   4.9213200000000001e-01   1.3571500000000001e+00
   4.8815199999999997e-01   1.3570199999999999e+00
   4.8815199999999997e-01   1.3570199999999999e+00
   4.8417300000000002e-01   1.3568400000000000e+00
   4.8417300000000002e-01   1.3568400000000000e+00
   4.8019800000000001e-01   1.3566000000000000e+00
   4.8019800000000001e-01   1.3566000000000000e+00
   4.7622500000000001e-01   1.3563099999999999e+00
   4.7622500000000001e-01   1.3563099999999999e+00
   4.7225699999999998e-01   1.3559800000000000e+00
   4.7225699999999998e-01   1.3559800000000000e+00
   4.6829500000000002e-01   1.3555800000000000e+00
   4.6829500000000002e-01   1.3555800000000000e+00
   4.6433600000000003e-01   1.3551400000000000e+00
   4.6433600000000003e-01   1.3551400000000000e+00
   4.6038600000000002e-01   1.3546499999999999e+00
   4.6038600000000002e-01   1.3546499999999999e+00
   4.5644000000000001e-01   1.3541000000000001e+00
   4.5644000000000001e-01   1.3541000000000001e+00
   4.5250400000000002e-01   1.3534999999999999e+00
   4.5250400000000002e-01   1.3534999999999999e+00
   4.4857300000000000e-01   1.3528600000000000e+00
   4.4857300000000000e-01   1.3528600000000000e+00
   4.4465399999999999e-01   1.3521600000000000e+00
   4.4465399999999999e-01   1.3521600000000000e+00
   4.4074200000000002e-01   1.3513999999999999e+00
   4.4074200000000002e-01   1.3513999999999999e+00
   4.3684200000000001e-01   1.3506000000000000e+00
   4.3684200000000001e-01   1.3506000000000000e+00
   4.3295299999999998e-01   1.3497500000000000e+00
   4.3295299999999998e-01   1.3497500000000000e+00
   4.2907299999999998e-01   1.3488500000000001e+00
   4.2907299999999998e-01   1.3488500000000001e+00
   4.2520799999999997e-01   1.3478900000000000e+00
   4.2520799999999997e-01   1.3478900000000000e+00
   4.2135400000000001e-01   1.3468899999999999e+00
   4.2135400000000001e-01   1.3468899999999999e+00
   4.1751400000000000e-01   1.3458300000000001e+00
   4.1751400000000000e-01   1.3458300000000001e+00
   4.1368899999999997e-01   1.3447300000000000e+00
   4.1368899999999997e-01   1.3447300000000000e+00
   4.0987699999999999e-01   1.3435699999999999e+00
   4.0987699999999999e-01   1.3435699999999999e+00
   4.0608200000000000e-01   1.3423700000000001e+00
   4.0608200000000000e-01   1.3423700000000001e+00
   4.0230300000000002e-01   1.3411200000000001e+00
   4.0230300000000002e-01   1.3411200000000001e+00
   3.9853899999999998e-01   1.3398099999999999e+00
   3.9853899999999998e-01   1.3398099999999999e+00
   3.9479399999999998e-01   1.3384600000000000e+00
   3.9479399999999998e-01   1.3384600000000000e+00
   3.9106700000000000e-01   1.3370599999999999e+00
   3.9106700000000000e-01   1.3370599999999999e+00
   3.8735700000000001e-01   1.3356200000000000e+00
   3.8735700000000001e-01   1.3356200000000000e+00
   3.8366800000000001e-01   1.3341200000000000e+00
   3.8366800000000001e-01   1.3341200000000000e+00
   3.7999600000000000e-01   1.3325800000000001e+00
   3.7999600000000000e-01   1.3325800000000001e+00
   3.7634600000000001e-01   1.3309899999999999e+00
   3.7634600000000001e-01   1.3309899999999999e+00
   3.7271700000000002e-01   1.3293500000000000e+00
   3.7271700000000002e-01   1.3293500000000000e+00
   3.6910799999999999e-01   1.3276699999999999e+00
   3.6910799999999999e-01   1.3276699999999999e+00
   3.6552200000000001e-01   1.3259399999999999e+00
   3.6552200000000001e-01   1.3259399999999999e+00
   3.6195800000000000e-01   1.3241700000000001e+00
   3.6195800000000000e-01   1.3241700000000001e+00
   3.5841600000000001e-01   1.3223400000000001e+00
   3.5841600000000001e-01   1.3223400000000001e+00
   3.5489900000000002e-01   1.3204800000000001e+00
   3.5489900000000002e-01   1.3204800000000001e+00
   3.5140600000000000e-01   1.3185700000000000e+00
   3.5140600000000000e-01   1.3185700000000000e+00
   3.4793600000000002e-01   1.3166199999999999e+00
   3.4793600000000002e-01   1.3166199999999999e+00
   3.4449299999999999e-01   1.3146199999999999e+00
   3.4449299999999999e-01   1.3146199999999999e+00
   3.4107399999999999e-01   1.3125800000000001e+00
   3.4107399999999999e-01   1.3125800000000001e+00
   3.3768199999999998e-01   1.3105000000000000e+00
   3.3768199999999998e-01   1.3105000000000000e+00
   3.3431699999999998e-01   1.3083700000000000e+00
   3.3431699999999998e-01   1.3083700000000000e+00
   3.3097700000000002e-01   1.3062000000000000e+00
   3.3097700000000002e-01   1.3062000000000000e+00
   3.2766600000000001e-01   1.3039900000000000e+00
   3.2766600000000001e-01   1.3039900000000000e+00
   3.2438299999999998e-01   1.3017399999999999e+00
   3.2438299999999998e-01   1.3017399999999999e+00
   3.2112700000000000e-01   1.2994500000000000e+00
   3.2112700000000000e-01   1.2994500000000000e+00
   3.1790000000000002e-01   1.2971200000000001e+00
   3.1790000000000002e-01   1.2971200000000001e+00
   3.1470300000000001e-01   1.2947500000000001e+00
   3.1470300000000001e-01   1.2947500000000001e+00
   3.1153500000000001e-01   1.2923400000000000e+00
   3.1153500000000001e-01   1.2923400000000000e+00
   3.0839699999999998e-01   1.2898900000000000e+00
   3.0839699999999998e-01   1.2898900000000000e+00
   3.0528899999999998e-01   1.2874000000000001e+00
   3.0528899999999998e-01   1.2874000000000001e+00
   3.0221199999999998e-01   1.2848800000000000e+00
   3.0221199999999998e-01   1.2848800000000000e+00
   2.9916599999999999e-01   1.2823199999999999e+00
   2.9916599999999999e-01   1.2823199999999999e+00
   2.9615000000000002e-01   1.2797200000000000e+00
   2.9615000000000002e-01   1.2797200000000000e+00
   2.9316700000000001e-01   1.2770800000000000e+00
   2.9316700000000001e-01   1.2770800000000000e+00
   2.9021500000000000e-01   1.2744100000000000e+00
   2.9021500000000000e-01   1.2744100000000000e+00
   2.8729500000000002e-01   1.2717099999999999e+00
   2.8729500000000002e-01   1.2717099999999999e+00
   2.8440700000000002e-01   1.2689699999999999e+00
   2.8440700000000002e-01   1.2689699999999999e+00
   2.8155200000000002e-01   1.2662000000000000e+00
   2.8155200000000002e-01   1.2662000000000000e+00
   2.7872900000000000e-01   1.2633900000000000e+00
   2.7872900000000000e-01   1.2633900000000000e+00
   2.7594000000000002e-01   1.2605500000000001e+00
   2.7594000000000002e-01   1.2605500000000001e+00
   2.7318300000000001e-01   1.2576799999999999e+00
   2.7318300000000001e-01   1.2576799999999999e+00
   2.7045999999999998e-01   1.2547800000000000e+00
   2.7045999999999998e-01   1.2547800000000000e+00
   2.6777099999999998e-01   1.2518400000000001e+00
   2.6777099999999998e-01   1.2518400000000001e+00
   2.6511499999999999e-01   1.2488800000000000e+00
   2.6511499999999999e-01   1.2488800000000000e+00
   2.6249400000000001e-01   1.2458899999999999e+00
   2.6249400000000001e-01   1.2458899999999999e+00
   2.5990500000000000e-01   1.2428600000000001e+00
   2.5990500000000000e-01   1.2428600000000001e+00
   2.5735100000000000e-01   1.2398100000000001e+00
   2.5735100000000000e-01   1.2398100000000001e+00
   2.5483200000000000e-01   1.2367300000000001e+00
   2.5483200000000000e-01   1.2367300000000001e+00
   2.5234499999999999e-01   1.2336199999999999e+00
   2.5234499999999999e-01   1.2336199999999999e+00
   2.4989400000000001e-01   1.2304900000000001e+00
   2.4989400000000001e-01   1.2304900000000001e+00
   2.4747700000000000e-01   1.2273300000000000e+00
   2.4747700000000000e-01   1.2273300000000000e+00
   2.4509500000000001e-01   1.2241400000000000e+00
   2.4509500000000001e-01   1.2241400000000000e+00
   2.4274599999999999e-01   1.2209300000000001e+00
   2.4274599999999999e-01   1.2209300000000001e+00
   2.4043300000000001e-01   1.2176899999999999e+00
   2.4043300000000001e-01   1.2176899999999999e+00
   2.3815400000000000e-01   1.2144299999999999e+00
   2.3815400000000000e-01   1.2144299999999999e+00
   2.3590900000000001e-01   1.2111400000000001e+00
   2.3590900000000001e-01   1.2111400000000001e+00
   2.3369999999999999e-01   1.2078300000000000e+00
   2.3369999999999999e-01   1.2078300000000000e+00
   2.3152400000000001e-01   1.2044999999999999e+00
   2.3152400000000001e-01   1.2044999999999999e+00
   2.2938300000000000e-01   1.2011499999999999e+00
   2.2938300000000000e-01   1.2011499999999999e+00
   2.2727600000000001e-01   1.1977700000000000e+00
   2.2727600000000001e-01   1.1977700000000000e+00
   2.2520399999999999e-01   1.1943800000000000e+00
   2.2520399999999999e-01   1.1943800000000000e+00
   2.2316600000000000e-01   1.1909600000000000e+00
   2.2316600000000000e-01   1.1909600000000000e+00
   2.2116200000000000e-01   1.1875199999999999e+00
   2.2116200000000000e-01   1.1875199999999999e+00
   2.1919200000000000e-01   1.1840700000000000e+00
   2.1919200000000000e-01   1.1840700000000000e+00
   2.1725700000000001e-01   1.1805900000000000e+00
   2.1725700000000001e-01   1.1805900000000000e+00
   2.1535399999999999e-01   1.1771000000000000e+00
   2.1535399999999999e-01   1.1771000000000000e+00
   2.1348600000000001e-01   1.1735899999999999e+00
   2.1348600000000001e-01   1.1735899999999999e+00
   2.1165200000000001e-01   1.1700600000000001e+00
   2.1165200000000001e-01   1.1700600000000001e+00
   2.0985100000000001e-01   1.1665099999999999e+00
   2.0985100000000001e-01   1.1665099999999999e+00
   2.0808399999999999e-01   1.1629499999999999e+00
   2.0808399999999999e-01   1.1629499999999999e+00
   2.0635000000000001e-01   1.1593700000000000e+00
   2.0635000000000001e-01   1.1593700000000000e+00
   2.0465000000000000e-01   1.1557700000000000e+00
   2.0465000000000000e-01   1.1557700000000000e+00
   2.0298200000000000e-01   1.1521699999999999e+00
   2.0298200000000000e-01   1.1521699999999999e+00
   2.0134800000000000e-01   1.1485399999999999e+00
   2.0134800000000000e-01   1.1485399999999999e+00
   1.9974700000000001e-01   1.1449000000000000e+00
   1.9974700000000001e-01   1.1449000000000000e+00
   1.9817799999999999e-01   1.1412500000000001e+00
   1.9817799999999999e-01   1.1412500000000001e+00
   1.9664300000000001e-01   1.1375800000000000e+00
   1.9664300000000001e-01   1.1375800000000000e+00
   1.9514000000000001e-01   1.1338999999999999e+00
   1.9514000000000001e-01   1.1338999999999999e+00
   1.9367000000000001e-01   1.1302099999999999e+00
   1.9367000000000001e-01   1.1302099999999999e+00
   1.9223199999999999e-01   1.1265000000000001e+00
   1.9223199999999999e-01   1.1265000000000001e+00
   1.9082600000000000e-01   1.1227900000000000e+00
   1.9082600000000000e-01   1.1227900000000000e+00
   1.8945300000000001e-01   1.1190599999999999e+00
   1.8945300000000001e-01   1.1190599999999999e+00
   1.8811300000000000e-01   1.1153200000000001e+00
   1.8811300000000000e-01   1.1153200000000001e+00
   1.8680400000000000e-01   1.1115699999999999e+00
   1.8680400000000000e-01   1.1115699999999999e+00
   1.8552800000000000e-01   1.1078100000000000e+00
   1.8552800000000000e-01   1.1078100000000000e+00
   1.8428400000000000e-01   1.1040399999999999e+00
   1.8428400000000000e-01   1.1040399999999999e+00
   1.8307200000000001e-01   1.1002600000000000e+00
   1.8307200000000001e-01   1.1002600000000000e+00
   1.8189200000000000e-01   1.0964700000000001e+00
   1.8189200000000000e-01   1.0964700000000001e+00
   1.8074399999999999e-01   1.0926700000000000e+00
   1.8074399999999999e-01   1.0926700000000000e+00
   1.7962900000000001e-01   1.0888599999999999e+00
   1.7962900000000001e-01   1.0888599999999999e+00
   1.7854500000000001e-01   1.0850400000000000e+00
   1.7854500000000001e-01   1.0850400000000000e+00
   1.7749400000000001e-01   1.0812200000000001e+00
   1.7749400000000001e-01   1.0812200000000001e+00
   1.7647399999999999e-01   1.0773900000000001e+00
   1.7647399999999999e-01   1.0773900000000001e+00
   1.7548700000000000e-01   1.0735500000000000e+00
   1.7548700000000000e-01   1.0735500000000000e+00
   1.7453299999999999e-01   1.0697000000000001e+00
   1.7453299999999999e-01   1.0697000000000001e+00
   1.7361099999999999e-01   1.0658399999999999e+00
   1.7361099999999999e-01   1.0658399999999999e+00
   1.7272199999999999e-01   1.0619799999999999e+00
   1.7272199999999999e-01   1.0619799999999999e+00
   1.7186599999999999e-01   1.0581199999999999e+00
   1.7186599999999999e-01   1.0581199999999999e+00
   1.7104400000000000e-01   1.0542400000000001e+00
   1.7104400000000000e-01   1.0542400000000001e+00
   1.7025399999999999e-01   1.0503700000000000e+00
   1.7025399999999999e-01   1.0503700000000000e+00
   1.6949900000000001e-01   1.0464800000000001e+00
   1.6949900000000001e-01   1.0464800000000001e+00
   1.6877700000000001e-01   1.0425899999999999e+00
   1.6877700000000001e-01   1.0425899999999999e+00
   1.6808999999999999e-01   1.0387000000000000e+00
   1.6808999999999999e-01   1.0387000000000000e+00
   1.6743700000000000e-01   1.0347999999999999e+00
   1.6743700000000000e-01   1.0347999999999999e+00
   1.6682000000000000e-01   1.0308999999999999e+00
   1.6682000000000000e-01   1.0308999999999999e+00
   1.6623700000000000e-01   1.0269900000000001e+00
   1.6623700000000000e-01   1.0269900000000001e+00
   1.6569100000000000e-01   1.0230900000000001e+00
   1.6569100000000000e-01   1.0230900000000001e+00
   1.6518099999999999e-01   1.0191699999999999e+00
   1.6518099999999999e-01   1.0191699999999999e+00
   1.6470799999999999e-01   1.0152600000000001e+00
   1.6470799999999999e-01   1.0152600000000001e+00
   1.6427200000000000e-01   1.0113399999999999e+00
   1.6427200000000000e-01   1.0113399999999999e+00
   1.6387399999999999e-01   1.0074300000000000e+00
   1.6387399999999999e-01   1.0074300000000000e+00
   1.6351399999999999e-01   1.0035099999999999e+00
   1.6351399999999999e-01   1.0035099999999999e+00
   1.6319400000000001e-01   9.9958499999999995e-01
   1.6319400000000001e-01   9.9958499999999995e-01
   1.6291200000000000e-01   9.9566399999999999e-01
   1.6291200000000000e-01   9.9566399999999999e-01
   1.6267100000000001e-01   9.9174200000000001e-01
   1.6267100000000001e-01   9.9174200000000001e-01
   1.6247000000000000e-01   9.8782099999999995e-01
   1.6247000000000000e-01   9.8782099999999995e-01
   1.6230900000000001e-01   9.8389899999999997e-01
   1.6230900000000001e-01   9.8389899999999997e-01
   1.6218900000000000e-01   9.7997999999999996e-01
   1.6218900000000000e-01   9.7997999999999996e-01
   1.6211000000000000e-01   9.7606199999999999e-01
   1.6211000000000000e-01   9.7606199999999999e-01
   1.6207099999999999e-01   9.7214500000000004e-01
   1.6207099999999999e-01   9.7214500000000004e-01
   1.6207299999999999e-01   9.6823099999999995e-01
   1.6207299999999999e-01   9.6823099999999995e-01
   1.6211400000000001e-01   9.6431800000000001e-01
   1.6211400000000001e-01   9.6431800000000001e-01
   1.6219300000000000e-01   9.6040899999999996e-01
   1.6219300000000000e-01   9.6040899999999996e-01
   1.6230900000000001e-01   9.5650100000000005e-01
   1.6230900000000001e-01   9.5650100000000005e-01
   1.6245799999999999e-01   9.5259600000000000e-01
   1.6245799999999999e-01   9.5259600000000000e-01
   1.6263800000000000e-01   9.4869300000000001e-01
   1.6263800000000000e-01   9.4869300000000001e-01
   1.6284499999999999e-01   9.4479199999999997e-01
   1.6284499999999999e-01   9.4479199999999997e-01
   1.6307400000000000e-01   9.4089100000000003e-01
   1.6307400000000000e-01   9.4089100000000003e-01
   1.6331999999999999e-01   9.3699100000000002e-01
   1.6331999999999999e-01   9.3699100000000002e-01
   1.6357600000000000e-01   9.3308999999999997e-01
   1.6357600000000000e-01   9.3308999999999997e-01
   1.6383700000000001e-01   9.2918500000000004e-01
   1.6383700000000001e-01   9.2918500000000004e-01
   1.6409599999999999e-01   9.2527800000000004e-01
   1.6409599999999999e-01   9.2527800000000004e-01
   1.6434900000000000e-01   9.2136899999999999e-01
   1.6434900000000000e-01   9.2136899999999999e-01
   1.6459299999999999e-01   9.1745500000000002e-01
   1.6459299999999999e-01   9.1745500000000002e-01
   1.6482500000000000e-01   9.1353799999999996e-01
   1.6482500000000000e-01   9.1353799999999996e-01
   1.6504500000000000e-01   9.0961700000000001e-01
   1.6504500000000000e-01   9.0961700000000001e-01
   1.6525300000000001e-01   9.0569500000000003e-01
   1.6525300000000001e-01   9.0569500000000003e-01
   1.6545399999999999e-01   9.0177200000000002e-01
   1.6545399999999999e-01   9.0177200000000002e-01
   1.6564599999999999e-01   8.9784900000000001e-01
   1.6564599999999999e-01   8.9784900000000001e-01
   1.6583300000000001e-01   8.9392499999999997e-01
   1.6583300000000001e-01   8.9392499999999997e-01
   1.6601399999999999e-01   8.9000199999999996e-01
   1.6601399999999999e-01   8.9000199999999996e-01
   1.6619100000000001e-01   8.8607899999999995e-01
   1.6619100000000001e-01   8.8607899999999995e-01
   1.6636400000000001e-01   8.8215600000000005e-01
   1.6636400000000001e-01   8.8215600000000005e-01
   1.6653499999999999e-01   8.7823399999999996e-01
   1.6653499999999999e-01   8.7823399999999996e-01
   1.6670399999999999e-01   8.7431199999999998e-01
   1.6670399999999999e-01   8.7431199999999998e-01
   1.6686899999999999e-01   8.7039000000000000e-01
   1.6686899999999999e-01   8.7039000000000000e-01
   1.6703000000000001e-01   8.6646800000000002e-01
   1.6703000000000001e-01   8.6646800000000002e-01
   1.6718800000000000e-01   8.6254600000000003e-01
   1.6718800000000000e-01   8.6254600000000003e-01
   1.6734299999999999e-01   8.5862400000000005e-01
   1.6734299999999999e-01   8.5862400000000005e-01
   1.6749400000000000e-01   8.5470299999999999e-01
   1.6749400000000000e-01   8.5470299999999999e-01
   1.6764100000000001e-01   8.5078100000000001e-01
   1.6764100000000001e-01   8.5078100000000001e-01
   1.6778599999999999e-01   8.4685999999999995e-01
   1.6778599999999999e-01   8.4685999999999995e-01
   1.6792799999999999e-01   8.4293899999999999e-01
   1.6792799999999999e-01   8.4293899999999999e-01
   1.6806699999999999e-01   8.3901800000000004e-01
   1.6806699999999999e-01   8.3901800000000004e-01
   1.6820299999999999e-01   8.3509699999999998e-01
   1.6820299999999999e-01   8.3509699999999998e-01
   1.6833799999999999e-01   8.3117700000000005e-01
   1.6833799999999999e-01   8.3117700000000005e-01
   1.6847100000000001e-01   8.2725700000000002e-01
   1.6847100000000001e-01   8.2725700000000002e-01
   1.6860200000000000e-01   8.2333699999999999e-01
   1.6860200000000000e-01   8.2333699999999999e-01
   1.6873199999999999e-01   8.1941799999999998e-01
   1.6873199999999999e-01   8.1941799999999998e-01
   1.6886200000000001e-01   8.1549899999999997e-01
   1.6886200000000001e-01   8.1549899999999997e-01
   1.6899200000000000e-01   8.1158100000000000e-01
   1.6899200000000000e-01   8.1158100000000000e-01
   1.6912300000000000e-01   8.0766300000000002e-01
   1.6912300000000000e-01   8.0766300000000002e-01
   1.6925599999999999e-01   8.0374699999999999e-01
   1.6925599999999999e-01   8.0374699999999999e-01
   1.6939199999999999e-01   7.9983099999999996e-01
   1.6939199999999999e-01   7.9983099999999996e-01
   1.6953199999999999e-01   7.9591500000000004e-01
   1.6953199999999999e-01   7.9591500000000004e-01
   1.6967800000000000e-01   7.9200199999999998e-01
   1.6967800000000000e-01   7.9200199999999998e-01
   1.6983000000000001e-01   7.8808900000000004e-01
   1.6983000000000001e-01   7.8808900000000004e-01
   1.6999100000000000e-01   7.8417700000000001e-01
   1.6999100000000000e-01   7.8417700000000001e-01
   1.7016100000000001e-01   7.8026700000000004e-01
   1.7016100000000001e-01   7.8026700000000004e-01
   1.7034400000000000e-01   7.7635900000000002e-01
   1.7034400000000000e-01   7.7635900000000002e-01
   1.7054200000000000e-01   7.7245299999999995e-01
   1.7054200000000000e-01   7.7245299999999995e-01
   1.7075899999999999e-01   7.6854800000000001e-01
   1.7075899999999999e-01   7.6854800000000001e-01
   1.7100000000000001e-01   7.6464799999999999e-01
   1.7100000000000001e-01   7.6464799999999999e-01
   1.7127000000000001e-01   7.6075000000000004e-01
   1.7127000000000001e-01   7.6075000000000004e-01
   1.7157800000000001e-01   7.5685599999999997e-01
   1.7157800000000001e-01   7.5685599999999997e-01
   1.7192800000000000e-01   7.5296900000000000e-01
   1.7192800000000000e-01   7.5296900000000000e-01
   1.7232300000000000e-01   7.4908699999999995e-01
   1.7232300000000000e-01   7.4908699999999995e-01
   1.7276000000000000e-01   7.4521300000000001e-01
   1.7276000000000000e-01   7.4521300000000001e-01
   1.7323000000000000e-01   7.4134599999999995e-01
   1.7323000000000000e-01   7.4134599999999995e-01
   1.7371300000000001e-01   7.3748000000000002e-01
   1.7371300000000001e-01   7.3748000000000002e-01
   1.7419000000000001e-01   7.3361200000000004e-01
   1.7419000000000001e-01   7.3361200000000004e-01
   1.7464700000000000e-01   7.2973900000000003e-01
   1.7464700000000000e-01   7.2973900000000003e-01
   1.7507700000000001e-01   7.2585800000000000e-01
   1.7507700000000001e-01   7.2585800000000000e-01
   1.7548100000000000e-01   7.2197299999999998e-01
   1.7548100000000000e-01   7.2197299999999998e-01
   1.7586299999999999e-01   7.1808300000000003e-01
   1.7586299999999999e-01   7.1808300000000003e-01
   1.7622699999999999e-01   7.1419699999999997e-01
   1.7622699999999999e-01   7.1419699999999997e-01
   1.7657999999999999e-01   7.1031000000000000e-01
   1.7657999999999999e-01   7.1031000000000000e-01
   1.7692300000000000e-01   7.0642499999999997e-01
   1.7692300000000000e-01   7.0642499999999997e-01
   1.7725900000000000e-01   7.0254399999999995e-01
   1.7725900000000000e-01   7.0254399999999995e-01
   1.7759300000000000e-01   6.9866600000000001e-01
   1.7759300000000000e-01   6.9866600000000001e-01
   1.7792900000000000e-01   6.9479400000000002e-01
   1.7792900000000000e-01   6.9479400000000002e-01
   1.7826900000000001e-01   6.9092900000000002e-01
   1.7826900000000001e-01   6.9092900000000002e-01
   1.7861700000000000e-01   6.8707099999999999e-01
   1.7861700000000000e-01   6.8707099999999999e-01
   1.7897700000000000e-01   6.8322300000000002e-01
   1.7897700000000000e-01   6.8322300000000002e-01
   1.7935300000000001e-01   6.7938699999999996e-01
   1.7935300000000001e-01   6.7938699999999996e-01
   1.7975099999999999e-01   6.7556600000000000e-01
   1.7975099999999999e-01   6.7556600000000000e-01
   1.8017700000000000e-01   6.7176499999999995e-01
   1.8017700000000000e-01   6.7176499999999995e-01
   1.8064200000000000e-01   6.6798900000000005e-01
   1.8064200000000000e-01   6.6798900000000005e-01
   1.8116499999999999e-01   6.6425500000000004e-01
   1.8116499999999999e-01   6.6425500000000004e-01
   1.8178000000000000e-01   6.6057900000000003e-01
   1.8178000000000000e-01   6.6057900000000003e-01
   1.8255500000000000e-01   6.5705599999999997e-01
   1.8255500000000000e-01   6.5705599999999997e-01
   1.8370100000000000e-01   6.5380600000000000e-01
   1.8370100000000000e-01   6.5380600000000000e-01
   1.8571699999999999e-01   6.5119400000000005e-01
   1.8571699999999999e-01   6.5119400000000005e-01
   1.8835600000000000e-01   6.5232199999999996e-01
   1.8835600000000000e-01   6.5232199999999996e-01
   1.9016100000000000e-01   6.5566500000000005e-01
   1.9016100000000000e-01   6.5566500000000005e-01
   1.9124500000000000e-01   6.5939999999999999e-01
   1.9124500000000000e-01   6.5939999999999999e-01
   1.9192799999999999e-01   6.6331200000000001e-01
   1.9192799999999999e-01   6.6331200000000001e-01
   1.9233600000000001e-01   6.6725999999999996e-01
   1.9233600000000001e-01   6.6725999999999996e-01
   1.9253500000000001e-01   6.7123600000000005e-01
   1.9253500000000001e-01   6.7123600000000005e-01
   1.9256000000000001e-01   6.7520999999999998e-01
   1.9256000000000001e-01   6.7520999999999998e-01
   1.9243199999999999e-01   6.7918500000000004e-01
   1.9243199999999999e-01   6.7918500000000004e-01
   1.9216200000000000e-01   6.8314500000000000e-01
   1.9216200000000000e-01   6.8314500000000000e-01
   1.9176000000000001e-01   6.8709600000000004e-01
   1.9176000000000001e-01   6.8709600000000004e-01
   1.9123200000000001e-01   6.9102399999999997e-01
   1.9123200000000001e-01   6.9102399999999997e-01
   1.9058300000000000e-01   6.9493400000000005e-01
   1.9058300000000000e-01   6.9493400000000005e-01
   1.8981700000000001e-01   6.9881700000000002e-01
   1.8981700000000001e-01   6.9881700000000002e-01
   1.8893699999999999e-01   7.0267500000000005e-01
   1.8893699999999999e-01   7.0267500000000005e-01
   1.8795000000000001e-01   7.0650000000000002e-01
   1.8795000000000001e-01   7.0650000000000002e-01
   1.8686100000000000e-01   7.1029399999999998e-01
   1.8686100000000000e-01   7.1029399999999998e-01
   1.8568100000000001e-01   7.1406000000000003e-01
   1.8568100000000001e-01   7.1406000000000003e-01
   1.8442400000000000e-01   7.1779300000000001e-01
   1.8442400000000000e-01   7.1779300000000001e-01
   1.8310899999999999e-01   7.2150400000000003e-01
   1.8310899999999999e-01   7.2150400000000003e-01
   1.8176000000000000e-01   7.2519800000000001e-01
   1.8176000000000000e-01   7.2519800000000001e-01
   1.8041199999999999e-01   7.2888900000000001e-01
   1.8041199999999999e-01   7.2888900000000001e-01
   1.7912100000000000e-01   7.3259099999999999e-01
   1.7912100000000000e-01   7.3259099999999999e-01
   1.7794499999999999e-01   7.3632699999999995e-01
   1.7794499999999999e-01   7.3632699999999995e-01
   1.7693800000000001e-01   7.4011300000000002e-01
   1.7693800000000001e-01   7.4011300000000002e-01
   1.7613400000000001e-01   7.4394199999999999e-01
   1.7613400000000001e-01   7.4394199999999999e-01
   1.7552000000000001e-01   7.4781900000000001e-01
   1.7552000000000001e-01   7.4781900000000001e-01
   1.7506099999999999e-01   7.5172300000000003e-01
   1.7506099999999999e-01   7.5172300000000003e-01
   1.7471100000000001e-01   7.5564100000000001e-01
   1.7471100000000001e-01   7.5564100000000001e-01
   1.7443200000000000e-01   7.5957200000000002e-01
   1.7443200000000000e-01   7.5957200000000002e-01
   1.7419499999999999e-01   7.6350700000000005e-01
   1.7419499999999999e-01   7.6350700000000005e-01
   1.7398600000000000e-01   7.6744400000000002e-01
   1.7398600000000000e-01   7.6744400000000002e-01
   1.7379500000000001e-01   7.7138300000000004e-01
   1.7379500000000001e-01   7.7138300000000004e-01
   1.7361799999999999e-01   7.7532299999999998e-01
   1.7361799999999999e-01   7.7532299999999998e-01
   1.7345400000000000e-01   7.7926499999999999e-01
   1.7345400000000000e-01   7.7926499999999999e-01
   1.7330200000000001e-01   7.8320699999999999e-01
   1.7330200000000001e-01   7.8320699999999999e-01
   1.7316200000000001e-01   7.8715100000000005e-01
   1.7316200000000001e-01   7.8715100000000005e-01
   1.7303299999999999e-01   7.9109499999999999e-01
   1.7303299999999999e-01   7.9109499999999999e-01
   1.7291400000000001e-01   7.9504100000000000e-01
   1.7291400000000001e-01   7.9504100000000000e-01
   1.7280499999999999e-01   7.9898700000000000e-01
   1.7280499999999999e-01   7.9898700000000000e-01
   1.7270300000000000e-01   8.0293400000000004e-01
   1.7270300000000000e-01   8.0293400000000004e-01
   1.7260800000000001e-01   8.0688300000000002e-01
   1.7260800000000001e-01   8.0688300000000002e-01
   1.7251800000000000e-01   8.1083099999999997e-01
   1.7251800000000000e-01   8.1083099999999997e-01
   1.7243200000000000e-01   8.1477999999999995e-01
   1.7243200000000000e-01   8.1477999999999995e-01
   1.7234800000000000e-01   8.1872999999999996e-01
   1.7234800000000000e-01   8.1872999999999996e-01
   1.7226700000000000e-01   8.2267999999999997e-01
   1.7226700000000000e-01   8.2267999999999997e-01
   1.7218600000000001e-01   8.2662999999999998e-01
   1.7218600000000001e-01   8.2662999999999998e-01
   1.7210600000000001e-01   8.3058100000000001e-01
   1.7210600000000001e-01   8.3058100000000001e-01
   1.7202500000000001e-01   8.3453200000000005e-01
   1.7202500000000001e-01   8.3453200000000005e-01
   1.7194300000000001e-01   8.3848299999999998e-01
   1.7194300000000001e-01   8.3848299999999998e-01
   1.7186000000000001e-01   8.4243400000000002e-01
   1.7186000000000001e-01   8.4243400000000002e-01
   1.7177500000000001e-01   8.4638500000000005e-01
   1.7177500000000001e-01   8.4638500000000005e-01
   1.7168800000000001e-01   8.5033700000000001e-01
   1.7168800000000001e-01   8.5033700000000001e-01
   1.7159900000000000e-01   8.5428800000000005e-01
   1.7159900000000000e-01   8.5428800000000005e-01
   1.7150699999999999e-01   8.5823899999999997e-01
   1.7150699999999999e-01   8.5823899999999997e-01
   1.7141200000000001e-01   8.6219100000000004e-01
   1.7141200000000001e-01   8.6219100000000004e-01
   1.7131500000000000e-01   8.6614199999999997e-01
   1.7131500000000000e-01   8.6614199999999997e-01
   1.7121500000000001e-01   8.7009300000000001e-01
   1.7121500000000001e-01   8.7009300000000001e-01
   1.7111399999999999e-01   8.7404400000000004e-01
   1.7111399999999999e-01   8.7404400000000004e-01
   1.7101100000000000e-01   8.7799499999999997e-01
   1.7101100000000000e-01   8.7799499999999997e-01
   1.7090800000000000e-01   8.8194600000000001e-01
   1.7090800000000000e-01   8.8194600000000001e-01
   1.7080699999999999e-01   8.8589799999999996e-01
   1.7080699999999999e-01   8.8589799999999996e-01
   1.7071100000000000e-01   8.8985000000000003e-01
   1.7071100000000000e-01   8.8985000000000003e-01
   1.7062300000000000e-01   8.9380300000000001e-01
   1.7062300000000000e-01   8.9380300000000001e-01
   1.7055000000000001e-01   8.9775600000000000e-01
   1.7055000000000001e-01   8.9775600000000000e-01
   1.7050000000000001e-01   9.0171000000000001e-01
   1.7050000000000001e-01   9.0171000000000001e-01
   1.7048600000000000e-01   9.0566599999999997e-01
   1.7048600000000000e-01   9.0566599999999997e-01
   1.7052400000000001e-01   9.0961999999999998e-01
   1.7052400000000001e-01   9.0961999999999998e-01
   1.7063700000000001e-01   9.1357600000000005e-01
   1.7063700000000001e-01   9.1357600000000005e-01
   1.7085500000000001e-01   9.1752599999999995e-01
   1.7085500000000001e-01   9.1752599999999995e-01
   1.7121600000000001e-01   9.2145999999999995e-01
   1.7121600000000001e-01   9.2145999999999995e-01
   1.7175499999999999e-01   9.2537700000000001e-01
   1.7175499999999999e-01   9.2537700000000001e-01
   1.7250099999999999e-01   9.2925000000000002e-01
   1.7250099999999999e-01   9.2925000000000002e-01
   1.7348300000000000e-01   9.3307499999999999e-01
   1.7348300000000000e-01   9.3307499999999999e-01
   1.7471100000000001e-01   9.3681599999999998e-01
   1.7471100000000001e-01   9.3681599999999998e-01
   1.7619699999999999e-01   9.4046900000000000e-01
   1.7619699999999999e-01   9.4046900000000000e-01
   1.7793300000000001e-01   9.4399800000000000e-01
   1.7793300000000001e-01   9.4399800000000000e-01
   1.7991699999999999e-01   9.4740100000000005e-01
   1.7991699999999999e-01   9.4740100000000005e-01
   1.8212500000000001e-01   9.5065100000000002e-01
   1.8212500000000001e-01   9.5065100000000002e-01
   1.8455099999999999e-01   9.5375200000000004e-01
   1.8455099999999999e-01   9.5375200000000004e-01
   1.8716300000000000e-01   9.5668500000000001e-01
   1.8716300000000000e-01   9.5668500000000001e-01
   1.8995500000000001e-01   9.5945899999999995e-01
   1.8995500000000001e-01   9.5945899999999995e-01
   1.9289300000000001e-01   9.6206400000000003e-01
   1.9289300000000001e-01   9.6206400000000003e-01
   1.9597300000000001e-01   9.6451299999999995e-01
   1.9597300000000001e-01   9.6451299999999995e-01
   1.9916600000000001e-01   9.6679999999999999e-01
   1.9916600000000001e-01   9.6679999999999999e-01
   2.0246700000000001e-01   9.6893899999999999e-01
   2.0246700000000001e-01   9.6893899999999999e-01
   2.0585300000000001e-01   9.7092900000000004e-01
   2.0585300000000001e-01   9.7092900000000004e-01
   2.0931900000000001e-01   9.7278399999999998e-01
   2.0931900000000001e-01   9.7278399999999998e-01
   2.1285399999999999e-01   9.7450800000000004e-01
   2.1285399999999999e-01   9.7450800000000004e-01
   2.1644300000000000e-01   9.7610699999999995e-01
   2.1644300000000000e-01   9.7610699999999995e-01
   2.2008400000000000e-01   9.7759300000000005e-01
   2.2008400000000000e-01   9.7759300000000005e-01
   2.2376699999999999e-01   9.7896899999999998e-01
   2.2376699999999999e-01   9.7896899999999998e-01
   2.2748399999999999e-01   9.8024500000000003e-01
   2.2748399999999999e-01   9.8024500000000003e-01
   2.3123400000000000e-01   9.8142700000000005e-01
   2.3123400000000000e-01   9.8142700000000005e-01
   2.3501200000000000e-01   9.8252300000000004e-01
   2.3501200000000000e-01   9.8252300000000004e-01
   2.3880899999999999e-01   9.8353800000000002e-01
   2.3880899999999999e-01   9.8353800000000002e-01
   2.4262800000000001e-01   9.8447899999999999e-01
   2.4262800000000001e-01   9.8447899999999999e-01
   2.4646100000000001e-01   9.8535099999999998e-01
   2.4646100000000001e-01   9.8535099999999998e-01
   2.5031100000000001e-01   9.8616099999999995e-01
   2.5031100000000001e-01   9.8616099999999995e-01
   2.5417099999999998e-01   9.8691300000000004e-01
   2.5417099999999998e-01   9.8691300000000004e-01
   2.5804100000000002e-01   9.8761200000000005e-01
   2.5804100000000002e-01   9.8761200000000005e-01
   2.6192100000000001e-01   9.8826300000000000e-01
   2.6192100000000001e-01   9.8826300000000000e-01
   2.6580599999999999e-01   9.8887000000000003e-01
   2.6580599999999999e-01   9.8887000000000003e-01
   2.6970000000000000e-01   9.8943700000000001e-01
   2.6970000000000000e-01   9.8943700000000001e-01
   2.7359699999999998e-01   9.8996799999999996e-01
   2.7359699999999998e-01   9.8996799999999996e-01
   2.7750000000000002e-01   9.9046500000000004e-01
   2.7750000000000002e-01   9.9046500000000004e-01
   2.8140599999999999e-01   9.9093299999999995e-01
   2.8140599999999999e-01   9.9093299999999995e-01
   2.8531600000000001e-01   9.9137399999999998e-01
   2.8531600000000001e-01   9.9137399999999998e-01
   2.8922900000000001e-01   9.9178999999999995e-01
   2.8922900000000001e-01   9.9178999999999995e-01
   2.9314400000000002e-01   9.9218499999999998e-01
   2.9314400000000002e-01   9.9218499999999998e-01
   2.9706199999999999e-01   9.9255899999999997e-01
   2.9706199999999999e-01   9.9255899999999997e-01
   3.0098100000000000e-01   9.9291600000000002e-01
   3.0098100000000000e-01   9.9291600000000002e-01
   3.0490200000000001e-01   9.9325699999999995e-01
   3.0490200000000001e-01   9.9325699999999995e-01
   3.0882500000000002e-01   9.9358299999999999e-01
   3.0882500000000002e-01   9.9358299999999999e-01
   3.1274800000000003e-01   9.9389700000000003e-01
   3.1274800000000003e-01   9.9389700000000003e-01
   3.1667400000000001e-01   9.9419900000000005e-01
   3.1667400000000001e-01   9.9419900000000005e-01
   3.2060000000000000e-01   9.9448999999999999e-01
   3.2060000000000000e-01   9.9448999999999999e-01
   3.2452700000000001e-01   9.9477199999999999e-01
   3.2452700000000001e-01   9.9477199999999999e-01
   3.2845500000000000e-01   9.9504499999999996e-01
   3.2845500000000000e-01   9.9504499999999996e-01
   3.3238400000000001e-01   9.9531099999999995e-01
   3.3238400000000001e-01   9.9531099999999995e-01
   3.3631400000000000e-01   9.9556900000000004e-01
   3.3631400000000000e-01   9.9556900000000004e-01
   3.4024399999999999e-01   9.9582000000000004e-01
   3.4024399999999999e-01   9.9582000000000004e-01
   3.4417500000000001e-01   9.9606600000000001e-01
   3.4417500000000001e-01   9.9606600000000001e-01
   3.4810700000000000e-01   9.9630500000000000e-01
   3.4810700000000000e-01   9.9630500000000000e-01
   3.5204000000000002e-01   9.9653899999999995e-01
   3.5204000000000002e-01   9.9653899999999995e-01
   3.5597299999999998e-01   9.9676799999999999e-01
   3.5597299999999998e-01   9.9676799999999999e-01
   3.5990699999999998e-01   9.9699199999999999e-01
   3.5990699999999998e-01   9.9699199999999999e-01
   3.6384200000000000e-01   9.9721099999999996e-01
   3.6384200000000000e-01   9.9721099999999996e-01
   3.6777700000000002e-01   9.9742500000000001e-01
   3.6777700000000002e-01   9.9742500000000001e-01
   3.7171300000000002e-01   9.9763500000000005e-01
   3.7171300000000002e-01   9.9763500000000005e-01
   3.7564900000000001e-01   9.9783900000000003e-01
   3.7564900000000001e-01   9.9783900000000003e-01
   3.7958599999999998e-01   9.9803900000000001e-01
   3.7958599999999998e-01   9.9803900000000001e-01
   3.8352399999999998e-01   9.9823399999999995e-01
   3.8352399999999998e-01   9.9823399999999995e-01
   3.8746199999999997e-01   9.9842500000000001e-01
   3.8746199999999997e-01   9.9842500000000001e-01
   3.9140100000000000e-01   9.9861000000000000e-01
   3.9140100000000000e-01   9.9861000000000000e-01
   3.9534000000000002e-01   9.9879099999999998e-01
   3.9534000000000002e-01   9.9879099999999998e-01
   3.9928100000000000e-01   9.9896600000000002e-01
   3.9928100000000000e-01   9.9896600000000002e-01
   4.0322100000000000e-01   9.9913600000000002e-01
   4.0322100000000000e-01   9.9913600000000002e-01
   4.0716200000000002e-01   9.9930099999999999e-01
   4.0716200000000002e-01   9.9930099999999999e-01
   4.1110400000000002e-01   9.9946000000000002e-01
   4.1110400000000002e-01   9.9946000000000002e-01
   4.1504600000000003e-01   9.9961299999999997e-01
   4.1504600000000003e-01   9.9961299999999997e-01
   4.1898900000000000e-01   9.9976100000000001e-01
   4.1898900000000000e-01   9.9976100000000001e-01
   4.2293199999999997e-01   9.9990299999999999e-01
   4.2293199999999997e-01   9.9990299999999999e-01
   4.2687599999999998e-01   1.0000400000000000e+00
   4.2687599999999998e-01   1.0000400000000000e+00
   4.3081999999999998e-01   1.0001700000000000e+00
   4.3081999999999998e-01   1.0001700000000000e+00
   4.3476399999999998e-01   1.0002899999999999e+00
   4.3476399999999998e-01   1.0002899999999999e+00
   4.3870999999999999e-01   1.0004100000000000e+00
   4.3870999999999999e-01   1.0004100000000000e+00
   4.4265500000000002e-01   1.0005200000000001e+00
   4.4265500000000002e-01   1.0005200000000001e+00
   4.4660100000000003e-01   1.0006200000000001e+00
   4.4660100000000003e-01   1.0006200000000001e+00
   4.5054699999999998e-01   1.0007200000000001e+00
   4.5054699999999998e-01   1.0007200000000001e+00
   4.5449400000000001e-01   1.0008100000000000e+00
   4.5449400000000001e-01   1.0008100000000000e+00
   4.5844099999999999e-01   1.0008900000000001e+00
   4.5844099999999999e-01   1.0008900000000001e+00
   4.6238800000000002e-01   1.0009699999999999e+00
   4.6238800000000002e-01   1.0009699999999999e+00
   4.6633599999999997e-01   1.0010300000000001e+00
   4.6633599999999997e-01   1.0010300000000001e+00
   4.7028399999999998e-01   1.0010900000000000e+00
   4.7028399999999998e-01   1.0010900000000000e+00
   4.7423199999999999e-01   1.0011500000000000e+00
   4.7423199999999999e-01   1.0011500000000000e+00
   4.7817999999999999e-01   1.0011900000000000e+00
   4.7817999999999999e-01   1.0011900000000000e+00
   4.8212800000000000e-01   1.0012300000000001e+00
   4.8212800000000000e-01   1.0012300000000001e+00
   4.8607699999999998e-01   1.0012600000000000e+00
   4.8607699999999998e-01   1.0012600000000000e+00
   4.9002600000000002e-01   1.0012900000000000e+00
   4.9002600000000002e-01   1.0012900000000000e+00
   4.9397400000000002e-01   1.0013000000000001e+00
   4.9397400000000002e-01   1.0013000000000001e+00
   4.9792300000000000e-01   1.0013099999999999e+00
   4.9792300000000000e-01   1.0013099999999999e+00
   5.0187199999999998e-01   1.0013099999999999e+00
   5.0187199999999998e-01   1.0013099999999999e+00
   5.0582000000000005e-01   1.0013000000000001e+00
   5.0582000000000005e-01   1.0013000000000001e+00
   5.0976900000000003e-01   1.0012900000000000e+00
   5.0976900000000003e-01   1.0012900000000000e+00
   5.1371800000000001e-01   1.0012600000000000e+00
   5.1371800000000001e-01   1.0012600000000000e+00
   5.1766599999999996e-01   1.0012300000000001e+00
   5.1766599999999996e-01   1.0012300000000001e+00
   5.2161500000000005e-01   1.0012000000000001e+00
   5.2161500000000005e-01   1.0012000000000001e+00
   5.2556300000000000e-01   1.0011500000000000e+00
   5.2556300000000000e-01   1.0011500000000000e+00
   5.2951099999999995e-01   1.0011000000000001e+00
   5.2951099999999995e-01   1.0011000000000001e+00
   5.3345900000000002e-01   1.0010399999999999e+00
   5.3345900000000002e-01   1.0010399999999999e+00
   5.3740600000000005e-01   1.0009699999999999e+00
   5.3740600000000005e-01   1.0009699999999999e+00
   5.4135299999999997e-01   1.0008900000000001e+00
   5.4135299999999997e-01   1.0008900000000001e+00
   5.4530000000000001e-01   1.0008100000000000e+00
   5.4530000000000001e-01   1.0008100000000000e+00
   5.4924700000000004e-01   1.0007200000000001e+00
   5.4924700000000004e-01   1.0007200000000001e+00
   5.5319300000000005e-01   1.0006299999999999e+00
   5.5319300000000005e-01   1.0006299999999999e+00
   5.5713900000000005e-01   1.0005200000000001e+00
   5.5713900000000005e-01   1.0005200000000001e+00
   5.6108499999999994e-01   1.0004100000000000e+00
   5.6108499999999994e-01   1.0004100000000000e+00
   5.6503000000000003e-01   1.0003000000000000e+00
   5.6503000000000003e-01   1.0003000000000000e+00
   5.6897399999999998e-01   1.0001800000000001e+00
   5.6897399999999998e-01   1.0001800000000001e+00
   5.7291899999999996e-01   1.0000500000000001e+00
   5.7291899999999996e-01   1.0000500000000001e+00
   5.7686199999999999e-01   9.9991099999999999e-01
   5.7686199999999999e-01   9.9991099999999999e-01
   5.8080500000000002e-01   9.9976900000000002e-01
   5.8080500000000002e-01   9.9976900000000002e-01
   5.8474800000000005e-01   9.9962200000000001e-01
   5.8474800000000005e-01   9.9962200000000001e-01
   5.8869000000000005e-01   9.9946900000000005e-01
   5.8869000000000005e-01   9.9946900000000005e-01
   5.9263200000000005e-01   9.9931000000000003e-01
   5.9263200000000005e-01   9.9931000000000003e-01
   5.9657300000000002e-01   9.9914599999999998e-01
   5.9657300000000002e-01   9.9914599999999998e-01
   6.0051399999999999e-01   9.9897599999999998e-01
   6.0051399999999999e-01   9.9897599999999998e-01
   6.0445400000000005e-01   9.9880100000000005e-01
   6.0445400000000005e-01   9.9880100000000005e-01
   6.0839299999999996e-01   9.9862099999999998e-01
   6.0839299999999996e-01   9.9862099999999998e-01
   6.1233199999999999e-01   9.9843599999999999e-01
   6.1233199999999999e-01   9.9843599999999999e-01
   6.1626999999999998e-01   9.9824599999999997e-01
   6.1626999999999998e-01   9.9824599999999997e-01
   6.2020799999999998e-01   9.9805100000000002e-01
   6.2020799999999998e-01   9.9805100000000002e-01
   6.2414499999999995e-01   9.9785100000000004e-01
   6.2414499999999995e-01   9.9785100000000004e-01
   6.2808200000000003e-01   9.9764699999999995e-01
   6.2808200000000003e-01   9.9764699999999995e-01
   6.3201700000000005e-01   9.9743800000000005e-01
   6.3201700000000005e-01   9.9743800000000005e-01
   6.3595299999999999e-01   9.9722400000000000e-01
   6.3595299999999999e-01   9.9722400000000000e-01
   6.3988699999999998e-01   9.9700500000000003e-01
   6.3988699999999998e-01   9.9700500000000003e-01
   6.4382099999999998e-01   9.9678100000000003e-01
   6.4382099999999998e-01   9.9678100000000003e-01
   6.4775499999999997e-01   9.9655300000000002e-01
   6.4775499999999997e-01   9.9655300000000002e-01
   6.5168700000000002e-01   9.9631899999999995e-01
   6.5168700000000002e-01   9.9631899999999995e-01
   6.5561899999999995e-01   9.9607999999999997e-01
   6.5561899999999995e-01   9.9607999999999997e-01
   6.5955100000000000e-01   9.9583500000000003e-01
   6.5955100000000000e-01   9.9583500000000003e-01
   6.6348099999999999e-01   9.9558400000000002e-01
   6.6348099999999999e-01   9.9558400000000002e-01
   6.6741099999999998e-01   9.9532600000000004e-01
   6.6741099999999998e-01   9.9532600000000004e-01
   6.7134000000000005e-01   9.9506099999999997e-01
   6.7134000000000005e-01   9.9506099999999997e-01
   6.7526799999999998e-01   9.9478800000000001e-01
   6.7526799999999998e-01   9.9478800000000001e-01
   6.7919499999999999e-01   9.9450700000000003e-01
   6.7919499999999999e-01   9.9450700000000003e-01
   6.8312099999999998e-01   9.9421599999999999e-01
   6.8312099999999998e-01   9.9421599999999999e-01
   6.8704699999999996e-01   9.9391499999999999e-01
   6.8704699999999996e-01   9.9391499999999999e-01
   6.9096999999999997e-01   9.9360199999999999e-01
   6.9096999999999997e-01   9.9360199999999999e-01
   6.9489299999999998e-01   9.9327600000000005e-01
   6.9489299999999998e-01   9.9327600000000005e-01
   6.9881400000000005e-01   9.9293600000000004e-01
   6.9881400000000005e-01   9.9293600000000004e-01
   7.0273399999999997e-01   9.9258000000000002e-01
   7.0273399999999997e-01   9.9258000000000002e-01
   7.0665199999999995e-01   9.9220699999999995e-01
   7.0665199999999995e-01   9.9220699999999995e-01
   7.1056699999999995e-01   9.9181299999999994e-01
   7.1056699999999995e-01   9.9181299999999994e-01
   7.1448000000000000e-01   9.9139800000000000e-01
   7.1448000000000000e-01   9.9139800000000000e-01
   7.1838900000000006e-01   9.9095900000000003e-01
   7.1838900000000006e-01   9.9095900000000003e-01
   7.2229600000000005e-01   9.9049299999999996e-01
   7.2229600000000005e-01   9.9049299999999996e-01
   7.2619900000000004e-01   9.8999700000000002e-01
   7.2619900000000004e-01   9.8999700000000002e-01
   7.3009700000000000e-01   9.8946800000000001e-01
   7.3009700000000000e-01   9.8946800000000001e-01
   7.3399099999999995e-01   9.8890299999999998e-01
   7.3399099999999995e-01   9.8890299999999998e-01
   7.3787700000000001e-01   9.8829800000000001e-01
   7.3787700000000001e-01   9.8829800000000001e-01
   7.4175700000000000e-01   9.8765000000000003e-01
   7.4175700000000000e-01   9.8765000000000003e-01
   7.4562700000000004e-01   9.8695299999999997e-01
   7.4562700000000004e-01   9.8695299999999997e-01
   7.4948800000000004e-01   9.8620399999999997e-01
   7.4948800000000004e-01   9.8620399999999997e-01
   7.5333799999999995e-01   9.8539699999999997e-01
   7.5333799999999995e-01   9.8539699999999997e-01
   7.5717199999999996e-01   9.8452899999999999e-01
   7.5717199999999996e-01   9.8452899999999999e-01
   7.6099099999999997e-01   9.8359200000000002e-01
   7.6099099999999997e-01   9.8359200000000002e-01
   7.6479299999999995e-01   9.8258000000000001e-01
   7.6479299999999995e-01   9.8258000000000001e-01
   7.6856899999999995e-01   9.8148999999999997e-01
   7.6856899999999995e-01   9.8148999999999997e-01
   7.7232100000000004e-01   9.8031100000000004e-01
   7.7232100000000004e-01   9.8031100000000004e-01
   7.7603999999999995e-01   9.7904100000000005e-01
   7.7603999999999995e-01   9.7904100000000005e-01
   7.7972500000000000e-01   9.7767000000000004e-01
   7.7972500000000000e-01   9.7767000000000004e-01
   7.8336899999999998e-01   9.7619000000000000e-01
   7.8336899999999998e-01   9.7619000000000000e-01
   7.8695999999999999e-01   9.7459700000000005e-01
   7.8695999999999999e-01   9.7459700000000005e-01
   7.9049800000000003e-01   9.7287900000000005e-01
   7.9049800000000003e-01   9.7287900000000005e-01
   7.9396599999999995e-01   9.7103399999999995e-01
   7.9396599999999995e-01   9.7103399999999995e-01
   7.9736099999999999e-01   9.6904699999999999e-01
   7.9736099999999999e-01   9.6904699999999999e-01
   8.0066199999999998e-01   9.6691899999999997e-01
   8.0066199999999998e-01   9.6691899999999997e-01
   8.0386599999999997e-01   9.6463699999999997e-01
   8.0386599999999997e-01   9.6463699999999997e-01
   8.0694600000000005e-01   9.6220099999999997e-01
   8.0694600000000005e-01   9.6220099999999997e-01
   8.0989699999999998e-01   9.5960400000000001e-01
   8.0989699999999998e-01   9.5960400000000001e-01
   8.1269499999999995e-01   9.5683700000000005e-01
   8.1269499999999995e-01   9.5683700000000005e-01
   8.1531699999999996e-01   9.5391199999999998e-01
   8.1531699999999996e-01   9.5391199999999998e-01
   8.1775299999999995e-01   9.5082000000000000e-01
   8.1775299999999995e-01   9.5082000000000000e-01
   8.1997299999999995e-01   9.4757800000000003e-01
   8.1997299999999995e-01   9.4757800000000003e-01
   8.2196999999999998e-01   9.4418700000000000e-01
   8.2196999999999998e-01   9.4418700000000000e-01
   8.2372199999999995e-01   9.4065699999999997e-01
   8.2372199999999995e-01   9.4065699999999997e-01
   8.2521699999999998e-01   9.3701699999999999e-01
   8.2521699999999998e-01   9.3701699999999999e-01
   8.2646100000000000e-01   9.3327099999999996e-01
   8.2646100000000000e-01   9.3327099999999996e-01
   8.2745199999999997e-01   9.2945699999999998e-01
   8.2745199999999997e-01   9.2945699999999998e-01
   8.2821199999999995e-01   9.2557900000000004e-01
   8.2821199999999995e-01   9.2557900000000004e-01
   8.2876099999999997e-01   9.2166999999999999e-01
   8.2876099999999997e-01   9.2166999999999999e-01
   8.2913199999999998e-01   9.1773199999999999e-01
   8.2913199999999998e-01   9.1773199999999999e-01
   8.2935700000000001e-01   9.1378499999999996e-01
   8.2935700000000001e-01   9.1378499999999996e-01
   8.2947499999999996e-01   9.0982900000000000e-01
   8.2947499999999996e-01   9.0982900000000000e-01
   8.2951500000000000e-01   9.0587399999999996e-01
   8.2951500000000000e-01   9.0587399999999996e-01
   8.2950199999999996e-01   9.0191900000000003e-01
   8.2950199999999996e-01   9.0191900000000003e-01
   8.2945199999999997e-01   8.9796399999999998e-01
   8.2945199999999997e-01   8.9796399999999998e-01
   8.2937899999999998e-01   8.9401100000000000e-01
   8.2937899999999998e-01   8.9401100000000000e-01
   8.2928999999999997e-01   8.9005800000000002e-01
   8.2928999999999997e-01   8.9005800000000002e-01
   8.2919399999999999e-01   8.8610599999999995e-01
   8.2919399999999999e-01   8.8610599999999995e-01
   8.2909299999999997e-01   8.8215500000000002e-01
   8.2909299999999997e-01   8.8215500000000002e-01
   8.2899100000000003e-01   8.7820299999999996e-01
   8.2899100000000003e-01   8.7820299999999996e-01
   8.2888899999999999e-01   8.7425200000000003e-01
   8.2888899999999999e-01   8.7425200000000003e-01
   8.2878799999999997e-01   8.7030099999999999e-01
   8.2878799999999997e-01   8.7030099999999999e-01
   8.2868900000000001e-01   8.6634999999999995e-01
   8.2868900000000001e-01   8.6634999999999995e-01
   8.2859300000000002e-01   8.6239800000000000e-01
   8.2859300000000002e-01   8.6239800000000000e-01
   8.2849899999999999e-01   8.5844699999999996e-01
   8.2849899999999999e-01   8.5844699999999996e-01
   8.2840700000000000e-01   8.5449600000000003e-01
   8.2840700000000000e-01   8.5449600000000003e-01
   8.2831800000000000e-01   8.5054500000000000e-01
   8.2831800000000000e-01   8.5054500000000000e-01
   8.2823100000000005e-01   8.4659300000000004e-01
   8.2823100000000005e-01   8.4659300000000004e-01
   8.2814600000000005e-01   8.4264200000000000e-01
   8.2814600000000005e-01   8.4264200000000000e-01
   8.2806299999999999e-01   8.3869099999999996e-01
   8.2806299999999999e-01   8.3869099999999996e-01
   8.2798099999999997e-01   8.3474000000000004e-01
   8.2798099999999997e-01   8.3474000000000004e-01
   8.2789999999999997e-01   8.3078900000000000e-01
   8.2789999999999997e-01   8.3078900000000000e-01
   8.2781899999999997e-01   8.2683899999999999e-01
   8.2781899999999997e-01   8.2683899999999999e-01
   8.2773799999999997e-01   8.2288799999999995e-01
   8.2773799999999997e-01   8.2288799999999995e-01
   8.2765699999999998e-01   8.1893800000000005e-01
   8.2765699999999998e-01   8.1893800000000005e-01
   8.2757300000000000e-01   8.1498899999999996e-01
   8.2757300000000000e-01   8.1498899999999996e-01
   8.2748699999999997e-01   8.1103999999999998e-01
   8.2748699999999997e-01   8.1103999999999998e-01
   8.2739700000000005e-01   8.0709100000000000e-01
   8.2739700000000005e-01   8.0709100000000000e-01
   8.2730199999999998e-01   8.0314300000000005e-01
   8.2730199999999998e-01   8.0314300000000005e-01
   8.2720000000000005e-01   7.9919600000000002e-01
   8.2720000000000005e-01   7.9919600000000002e-01
   8.2709100000000002e-01   7.9524899999999998e-01
   8.2709100000000002e-01   7.9524899999999998e-01
   8.2697299999999996e-01   7.9130400000000001e-01
   8.2697299999999996e-01   7.9130400000000001e-01
   8.2684500000000005e-01   7.8735900000000003e-01
   8.2684500000000005e-01   7.8735900000000003e-01
   8.2670600000000005e-01   7.8341600000000000e-01
   8.2670600000000005e-01   7.8341600000000000e-01
   8.2655500000000004e-01   7.7947299999999997e-01
   8.2655500000000004e-01   7.7947299999999997e-01
   8.2639200000000002e-01   7.7553200000000000e-01
   8.2639200000000002e-01   7.7553200000000000e-01
   8.2621599999999995e-01   7.7159100000000003e-01
   8.2621599999999995e-01   7.7159100000000003e-01
   8.2602600000000004e-01   7.6765300000000003e-01
   8.2602600000000004e-01   7.6765300000000003e-01
   8.2581800000000005e-01   7.6371500000000003e-01
   8.2581800000000005e-01   7.6371500000000003e-01
   8.2558399999999998e-01   7.5978000000000001e-01
   8.2558399999999998e-01   7.5978000000000001e-01
   8.2530899999999996e-01   7.5584899999999999e-01
   8.2530899999999996e-01   7.5584899999999999e-01
   8.2496499999999995e-01   7.5192999999999999e-01
   8.2496499999999995e-01   7.5192999999999999e-01
   8.2451500000000000e-01   7.4802199999999996e-01
   8.2451500000000000e-01   7.4802199999999996e-01
   8.2391400000000004e-01   7.4414899999999995e-01
   8.2391400000000004e-01   7.4414899999999995e-01
   8.2312200000000002e-01   7.4030899999999999e-01
   8.2312200000000002e-01   7.4030899999999999e-01
   8.2212799999999997e-01   7.3652300000000004e-01
   8.2212799999999997e-01   7.3652300000000004e-01
   8.2096100000000005e-01   7.3278699999999997e-01
   8.2096100000000005e-01   7.3278699999999997e-01
   8.1967299999999998e-01   7.2908099999999998e-01
   8.1967299999999998e-01   7.2908099999999998e-01
   8.1832499999999997e-01   7.2539100000000001e-01
   8.1832499999999997e-01   7.2539100000000001e-01
   8.1697399999999998e-01   7.2169899999999998e-01
   8.1697399999999998e-01   7.2169899999999998e-01
   8.1565500000000002e-01   7.1799199999999996e-01
   8.1565500000000002e-01   7.1799199999999996e-01
   8.1439200000000000e-01   7.1425799999999995e-01
   8.1439200000000000e-01   7.1425799999999995e-01
   8.1320599999999998e-01   7.1049700000000005e-01
   8.1320599999999998e-01   7.1049700000000005e-01
   8.1211000000000000e-01   7.0670200000000005e-01
   8.1211000000000000e-01   7.0670200000000005e-01
   8.1111500000000003e-01   7.0287999999999995e-01
   8.1111500000000003e-01   7.0287999999999995e-01
   8.1022899999999998e-01   6.9902600000000004e-01
   8.1022899999999998e-01   6.9902600000000004e-01
   8.0945500000000004e-01   6.9514100000000001e-01
   8.0945500000000004e-01   6.9514100000000001e-01
   8.0879900000000005e-01   6.9123599999999996e-01
   8.0879900000000005e-01   6.9123599999999996e-01
   8.0826399999999998e-01   6.8730500000000005e-01
   8.0826399999999998e-01   6.8730500000000005e-01
   8.0785499999999999e-01   6.8335999999999997e-01
   8.0785499999999999e-01   6.8335999999999997e-01
   8.0757800000000002e-01   6.7939499999999997e-01
   8.0757800000000002e-01   6.7939499999999997e-01
   8.0744199999999999e-01   6.7542599999999997e-01
   8.0744199999999999e-01   6.7542599999999997e-01
   8.0745999999999996e-01   6.7144999999999999e-01
   8.0745999999999996e-01   6.7144999999999999e-01
   8.0765100000000001e-01   6.6747199999999995e-01
   8.0765100000000001e-01   6.6747199999999995e-01
   8.0804799999999999e-01   6.6352100000000003e-01
   8.0804799999999999e-01   6.6352100000000003e-01
   8.0871599999999999e-01   6.5961700000000001e-01
   8.0871599999999999e-01   6.5961700000000001e-01
   8.0978499999999998e-01   6.5581900000000004e-01
   8.0978499999999998e-01   6.5581900000000004e-01
   8.1151499999999999e-01   6.5249100000000004e-01
   8.1151499999999999e-01   6.5249100000000004e-01
   8.1416800000000000e-01   6.5110699999999999e-01
   8.1416800000000000e-01   6.5110699999999999e-01
   8.1622700000000004e-01   6.5365700000000004e-01
   8.1622700000000004e-01   6.5365700000000004e-01
   8.1740299999999999e-01   6.5688800000000003e-01
   8.1740299999999999e-01   6.5688800000000003e-01
   8.1819200000000003e-01   6.6040100000000002e-01
   8.1819200000000003e-01   6.6040100000000002e-01
   8.1881499999999996e-01   6.6407300000000002e-01
   8.1881499999999996e-01   6.6407300000000002e-01
   8.1934200000000001e-01   6.6780399999999995e-01
   8.1934200000000001e-01   6.6780399999999995e-01
   8.1981000000000004e-01   6.7157800000000001e-01
   8.1981000000000004e-01   6.7157800000000001e-01
   8.2023900000000005e-01   6.7537800000000003e-01
   8.2023900000000005e-01   6.7537800000000003e-01
   8.2063900000000001e-01   6.7919799999999997e-01
   8.2063900000000001e-01   6.7919799999999997e-01
   8.2101700000000000e-01   6.8303300000000000e-01
   8.2101700000000000e-01   6.8303300000000000e-01
   8.2138000000000000e-01   6.8688000000000005e-01
   8.2138000000000000e-01   6.8688000000000005e-01
   8.2172999999999996e-01   6.9073700000000005e-01
   8.2172999999999996e-01   6.9073700000000005e-01
   8.2207200000000002e-01   6.9460200000000005e-01
   8.2207200000000002e-01   6.9460200000000005e-01
   8.2240800000000003e-01   6.9847400000000004e-01
   8.2240800000000003e-01   6.9847400000000004e-01
   8.2274199999999997e-01   7.0235099999999995e-01
   8.2274199999999997e-01   7.0235099999999995e-01
   8.2307699999999995e-01   7.0623300000000000e-01
   8.2307699999999995e-01   7.0623300000000000e-01
   8.2341799999999998e-01   7.1011700000000000e-01
   8.2341799999999998e-01   7.1011700000000000e-01
   8.2376899999999997e-01   7.1400500000000000e-01
   8.2376899999999997e-01   7.1400500000000000e-01
   8.2413099999999995e-01   7.1789199999999997e-01
   8.2413099999999995e-01   7.1789199999999997e-01
   8.2450999999999997e-01   7.2177899999999995e-01
   8.2450999999999997e-01   7.2177899999999995e-01
   8.2491199999999998e-01   7.2566699999999995e-01
   8.2491199999999998e-01   7.2566699999999995e-01
   8.2534099999999999e-01   7.2954699999999995e-01
   8.2534099999999999e-01   7.2954699999999995e-01
   8.2579599999999997e-01   7.3342200000000002e-01
   8.2579599999999997e-01   7.3342200000000002e-01
   8.2627300000000004e-01   7.3729100000000003e-01
   8.2627300000000004e-01   7.3729100000000003e-01
   8.2675600000000005e-01   7.4115500000000001e-01
   8.2675600000000005e-01   7.4115500000000001e-01
   8.2722600000000002e-01   7.4502299999999999e-01
   8.2722600000000002e-01   7.4502299999999999e-01
   8.2766499999999998e-01   7.4889700000000003e-01
   8.2766499999999998e-01   7.4889700000000003e-01
   8.2806100000000005e-01   7.5277799999999995e-01
   8.2806100000000005e-01   7.5277799999999995e-01
   8.2841200000000004e-01   7.5666599999999995e-01
   8.2841200000000004e-01   7.5666599999999995e-01
   8.2872000000000001e-01   7.6055799999999996e-01
   8.2872000000000001e-01   7.6055799999999996e-01
   8.2899100000000003e-01   7.6445700000000005e-01
   8.2899100000000003e-01   7.6445700000000005e-01
   8.2923300000000000e-01   7.6835699999999996e-01
   8.2923300000000000e-01   7.6835699999999996e-01
   8.2945000000000002e-01   7.7226200000000000e-01
   8.2945000000000002e-01   7.7226200000000000e-01
   8.2964800000000005e-01   7.7616700000000005e-01
   8.2964800000000005e-01   7.7616700000000005e-01
   8.2983099999999999e-01   7.8007599999999999e-01
   8.2983099999999999e-01   7.8007599999999999e-01
   8.3000200000000002e-01   7.8398599999999996e-01
   8.3000200000000002e-01   7.8398599999999996e-01
   8.3016199999999996e-01   7.8789699999999996e-01
   8.3016199999999996e-01   7.8789699999999996e-01
   8.3031500000000003e-01   7.9181000000000001e-01
   8.3031500000000003e-01   7.9181000000000001e-01
   8.3045999999999998e-01   7.9572399999999999e-01
   8.3045999999999998e-01   7.9572399999999999e-01
   8.3060100000000003e-01   7.9963899999999999e-01
   8.3060100000000003e-01   7.9963899999999999e-01
   8.3073699999999995e-01   8.0355500000000002e-01
   8.3073699999999995e-01   8.0355500000000002e-01
   8.3087000000000000e-01   8.0747100000000005e-01
   8.3087000000000000e-01   8.0747100000000005e-01
   8.3100099999999999e-01   8.1138900000000003e-01
   8.3100099999999999e-01   8.1138900000000003e-01
   8.3113099999999995e-01   8.1530700000000000e-01
   8.3113099999999995e-01   8.1530700000000000e-01
   8.3126100000000003e-01   8.1922600000000001e-01
   8.3126100000000003e-01   8.1922600000000001e-01
   8.3139200000000002e-01   8.2314500000000002e-01
   8.3139200000000002e-01   8.2314500000000002e-01
   8.3152300000000001e-01   8.2706500000000005e-01
   8.3152300000000001e-01   8.2706500000000005e-01
   8.3165599999999995e-01   8.3098399999999994e-01
   8.3165599999999995e-01   8.3098399999999994e-01
   8.3179099999999995e-01   8.3490500000000001e-01
   8.3179099999999995e-01   8.3490500000000001e-01
   8.3192800000000000e-01   8.3882500000000004e-01
   8.3192800000000000e-01   8.3882500000000004e-01
   8.3206700000000000e-01   8.4274600000000000e-01
   8.3206700000000000e-01   8.4274600000000000e-01
   8.3220899999999998e-01   8.4666699999999995e-01
   8.3220899999999998e-01   8.4666699999999995e-01
   8.3235499999999996e-01   8.5058800000000001e-01
   8.3235499999999996e-01   8.5058800000000001e-01
   8.3250299999999999e-01   8.5450999999999999e-01
   8.3250299999999999e-01   8.5450999999999999e-01
   8.3265400000000001e-01   8.5843100000000006e-01
   8.3265400000000001e-01   8.5843100000000006e-01
   8.3280799999999999e-01   8.6235300000000004e-01
   8.3280799999999999e-01   8.6235300000000004e-01
   8.3296499999999996e-01   8.6627500000000002e-01
   8.3296499999999996e-01   8.6627500000000002e-01
   8.3312500000000000e-01   8.7019700000000000e-01
   8.3312500000000000e-01   8.7019700000000000e-01
   8.3328800000000003e-01   8.7411899999999998e-01
   8.3328800000000003e-01   8.7411899999999998e-01
   8.3345400000000003e-01   8.7804199999999999e-01
   8.3345400000000003e-01   8.7804199999999999e-01
   8.3362300000000000e-01   8.8196399999999997e-01
   8.3362300000000000e-01   8.8196399999999997e-01
   8.3379700000000001e-01   8.8588699999999998e-01
   8.3379700000000001e-01   8.8588699999999998e-01
   8.3397500000000002e-01   8.8980999999999999e-01
   8.3397500000000002e-01   8.8980999999999999e-01
   8.3415600000000001e-01   8.9373300000000000e-01
   8.3415600000000001e-01   8.9373300000000000e-01
   8.3434200000000003e-01   8.9765600000000001e-01
   8.3434200000000003e-01   8.9765600000000001e-01
   8.3453500000000003e-01   9.0157900000000002e-01
   8.3453500000000003e-01   9.0157900000000002e-01
   8.3473500000000000e-01   9.0550200000000003e-01
   8.3473500000000000e-01   9.0550200000000003e-01
   8.3494400000000002e-01   9.0942500000000004e-01
   8.3494400000000002e-01   9.0942500000000004e-01
   8.3516299999999999e-01   9.1334599999999999e-01
   8.3516299999999999e-01   9.1334599999999999e-01
   8.3539300000000005e-01   9.1726200000000002e-01
   8.3539300000000005e-01   9.1726200000000002e-01
   8.3563699999999996e-01   9.2117700000000002e-01
   8.3563699999999996e-01   9.2117700000000002e-01
   8.3589000000000002e-01   9.2508699999999999e-01
   8.3589000000000002e-01   9.2508699999999999e-01
   8.3614900000000003e-01   9.2899399999999999e-01
   8.3614900000000003e-01   9.2899399999999999e-01
   8.3640899999999996e-01   9.3289699999999998e-01
   8.3640899999999996e-01   9.3289699999999998e-01
   8.3666600000000002e-01   9.3679999999999997e-01
   8.3666600000000002e-01   9.3679999999999997e-01
   8.3691199999999999e-01   9.4069999999999998e-01
   8.3691199999999999e-01   9.4069999999999998e-01
   8.3714200000000005e-01   9.4460100000000002e-01
   8.3714200000000005e-01   9.4460100000000002e-01
   8.3735000000000004e-01   9.4850199999999996e-01
   8.3735000000000004e-01   9.4850199999999996e-01
   8.3753100000000003e-01   9.5240499999999995e-01
   8.3753100000000003e-01   9.5240499999999995e-01
   8.3768200000000004e-01   9.5630999999999999e-01
   8.3768200000000004e-01   9.5630999999999999e-01
   8.3779899999999996e-01   9.6021699999999999e-01
   8.3779899999999996e-01   9.6021699999999999e-01
   8.3787999999999996e-01   9.6412699999999996e-01
   8.3787999999999996e-01   9.6412699999999996e-01
   8.3792299999999997e-01   9.6803899999999998e-01
   8.3792299999999997e-01   9.6803899999999998e-01
   8.3792699999999998e-01   9.7195399999999998e-01
   8.3792699999999998e-01   9.7195399999999998e-01
   8.3789000000000002e-01   9.7587000000000002e-01
   8.3789000000000002e-01   9.7587000000000002e-01
   8.3781300000000003e-01   9.7978799999999999e-01
   8.3781300000000003e-01   9.7978799999999999e-01
   8.3769499999999997e-01   9.8370800000000003e-01
   8.3769499999999997e-01   9.8370800000000003e-01
   8.3753599999999995e-01   9.8762799999999995e-01
   8.3753599999999995e-01   9.8762799999999995e-01
   8.3733700000000000e-01   9.9155099999999996e-01
   8.3733700000000000e-01   9.9155099999999996e-01
   8.3709699999999998e-01   9.9547099999999999e-01
   8.3709699999999998e-01   9.9547099999999999e-01
   8.3681799999999995e-01   9.9939400000000000e-01
   8.3681799999999995e-01   9.9939400000000000e-01
   8.3649899999999999e-01   1.0033099999999999e+00
   8.3649899999999999e-01   1.0033099999999999e+00
   8.3614100000000002e-01   1.0072300000000001e+00
   8.3614100000000002e-01   1.0072300000000001e+00
   8.3574499999999996e-01   1.0111500000000000e+00
   8.3574499999999996e-01   1.0111500000000000e+00
   8.3531100000000003e-01   1.0150699999999999e+00
   8.3531100000000003e-01   1.0150699999999999e+00
   8.3484000000000003e-01   1.0189800000000000e+00
   8.3484000000000003e-01   1.0189800000000000e+00
   8.3433199999999996e-01   1.0228999999999999e+00
   8.3433199999999996e-01   1.0228999999999999e+00
   8.3378699999999994e-01   1.0267999999999999e+00
   8.3378699999999994e-01   1.0267999999999999e+00
   8.3320700000000003e-01   1.0307100000000000e+00
   8.3320700000000003e-01   1.0307100000000000e+00
   8.3259099999999997e-01   1.0346100000000000e+00
   8.3259099999999997e-01   1.0346100000000000e+00
   8.3194000000000001e-01   1.0385100000000000e+00
   8.3194000000000001e-01   1.0385100000000000e+00
   8.3125400000000005e-01   1.0424000000000000e+00
   8.3125400000000005e-01   1.0424000000000000e+00
   8.3053399999999999e-01   1.0462899999999999e+00
   8.3053399999999999e-01   1.0462899999999999e+00
   8.2978099999999999e-01   1.0501799999999999e+00
   8.2978099999999999e-01   1.0501799999999999e+00
   8.2899299999999998e-01   1.0540600000000000e+00
   8.2899299999999998e-01   1.0540600000000000e+00
   8.2817200000000002e-01   1.0579300000000000e+00
   8.2817200000000002e-01   1.0579300000000000e+00
   8.2731800000000000e-01   1.0617900000000000e+00
   8.2731800000000000e-01   1.0617900000000000e+00
   8.2643000000000000e-01   1.0656600000000001e+00
   8.2643000000000000e-01   1.0656600000000001e+00
   8.2550999999999997e-01   1.0695100000000000e+00
   8.2550999999999997e-01   1.0695100000000000e+00
   8.2455800000000001e-01   1.0733600000000001e+00
   8.2455800000000001e-01   1.0733600000000001e+00
   8.2357199999999997e-01   1.0771999999999999e+00
   8.2357199999999997e-01   1.0771999999999999e+00
   8.2255500000000004e-01   1.0810299999999999e+00
   8.2255500000000004e-01   1.0810299999999999e+00
   8.2150500000000004e-01   1.0848599999999999e+00
   8.2150500000000004e-01   1.0848599999999999e+00
   8.2042300000000001e-01   1.0886700000000000e+00
   8.2042300000000001e-01   1.0886700000000000e+00
   8.1930800000000004e-01   1.0924799999999999e+00
   8.1930800000000004e-01   1.0924799999999999e+00
   8.1816199999999994e-01   1.0962799999999999e+00
   8.1816199999999994e-01   1.0962799999999999e+00
   8.1698400000000004e-01   1.1000700000000001e+00
   8.1698400000000004e-01   1.1000700000000001e+00
   8.1577299999999997e-01   1.1038500000000000e+00
   8.1577299999999997e-01   1.1038500000000000e+00
   8.1453100000000001e-01   1.1076299999999999e+00
   8.1453100000000001e-01   1.1076299999999999e+00
   8.1325700000000001e-01   1.1113900000000001e+00
   8.1325700000000001e-01   1.1113900000000001e+00
   8.1194999999999995e-01   1.1151400000000000e+00
   8.1194999999999995e-01   1.1151400000000000e+00
   8.1061099999999997e-01   1.1188800000000001e+00
   8.1061099999999997e-01   1.1188800000000001e+00
   8.0923900000000004e-01   1.1226100000000001e+00
   8.0923900000000004e-01   1.1226100000000001e+00
   8.0783600000000000e-01   1.1263200000000000e+00
   8.0783600000000000e-01   1.1263200000000000e+00
   8.0639899999999998e-01   1.1300300000000001e+00
   8.0639899999999998e-01   1.1300300000000001e+00
   8.0493099999999995e-01   1.1337200000000001e+00
   8.0493099999999995e-01   1.1337200000000001e+00
   8.0342899999999995e-01   1.1374000000000000e+00
   8.0342899999999995e-01   1.1374000000000000e+00
   8.0189600000000005e-01   1.1410700000000000e+00
   8.0189600000000005e-01   1.1410700000000000e+00
   8.0032899999999996e-01   1.1447200000000000e+00
   8.0032899999999996e-01   1.1447200000000000e+00
   7.9872900000000002e-01   1.1483600000000000e+00
   7.9872900000000002e-01   1.1483600000000000e+00
   7.9709700000000006e-01   1.1519900000000001e+00
   7.9709700000000006e-01   1.1519900000000001e+00
   7.9543100000000000e-01   1.1556000000000000e+00
   7.9543100000000000e-01   1.1556000000000000e+00
   7.9373199999999999e-01   1.1591899999999999e+00
   7.9373199999999999e-01   1.1591899999999999e+00
   7.9200000000000004e-01   1.1627700000000001e+00
   7.9200000000000004e-01   1.1627700000000001e+00
   7.9023399999999999e-01   1.1663399999999999e+00
   7.9023399999999999e-01   1.1663399999999999e+00
   7.8843600000000003e-01   1.1698800000000000e+00
   7.8843600000000003e-01   1.1698800000000000e+00
   7.8660300000000005e-01   1.1734100000000001e+00
   7.8660300000000005e-01   1.1734100000000001e+00
   7.8473599999999999e-01   1.1769300000000000e+00
   7.8473599999999999e-01   1.1769300000000000e+00
   7.8283599999999998e-01   1.1804200000000000e+00
   7.8283599999999998e-01   1.1804200000000000e+00
   7.8090199999999999e-01   1.1839000000000000e+00
   7.8090199999999999e-01   1.1839000000000000e+00
   7.7893299999999999e-01   1.1873600000000000e+00
   7.7893299999999999e-01   1.1873600000000000e+00
   7.7693100000000004e-01   1.1907900000000000e+00
   7.7693100000000004e-01   1.1907900000000000e+00
   7.7489500000000000e-01   1.1942100000000000e+00
   7.7489500000000000e-01   1.1942100000000000e+00
   7.7282399999999996e-01   1.1976100000000001e+00
   7.7282399999999996e-01   1.1976100000000001e+00
   7.7071900000000004e-01   1.2009799999999999e+00
   7.7071900000000004e-01   1.2009799999999999e+00
   7.6857900000000001e-01   1.2043400000000000e+00
   7.6857900000000001e-01   1.2043400000000000e+00
   7.6640600000000003e-01   1.2076700000000000e+00
   7.6640600000000003e-01   1.2076700000000000e+00
   7.6419800000000004e-01   1.2109799999999999e+00
   7.6419800000000004e-01   1.2109799999999999e+00
   7.6195500000000005e-01   1.2142700000000000e+00
   7.6195500000000005e-01   1.2142700000000000e+00
   7.5967799999999996e-01   1.2175300000000000e+00
   7.5967799999999996e-01   1.2175300000000000e+00
   7.5736599999999998e-01   1.2207699999999999e+00
   7.5736599999999998e-01   1.2207699999999999e+00
   7.5501900000000000e-01   1.2239800000000001e+00
   7.5501900000000000e-01   1.2239800000000001e+00
   7.5263899999999995e-01   1.2271700000000001e+00
   7.5263899999999995e-01   1.2271700000000001e+00
   7.5022299999999997e-01   1.2303400000000000e+00
   7.5022299999999997e-01   1.2303400000000000e+00
   7.4777400000000005e-01   1.2334700000000001e+00
   7.4777400000000005e-01   1.2334700000000001e+00
   7.4529000000000001e-01   1.2365800000000000e+00
   7.4529000000000001e-01   1.2365800000000000e+00
   7.4277099999999996e-01   1.2396600000000000e+00
   7.4277099999999996e-01   1.2396600000000000e+00
   7.4021899999999996e-01   1.2427200000000000e+00
   7.4021899999999996e-01   1.2427200000000000e+00
   7.3763299999999998e-01   1.2457400000000001e+00
   7.3763299999999998e-01   1.2457400000000001e+00
   7.3501200000000000e-01   1.2487400000000000e+00
   7.3501200000000000e-01   1.2487400000000000e+00
   7.3235799999999995e-01   1.2517000000000000e+00
   7.3235799999999995e-01   1.2517000000000000e+00
   7.2967000000000004e-01   1.2546400000000000e+00
   7.2967000000000004e-01   1.2546400000000000e+00
   7.2694899999999996e-01   1.2575400000000001e+00
   7.2694899999999996e-01   1.2575400000000001e+00
   7.2419400000000000e-01   1.2604100000000000e+00
   7.2419400000000000e-01   1.2604100000000000e+00
   7.2140599999999999e-01   1.2632500000000000e+00
   7.2140599999999999e-01   1.2632500000000000e+00
   7.1858599999999995e-01   1.2660600000000000e+00
   7.1858599999999995e-01   1.2660600000000000e+00
   7.1573100000000001e-01   1.2688400000000000e+00
   7.1573100000000001e-01   1.2688400000000000e+00
   7.1284599999999998e-01   1.2715799999999999e+00
   7.1284599999999998e-01   1.2715799999999999e+00
   7.0992599999999995e-01   1.2742800000000001e+00
   7.0992599999999995e-01   1.2742800000000001e+00
   7.0697699999999997e-01   1.2769500000000000e+00
   7.0697699999999997e-01   1.2769500000000000e+00
   7.0399500000000004e-01   1.2795900000000000e+00
   7.0399500000000004e-01   1.2795900000000000e+00
   7.0098000000000005e-01   1.2821899999999999e+00
   7.0098000000000005e-01   1.2821899999999999e+00
   6.9793600000000000e-01   1.2847500000000001e+00
   6.9793600000000000e-01   1.2847500000000001e+00
   6.9486099999999995e-01   1.2872800000000000e+00
   6.9486099999999995e-01   1.2872800000000000e+00
   6.9175399999999998e-01   1.2897700000000001e+00
   6.9175399999999998e-01   1.2897700000000001e+00
   6.8861799999999995e-01   1.2922199999999999e+00
   6.8861799999999995e-01   1.2922199999999999e+00
   6.8545100000000003e-01   1.2946299999999999e+00
   6.8545100000000003e-01   1.2946299999999999e+00
   6.8225499999999994e-01   1.2970100000000000e+00
   6.8225499999999994e-01   1.2970100000000000e+00
   6.7903100000000005e-01   1.2993399999999999e+00
   6.7903100000000005e-01   1.2993399999999999e+00
   6.7577600000000004e-01   1.3016300000000001e+00
   6.7577600000000004e-01   1.3016300000000001e+00
   6.7249400000000004e-01   1.3038799999999999e+00
   6.7249400000000004e-01   1.3038799999999999e+00
   6.6918299999999997e-01   1.3061000000000000e+00
   6.6918299999999997e-01   1.3061000000000000e+00
   6.6584600000000005e-01   1.3082700000000000e+00
   6.6584600000000005e-01   1.3082700000000000e+00
   6.6248099999999999e-01   1.3103899999999999e+00
   6.6248099999999999e-01   1.3103899999999999e+00
   6.5909099999999998e-01   1.3124800000000001e+00
   6.5909099999999998e-01   1.3124800000000001e+00
   6.5567299999999995e-01   1.3145199999999999e+00
   6.5567299999999995e-01   1.3145199999999999e+00
   6.5223100000000001e-01   1.3165199999999999e+00
   6.5223100000000001e-01   1.3165199999999999e+00
   6.4876199999999995e-01   1.3184800000000001e+00
   6.4876199999999995e-01   1.3184800000000001e+00
   6.4527100000000004e-01   1.3203900000000000e+00
   6.4527100000000004e-01   1.3203900000000000e+00
   6.4175499999999996e-01   1.3222600000000000e+00
   6.4175499999999996e-01   1.3222600000000000e+00
   6.3821399999999995e-01   1.3240799999999999e+00
   6.3821399999999995e-01   1.3240799999999999e+00
   6.3465099999999997e-01   1.3258500000000000e+00
   6.3465099999999997e-01   1.3258500000000000e+00
   6.3106700000000004e-01   1.3275800000000000e+00
   6.3106700000000004e-01   1.3275800000000000e+00
   6.2745899999999999e-01   1.3292700000000000e+00
   6.2745899999999999e-01   1.3292700000000000e+00
   6.2383100000000002e-01   1.3309100000000000e+00
   6.2383100000000002e-01   1.3309100000000000e+00
   6.2018099999999998e-01   1.3325000000000000e+00
   6.2018099999999998e-01   1.3325000000000000e+00
   6.1651199999999995e-01   1.3340500000000000e+00
   6.1651199999999995e-01   1.3340500000000000e+00
   6.1282199999999998e-01   1.3355399999999999e+00
   6.1282199999999998e-01   1.3355399999999999e+00
   6.0911400000000004e-01   1.3369899999999999e+00
   6.0911400000000004e-01   1.3369899999999999e+00
   6.0538700000000001e-01   1.3384000000000000e+00
   6.0538700000000001e-01   1.3384000000000000e+00
   6.0164300000000004e-01   1.3397500000000000e+00
   6.0164300000000004e-01   1.3397500000000000e+00
   5.9787999999999997e-01   1.3410599999999999e+00
   5.9787999999999997e-01   1.3410599999999999e+00
   5.9410200000000002e-01   1.3423099999999999e+00
   5.9410200000000002e-01   1.3423099999999999e+00
   5.9030600000000000e-01   1.3435200000000000e+00
   5.9030600000000000e-01   1.3435200000000000e+00
   5.8649700000000005e-01   1.3446700000000000e+00
   5.8649700000000005e-01   1.3446700000000000e+00
   5.8267100000000005e-01   1.3457800000000000e+00
   5.8267100000000005e-01   1.3457800000000000e+00
   5.7883099999999998e-01   1.3468400000000000e+00
   5.7883099999999998e-01   1.3468400000000000e+00
   5.7498000000000005e-01   1.3478399999999999e+00
   5.7498000000000005e-01   1.3478399999999999e+00
   5.7111299999999998e-01   1.3488000000000000e+00
   5.7111299999999998e-01   1.3488000000000000e+00
   5.6723599999999996e-01   1.3497100000000000e+00
   5.6723599999999996e-01   1.3497100000000000e+00
   5.6334600000000001e-01   1.3505600000000000e+00
   5.6334600000000001e-01   1.3505600000000000e+00
   5.5944600000000000e-01   1.3513700000000000e+00
   5.5944600000000000e-01   1.3513700000000000e+00
   5.5553699999999995e-01   1.3521200000000000e+00
   5.5553699999999995e-01   1.3521200000000000e+00
   5.5161600000000000e-01   1.3528199999999999e+00
   5.5161600000000000e-01   1.3528199999999999e+00
   5.4768799999999995e-01   1.3534700000000000e+00
   5.4768799999999995e-01   1.3534700000000000e+00
   5.4375099999999998e-01   1.3540700000000001e+00
   5.4375099999999998e-01   1.3540700000000001e+00
   5.3980600000000001e-01   1.3546199999999999e+00
   5.3980600000000001e-01   1.3546199999999999e+00
   5.3585600000000000e-01   1.3551200000000001e+00
   5.3585600000000000e-01   1.3551200000000001e+00
   5.3189699999999995e-01   1.3555600000000001e+00
   5.3189699999999995e-01   1.3555600000000001e+00
   5.2793500000000004e-01   1.3559600000000001e+00
   5.2793500000000004e-01   1.3559600000000001e+00
   5.2396600000000004e-01   1.3563000000000001e+00
   5.2396600000000004e-01   1.3563000000000001e+00
   5.1999499999999999e-01   1.3565900000000000e+00
   5.1999499999999999e-01   1.3565900000000000e+00
   5.1602000000000003e-01   1.3568300000000000e+00
   5.1602000000000003e-01   1.3568300000000000e+00
   5.1204099999999997e-01   1.3570100000000000e+00
   5.1204099999999997e-01   1.3570100000000000e+00
   5.0806099999999998e-01   1.3571500000000001e+00
   5.0806099999999998e-01   1.3571500000000001e+00
   5.0407800000000003e-01   1.3572299999999999e+00
   5.0407800000000003e-01   1.3572299999999999e+00
   5.0009700000000001e-01   1.3572500000000001e+00
