0.000000000000000000e+00 7.607843279838562012e-01 1.372549086809158325e-01
7.843137383460998535e-01 4.117647111415863037e-01 9.019608050584793091e-02
9.725490212440490723e-01 2.627451121807098389e-01 3.294117748737335205e-01
4.901960790157318115e-01 7.254902124404907227e-01 1.000000000000000000e+00
4.705882444977760315e-02 9.058823585510253906e-01 6.862745285034179688e-01
3.137255012989044189e-01 6.862745285034179688e-01 1.000000000000000000e+00
6.039215922355651855e-01 8.549019694328308105e-01 4.862745106220245361e-01
5.960784554481506348e-01 8.235294222831726074e-01 4.313725605607032776e-02
3.098039329051971436e-01 5.176470875740051270e-01 9.176470637321472168e-01
2.274509817361831665e-01 7.333333492279052734e-01 6.156862974166870117e-01
1.000000000000000000e+00 3.019607961177825928e-01 2.117647081613540649e-01
8.352941274642944336e-01 3.843137323856353760e-01 2.117647081613540649e-01
7.294117808341979980e-01 2.078431397676467896e-01 1.803921610116958618e-01
8.117647171020507812e-01 6.313725709915161133e-01 3.372549116611480713e-01
4.235294163227081299e-01 5.450980663299560547e-01 4.196078479290008545e-01
2.666666805744171143e-01 9.411764740943908691e-01 4.627451002597808838e-01
6.470588445663452148e-01 1.000000000000000000e+00 2.941176593303680420e-01
5.921568870544433594e-01 2.901960909366607666e-01 8.392156958580017090e-01
9.607843160629272461e-01 5.176470875740051270e-01 5.411764979362487793e-01
2.352941185235977173e-01 2.000000029802322388e-01 6.980392336845397949e-01
1.000000000000000000e+00 2.901960909366607666e-01 2.352941185235977173e-01
9.725490212440490723e-01 8.705882430076599121e-01 1.921568661928176880e-01
2.039215713739395142e-01 9.254902005195617676e-01 1.960784345865249634e-01
3.686274588108062744e-01 3.921568691730499268e-01 9.803921580314636230e-01
7.254902124404907227e-01 6.509804129600524902e-01 9.098039269447326660e-01
1.000000000000000000e+00 8.666666746139526367e-01 6.745098233222961426e-01
7.098039388656616211e-01 5.254902243614196777e-01 1.647058874368667603e-01
8.627451211214065552e-02 6.745098233222961426e-01 9.764705896377563477e-01
4.666666686534881592e-01 9.647058844566345215e-01 2.352941222488880157e-02
4.274509847164154053e-01 9.764705896377563477e-01 8.392156958580017090e-01
8.000000119209289551e-01 8.980392217636108398e-01 8.117647171020507812e-01
7.450980693101882935e-02 4.666666686534881592e-01 8.000000119209289551e-01
9.921568632125854492e-01 6.392157077789306641e-01 1.568627506494522095e-01
9.372549057006835938e-01 3.058823645114898682e-01 6.823529601097106934e-01
9.725490212440490723e-01 8.235294371843338013e-02 8.784313797950744629e-01
3.333333432674407959e-01 3.490196168422698975e-01 5.372549295425415039e-01
2.980392277240753174e-01 7.882353067398071289e-01 8.588235378265380859e-01
8.784313797950744629e-01 4.705882370471954346e-01 8.588235378265380859e-01
2.117647081613540649e-01 1.764705926179885864e-01 7.686274647712707520e-01
1.372549086809158325e-01 6.039215922355651855e-01 7.725490331649780273e-01
8.745098114013671875e-01 3.450980484485626221e-01 7.450980544090270996e-01
6.941176652908325195e-01 6.078431606292724609e-01 2.705882489681243896e-01
6.509804129600524902e-01 3.764705955982208252e-01 5.882353186607360840e-01
4.000000059604644775e-01 8.313725590705871582e-01 6.666667014360427856e-02
8.941176533699035645e-01 5.607843399047851562e-01 7.058823853731155396e-02
7.529411911964416504e-01 7.058823704719543457e-01 6.509804129600524902e-01
6.980392336845397949e-01 9.450980424880981445e-01 2.941176593303680420e-01
3.137255087494850159e-02 9.843137264251708984e-01 3.176470696926116943e-01
7.921568751335144043e-01 3.960784375667572021e-01 0.000000000000000000e+00
8.156862854957580566e-01 1.921568661928176880e-01 3.529411926865577698e-02
8.666666746139526367e-01 3.843137323856353760e-01 1.960784383118152618e-02
8.627451211214065552e-02 8.470588326454162598e-01 3.176470696926116943e-01
2.078431397676467896e-01 7.019608020782470703e-01 8.627451062202453613e-01
1.000000000000000000e+00 9.333333373069763184e-01 0.000000000000000000e+00
7.058823704719543457e-01 7.921568751335144043e-01 0.000000000000000000e+00
4.823529422283172607e-01 7.686274647712707520e-01 2.078431397676467896e-01
7.882353067398071289e-01 4.392156898975372314e-01 9.333333373069763184e-01
3.725490272045135498e-01 2.117647081613540649e-01 8.156862854957580566e-01
3.529411926865577698e-02 9.411764740943908691e-01 5.333333611488342285e-01
1.058823540806770325e-01 8.745098114013671875e-01 7.960784435272216797e-01
1.333333402872085571e-01 7.333333492279052734e-01 1.000000000000000000e+00
9.058823585510253906e-01 4.509803950786590576e-01 8.705882430076599121e-01
8.941176533699035645e-01 9.450980424880981445e-01 1.450980454683303833e-01
8.627451062202453613e-01 1.333333402872085571e-01 8.235294371843338013e-02
3.411764800548553467e-01 8.352941274642944336e-01 8.196078538894653320e-01
1.000000000000000000e+00 4.000000059604644775e-01 2.980392277240753174e-01
9.450980424880981445e-01 5.647059082984924316e-01 1.607843190431594849e-01
9.803921580314636230e-01 5.764706134796142578e-01 2.745098173618316650e-01
9.333333373069763184e-01 1.254902034997940063e-01 3.137255087494850159e-02
3.882353007793426514e-01 3.215686380863189697e-01 9.411764740943908691e-01
9.411764889955520630e-02 1.000000000000000000e+00 3.058823645114898682e-01
3.882353007793426514e-01 7.647058963775634766e-01 6.549019813537597656e-01
6.980392336845397949e-01 8.509804010391235352e-01 2.431372553110122681e-01
5.058823823928833008e-01 1.000000000000000000e+00 9.843137264251708984e-01
9.882352948188781738e-01 2.901960909366607666e-01 8.392156958580017090e-01
5.176470875740051270e-01 8.823529481887817383e-01 5.254902243614196777e-01
7.960784435272216797e-01 3.607843220233917236e-01 9.058823585510253906e-01
2.627451121807098389e-01 5.921568870544433594e-01 9.294117689132690430e-01
5.960784554481506348e-01 9.686274528503417969e-01 4.117647111415863037e-01
7.176470756530761719e-01 9.294117689132690430e-01 5.607843399047851562e-01
3.882353007793426514e-01 9.333333373069763184e-01 7.019608020782470703e-01
6.274510025978088379e-01 7.725490331649780273e-01 9.803921580314636230e-01
5.490196347236633301e-01 9.411764889955520630e-02 1.000000000000000000e+00
1.000000000000000000e+00 4.901960790157318115e-01 7.882353067398071289e-01
4.313725531101226807e-01 9.921568632125854492e-01 2.000000029802322388e-01
8.980392217636108398e-01 9.176470637321472168e-01 9.019607901573181152e-01
9.803921580314636230e-01 3.647058904170989990e-01 6.823529601097106934e-01
8.666666746139526367e-01 1.686274558305740356e-01 1.529411822557449341e-01
2.470588237047195435e-01 5.137255191802978516e-01 9.019607901573181152e-01
7.686274647712707520e-01 1.764705926179885864e-01 5.568627715110778809e-01
7.254902124404907227e-01 2.901960909366607666e-01 8.235294371843338013e-02
4.627451002597808838e-01 7.882353067398071289e-01 3.529411926865577698e-02
2.901960909366607666e-01 1.372549086809158325e-01 8.392156958580017090e-01
8.313725590705871582e-01 7.607843279838562012e-01 4.313725531101226807e-01
7.764706015586853027e-01 6.000000238418579102e-01 4.705882444977760315e-02
3.882353007793426514e-01 8.000000119209289551e-01 6.784313917160034180e-01
8.039215803146362305e-01 3.882353007793426514e-01 3.960784375667572021e-01
1.411764770746231079e-01 7.098039388656616211e-01 4.470588266849517822e-01
3.725490272045135498e-01 6.313725709915161133e-01 8.588235378265380859e-01
5.372549295425415039e-01 1.882352977991104126e-01 9.254902005195617676e-01
