7.843137718737125397e-03 7.764706015586853027e-01 1.490196138620376587e-01
7.647058963775634766e-01 4.156862795352935791e-01 8.627451211214065552e-02
9.490196108818054199e-01 2.549019753932952881e-01 3.254902064800262451e-01
4.901960790157318115e-01 7.254902124404907227e-01 1.000000000000000000e+00
4.313725605607032776e-02 9.019607901573181152e-01 6.823529601097106934e-01
3.215686380863189697e-01 6.862745285034179688e-01 1.000000000000000000e+00
6.078431606292724609e-01 8.588235378265380859e-01 4.901960790157318115e-01
5.882353186607360840e-01 8.117647171020507812e-01 2.352941222488880157e-02
2.941176593303680420e-01 5.019608139991760254e-01 9.019607901573181152e-01
2.196078449487686157e-01 7.333333492279052734e-01 6.117647290229797363e-01
1.000000000000000000e+00 3.058823645114898682e-01 2.156862765550613403e-01
8.352941274642944336e-01 3.843137323856353760e-01 2.117647081613540649e-01
7.333333492279052734e-01 2.117647081613540649e-01 1.843137294054031372e-01
7.960784435272216797e-01 6.313725709915161133e-01 3.333333432674407959e-01
7.647058963775634766e-01 9.647058844566345215e-01 7.960784435272216797e-01
2.588235437870025635e-01 9.411764740943908691e-01 4.588235318660736084e-01
6.431372761726379395e-01 1.000000000000000000e+00 2.901960909366607666e-01
6.000000238418579102e-01 2.980392277240753174e-01 8.470588326454162598e-01
9.529411792755126953e-01 5.098039507865905762e-01 5.333333611488342285e-01
2.352941185235977173e-01 2.000000029802322388e-01 6.980392336845397949e-01
1.000000000000000000e+00 2.901960909366607666e-01 2.352941185235977173e-01
9.529411792755126953e-01 8.666666746139526367e-01 1.568627506494522095e-01
2.039215713739395142e-01 9.254902005195617676e-01 1.960784345865249634e-01
3.686274588108062744e-01 3.921568691730499268e-01 9.803921580314636230e-01
7.215686440467834473e-01 6.431372761726379395e-01 9.215686321258544922e-01
1.000000000000000000e+00 8.627451062202453613e-01 6.745098233222961426e-01
7.098039388656616211e-01 5.254902243614196777e-01 1.647058874368667603e-01
8.235294371843338013e-02 6.705882549285888672e-01 9.725490212440490723e-01
4.666666686534881592e-01 9.647058844566345215e-01 2.352941222488880157e-02
4.000000059604644775e-01 9.607843160629272461e-01 7.921568751335144043e-01
7.882353067398071289e-01 8.862745165824890137e-01 8.000000119209289551e-01
7.450980693101882935e-02 4.666666686534881592e-01 8.000000119209289551e-01
9.882352948188781738e-01 6.352941393852233887e-01 1.529411822557449341e-01
9.254902005195617676e-01 2.980392277240753174e-01 6.745098233222961426e-01
9.725490212440490723e-01 8.235294371843338013e-02 8.784313797950744629e-01
4.039215743541717529e-01 4.588235318660736084e-01 7.450980544090270996e-01
2.862745225429534912e-01 7.764706015586853027e-01 8.470588326454162598e-01
8.705882430076599121e-01 4.627451002597808838e-01 8.509804010391235352e-01
2.117647081613540649e-01 1.764705926179885864e-01 7.686274647712707520e-01
1.411764770746231079e-01 6.117647290229797363e-01 7.568627595901489258e-01
8.745098114013671875e-01 3.450980484485626221e-01 7.450980544090270996e-01
6.941176652908325195e-01 6.078431606292724609e-01 2.705882489681243896e-01
7.882353067398071289e-01 4.274509847164154053e-01 7.215686440467834473e-01
3.960784375667572021e-01 8.274509906768798828e-01 6.274510174989700317e-02
8.980392217636108398e-01 5.647059082984924316e-01 7.450980693101882935e-02
7.490196228027343750e-01 7.019608020782470703e-01 6.470588445663452148e-01
6.784313917160034180e-01 9.254902005195617676e-01 2.745098173618316650e-01
3.137255087494850159e-02 9.843137264251708984e-01 3.176470696926116943e-01
8.039215803146362305e-01 4.078431427478790283e-01 0.000000000000000000e+00
7.725490331649780273e-01 2.313725501298904419e-01 4.705882444977760315e-02
8.666666746139526367e-01 3.843137323856353760e-01 1.960784383118152618e-02
7.450980693101882935e-02 8.666666746139526367e-01 3.254902064800262451e-01
2.549019753932952881e-01 7.098039388656616211e-01 9.098039269447326660e-01
1.000000000000000000e+00 9.450980424880981445e-01 3.921568859368562698e-03
7.176470756530761719e-01 7.882353067398071289e-01 0.000000000000000000e+00
4.862745106220245361e-01 7.803921699523925781e-01 2.235294133424758911e-01
7.529411911964416504e-01 4.196078479290008545e-01 9.254902005195617676e-01
3.803921639919281006e-01 2.078431397676467896e-01 8.235294222831726074e-01
0.000000000000000000e+00 9.607843160629272461e-01 5.058823823928833008e-01
1.019607856869697571e-01 8.627451062202453613e-01 8.313725590705871582e-01
1.490196138620376587e-01 7.490196228027343750e-01 1.000000000000000000e+00
9.019607901573181152e-01 4.431372582912445068e-01 8.627451062202453613e-01
9.019607901573181152e-01 9.568627476692199707e-01 1.372549086809158325e-01
8.588235378265380859e-01 1.294117718935012817e-01 8.235294371843338013e-02
3.529411852359771729e-01 8.470588326454162598e-01 8.313725590705871582e-01
1.000000000000000000e+00 4.039215743541717529e-01 3.019607961177825928e-01
9.254902005195617676e-01 5.450980663299560547e-01 1.411764770746231079e-01
1.000000000000000000e+00 5.647059082984924316e-01 2.823529541492462158e-01
9.333333373069763184e-01 1.254902034997940063e-01 3.137255087494850159e-02
3.921568691730499268e-01 3.254902064800262451e-01 9.450980424880981445e-01
9.411764889955520630e-02 1.000000000000000000e+00 3.058823645114898682e-01
3.960784375667572021e-01 7.647058963775634766e-01 6.588235497474670410e-01
6.941176652908325195e-01 8.470588326454162598e-01 2.549019753932952881e-01
5.058823823928833008e-01 1.000000000000000000e+00 9.843137264251708984e-01
9.960784316062927246e-01 2.980392277240753174e-01 8.470588326454162598e-01
5.176470875740051270e-01 8.823529481887817383e-01 5.254902243614196777e-01
8.000000119209289551e-01 3.647058904170989990e-01 9.176470637321472168e-01
2.627451121807098389e-01 5.803921818733215332e-01 9.019607901573181152e-01
5.843137502670288086e-01 9.882352948188781738e-01 3.882353007793426514e-01
7.333333492279052734e-01 9.450980424880981445e-01 6.000000238418579102e-01
3.764705955982208252e-01 9.529411792755126953e-01 6.784313917160034180e-01
6.274510025978088379e-01 7.725490331649780273e-01 9.803921580314636230e-01
5.372549295425415039e-01 8.235294371843338013e-02 9.882352948188781738e-01
1.000000000000000000e+00 4.901960790157318115e-01 7.647058963775634766e-01
4.431372582912445068e-01 1.000000000000000000e+00 2.156862765550613403e-01
8.980392217636108398e-01 9.176470637321472168e-01 9.019607901573181152e-01
9.764705896377563477e-01 3.843137323856353760e-01 7.019608020782470703e-01
8.784313797950744629e-01 1.725490242242813110e-01 1.764705926179885864e-01
2.627451121807098389e-01 4.901960790157318115e-01 8.705882430076599121e-01
7.686274647712707520e-01 1.764705926179885864e-01 5.568627715110778809e-01
7.254902124404907227e-01 2.901960909366607666e-01 8.235294371843338013e-02
5.019608139991760254e-01 8.784313797950744629e-01 1.176470611244440079e-02
2.901960909366607666e-01 1.372549086809158325e-01 8.392156958580017090e-01
8.313725590705871582e-01 7.607843279838562012e-01 4.313725531101226807e-01
7.921568751335144043e-01 6.156862974166870117e-01 6.274510174989700317e-02
3.803921639919281006e-01 7.960784435272216797e-01 7.098039388656616211e-01
8.156862854957580566e-01 3.294117748737335205e-01 3.372549116611480713e-01
1.411764770746231079e-01 7.098039388656616211e-01 4.470588266849517822e-01
3.725490272045135498e-01 6.313725709915161133e-01 8.588235378265380859e-01
5.411764979362487793e-01 1.921568661928176880e-01 9.294117689132690430e-01
