9.418419999999999570e-02
2.212250000000000050e-01
2.916850000000000276e-01
3.358990000000000031e-01
3.670169999999999821e-01
3.860859999999999848e-01
3.926740000000000230e-01
3.881530000000000258e-01
3.754290000000000127e-01
3.579129999999999812e-01
3.385580000000000256e-01
3.193079999999999807e-01
3.010289999999999910e-01
2.838089999999999780e-01
2.673749999999999738e-01
2.514190000000000036e-01
2.357319999999999971e-01
2.202280000000000071e-01
2.048909999999999898e-01
1.897300000000000098e-01
1.747519999999999907e-01
1.599540000000000128e-01
1.453250000000000097e-01
1.308489999999999931e-01
1.165090000000000015e-01
1.022860000000000019e-01
8.816590000000000538e-02
7.413150000000000295e-02
6.016760000000000164e-02
4.625859999999999694e-02
3.238939999999999875e-02
1.854549999999999949e-02
4.709370000000000049e-03
-9.142829999999999360e-03
-2.302389999999999992e-02
-3.695890000000000286e-02
-5.096500000000000336e-02
-6.506140000000000534e-02
-7.926729999999999887e-02
-9.360269999999999702e-02
-1.080880000000000035e-01
-1.227440000000000059e-01
-1.375919999999999921e-01
-1.526550000000000129e-01
-1.679569999999999952e-01
-1.835229999999999917e-01
-1.993870000000000087e-01
-2.155849999999999989e-01
-2.321590000000000042e-01
-2.491440000000000043e-01
-2.665429999999999744e-01
-2.842870000000000119e-01
-3.021829999999999794e-01
-3.199000000000000177e-01
-3.371219999999999772e-01
-3.541730000000000156e-01
-3.734000000000000097e-01
-4.004820000000000046e-01
-4.415970000000000173e-01
-4.911190000000000278e-01
-5.152020000000000488e-01
-4.538470000000000004e-01
-2.685449999999999782e-01
-4.187769999999999687e-02
