n er2 ek2 erm ekm ek2a ekma
0 0.7118481306863881 0.7586901334443641 3.3526258315258017 3.4327626751026745 1.7842162437501845 7.751072895096981
1 0.15869809611094896 0.18021261044214806 0.535584489828162 0.615721333405066 0.18497810742865126 0.5690710871380152
2 0.08256080694443747 0.10978813729605486 0.25652970099701067 0.24734763508747815 0.0912194888108964 0.32004575944320307
3 0.08109791077842916 0.059502127149873386 0.21955822593746865 0.21037616002793724 0.05222369634613236 0.23291700870516002
4 0.08512069121817402 0.048777861774518025 0.19257681751038458 0.1833947516008534 0.040811459958203566 0.20051378380941534
5 0.09153721100700148 0.04483610674915135 0.18240196261741037 0.17322739828150713 0.04147043498764369 0.1825020396972015
6 0.09147115491593956 0.041215536437947085 0.1619885425917057 0.152813978255804 0.040606197840548044 0.16200461100322805
7 0.08844419253081966 0.03779928276563886 0.14558896516206776 0.1364144008261663 0.03429399824630514 0.1489799366822796
8 0.08548642651332408 0.0380899460313354 0.12421780416523964 0.11504323982933795 0.03235854858172311 0.13075395738483653
9 0.08600952427806999 0.03621062818428921 0.11809225937575663 0.10891769503985493 0.034291963308402805 0.12394588755882424
10 0.08948540984276236 0.027642661691209422 0.10788865387350932 0.09839637286874314 0.025985062274318144 0.10937366543638212
11 0.0883426650859507 0.026228606301241384 0.1109849162088099 0.08166577684571319 0.02176186937022596 0.09373821972814242
12 0.08740887164667997 0.025146908246485286 0.11220141879311629 0.06733732110927448 0.018644229597681222 0.08026985199944353
13 0.08609541839783796 0.024804745471023893 0.11139080826054315 0.060769000698355446 0.018839686450118485 0.07505108405894982
14 0.08612787179740031 0.02399494201547938 0.11172395518451028 0.05208056428308794 0.01636350709270471 0.06621059940211074
15 0.08254323968521211 0.02569905665978691 0.10562045935949849 0.045719535565234004 0.016473754419627794 0.06362806070020481
16 0.07914229516105165 0.027978444022163543 0.09995105302907159 0.04270641850988122 0.018204714997623116 0.06004242850839508
17 0.07443659267339102 0.031743893393303066 0.09773007043391746 0.054782639931222565 0.019753507443398103 0.05903555224965201
18 0.06733023797327888 0.03834626360407669 0.08864613941900457 0.06451061622745391 0.020693224639511672 0.07037260985983936
19 0.05646376360565067 0.048148908394898146 0.07497205128212536 0.07581132469037599 0.020959109525506135 0.07584087309832364
20 0.04316583855935273 0.060511969148474266 0.056613423115378536 0.0874094830803277 0.023220529863988527 0.08538044852312698
21 0.030888555178799876 0.07202640075881983 0.03877945862125498 0.10273419371585513 0.02344108280003538 0.09503921381488381
22 0.01963703645447821 0.08137364840246547 0.023725289526807303 0.11732620873047006 0.023494262620653673 0.09669621595229667
23 0.00978108307221813 0.08959936296046593 0.01399823637639741 0.1300153957886464 0.025785806719492408 0.09758079645846465
24 0.0 0.09938044603268406 0.0 0.1407432321591452 0.027105732188067066 0.10015980810034598
