0.00034 -9.76445e-06
0.001 0.004
0.004 0.02
0.007 0.036
0.01 0.052
0.013 0.067
0.016 0.08
0.019 0.093
0.022 0.105
0.025 0.117
0.028 0.129
0.031 0.141
0.034 0.154
0.037 0.166
0.04 0.179
0.043 0.192
0.046 0.205
0.049 0.218
0.052 0.231
0.055 0.244
0.058 0.257
0.061 0.271
0.064 0.284
0.067 0.297
0.07 0.31
0.073 0.322
0.076 0.336
0.079 0.349
0.082 0.363
0.085 0.378
0.088 0.394
0.091 0.41
0.094 0.426
0.097 0.444
0.1 0.462
0.103 0.48
0.106 0.499
0.109 0.519
0.112 0.539
0.115 0.559
0.118 0.58
0.121 0.602
0.124 0.624
0.127 0.646
0.13 0.669
0.133 0.693
0.136 0.717
0.139 0.742
0.142 0.768
0.145 0.794
0.148 0.821
0.151 0.848
0.154 0.876
0.157 0.904
0.16 0.933
0.163 0.962
0.166 0.992
0.169 1.022
0.172 1.053
0.175 1.085
0.178 1.118
0.181 1.151
0.184 1.186
0.187 1.222
0.19 1.26
0.193 1.299
0.196 1.34
0.199 1.384
0.202 1.43
0.205 1.479
0.208 1.53
0.211 1.585
0.214 1.642
0.217 1.702
0.22 1.764
0.223 1.83
0.226 1.899
0.229 1.97
0.232 2.043
0.235 2.119
0.238 2.197
0.241 2.279
0.244 2.366
0.247 2.459
0.25 2.559
0.253 2.668
0.256 2.787
0.259 2.918
0.262 3.061
0.265 3.216
0.268 3.383
0.271 3.56
0.274 3.749
0.277 3.95
0.28 4.165
0.283 4.402
0.286 4.665
0.289 4.955
0.292 5.271
0.295 5.606
0.298 5.957
0.301 6.325
0.304 6.711
0.307 7.123
0.31 7.569
0.313 8.057
0.316 8.579
0.31816 8.971
