3.717450159705626422e-02 1.478859301720811814e-01
3.717450159705626422e-02 1.478859301720811814e-01
7.779500040606761313e-02 3.452214858780706663e-01
7.779500040606761313e-02 3.452214858780706663e-01
1.184180746968700876e-01 5.621779097362180622e-01
1.184180746968700876e-01 5.621779097362180622e-01
1.590411489876725759e-01 8.975224096746119429e-01
1.590411489876725759e-01 8.975224096746119429e-01
1.988967297047312954e-01 1.390695582147760234e+00
1.988967297047312954e-01 1.390695582147760234e+00
2.395197988445701698e-01 2.317847889053934018e+00
2.395197988445701698e-01 2.317847889053934018e+00
2.801428731353726165e-01 4.251099982492021923e+00
2.801428731353726165e-01 4.251099982492021923e+00
3.717450159705626422e-02 1.478859301720811814e-01
3.717450159705626422e-02 1.478859301720811814e-01
7.779500040606761313e-02 3.452214858780706663e-01
7.779500040606761313e-02 3.452214858780706663e-01
1.184180746968700876e-01 5.621779097362180622e-01
1.184180746968700876e-01 5.621779097362180622e-01
1.590411489876725759e-01 8.975224096746119429e-01
1.590411489876725759e-01 8.975224096746119429e-01
1.988967297047312954e-01 1.390695582147760234e+00
1.988967297047312954e-01 1.390695582147760234e+00
2.395197988445701698e-01 2.317847889053934018e+00
2.395197988445701698e-01 2.317847889053934018e+00
2.801428731353726165e-01 4.251099982492021923e+00
2.801428731353726165e-01 4.251099982492021923e+00
3.410710278387260597e-02 6.900473726306977085e-02
3.410710278387260597e-02 6.900473726306977085e-02
7.396268350093138100e-02 2.465205646667110173e-01
7.396268350093138100e-02 2.465205646667110173e-01
1.145857577917338416e-01 4.437898336559698009e-01
1.145857577917338416e-01 4.437898336559698009e-01
1.552088320825363021e-01 7.396937371398584204e-01
1.552088320825363021e-01 7.396937371398584204e-01
1.958319063733387211e-01 1.134232275118376876e+00
1.958319063733387211e-01 1.134232275118376876e+00
2.364549755131776232e-01 1.824674716580785727e+00
2.364549755131776232e-01 1.824674716580785727e+00
2.770780498039800976e-01 3.146365561465476191e+00
2.770780498039800976e-01 3.146365561465476191e+00
3.333960921012892736e-02 1.676393717576996067e-01
3.333960921012892736e-02 1.676393717576996067e-01
7.396268350093138100e-02 3.649086407469583904e-01
7.396268350093138100e-02 3.649086407469583904e-01
1.145857577917338416e-01 6.016185061907233234e-01
1.145857577917338416e-01 6.016185061907233234e-01
1.552088320825363021e-01 9.567164477147365176e-01
1.552088320825363021e-01 9.567164477147365176e-01
1.950644127995950494e-01 1.489330216642390070e+00
1.950644127995950494e-01 1.489330216642390070e+00
2.356874819394339238e-01 2.357288485508439280e+00
2.356874819394339238e-01 2.357288485508439280e+00
2.763105562302363705e-01 4.487809847935785967e+00
2.763105562302363705e-01 4.487809847935785967e+00
4.560405349928136481e-02 2.070799682122048679e-01
4.560405349928136481e-02 2.070799682122048679e-01
8.622712779008380457e-02 4.437898336559698009e-01
8.622712779008380457e-02 4.437898336559698009e-01
1.268502020808862651e-01 7.200065822709715846e-01
1.268502020808862651e-01 7.200065822709715846e-01
1.667057827979450124e-01 1.134232275118376876e+00
1.667057827979450124e-01 1.134232275118376876e+00
2.073288545132657146e-01 1.903622196206527839e+00
2.073288545132657146e-01 1.903622196206527839e+00
2.479519262285863612e-01 3.521216944575106922e+00
2.479519262285863612e-01 3.521216944575106922e+00
2.885750005193888357e-01 8.867174362153996015e+00
2.885750005193888357e-01 8.867174362153996015e+00
1.954532873707129359e-02 8.869189213195749488e-02
1.954532873707129359e-02 8.869189213195749488e-02
4.867145231246500919e-02 2.070799682122048679e-01
4.867145231246500919e-02 2.070799682122048679e-01
7.779500040606761313e-02 3.452214858780706663e-01
7.779500040606761313e-02 3.452214858780706663e-01
1.061536304077176640e-01 4.832304301104759503e-01
1.061536304077176640e-01 4.832304301104759503e-01
1.352823294649024566e-01 6.608125442308470099e-01
1.352823294649024566e-01 6.608125442308470099e-01
1.644058775585050813e-01 8.975224096746119429e-01
1.644058775585050813e-01 8.975224096746119429e-01
1.935320011338987900e-01 1.232866909613006712e+00
1.935320011338987900e-01 1.232866909613006712e+00
2.226581221338106986e-01 1.726106368802886593e+00
2.226581221338106986e-01 1.726106368802886593e+00
2.517842431337226072e-01 2.357288485508439280e+00
2.517842431337226072e-01 2.357288485508439280e+00
2.809077912273252320e-01 3.698732771978749057e+00
2.809077912273252320e-01 3.698732771978749057e+00
3.092689967107663529e-01 6.243546113970231737e+00
3.092689967107663529e-01 6.243546113970231737e+00
1.954532873707129359e-02 1.084453337175750320e-01
1.954532873707129359e-02 1.084453337175750320e-01
4.867145231246500919e-02 2.268334097978232933e-01
4.867145231246500919e-02 2.268334097978232933e-01
7.779500040606761313e-02 3.452214858780706663e-01
7.779500040606761313e-02 3.452214858780706663e-01
1.061536304077176640e-01 5.029838716960934875e-01
1.061536304077176640e-01 5.029838716960934875e-01
1.352823294649024566e-01 6.805659858164654352e-01
1.352823294649024566e-01 6.805659858164654352e-01
1.644058775585050813e-01 9.369630061291180922e-01
1.644058775585050813e-01 9.369630061291180922e-01
1.935320011338987900e-01 1.272307506067512861e+00
1.935320011338987900e-01 1.272307506067512861e+00
2.226581221338106986e-01 1.745793523671774317e+00
2.226581221338106986e-01 1.745793523671774317e+00
2.517842431337226072e-01 2.455923120003069116e+00
2.517842431337226072e-01 2.455923120003069116e+00
2.801428731353726165e-01 3.718486213564366594e+00
2.801428731353726165e-01 3.718486213564366594e+00
3.092689967107663529e-01 6.835353920938009864e+00
3.092689967107663529e-01 6.835353920938009864e+00
2.107774040276758076e-02 1.084453337175750320e-01
2.107774040276758076e-02 1.084453337175750320e-01
5.020386397816128249e-02 2.268334097978232933e-01
5.020386397816128249e-02 2.268334097978232933e-01
7.932741207176392806e-02 3.649086407469583904e-01
7.932741207176392806e-02 3.649086407469583904e-01
1.084561111289487068e-01 5.227373132817119128e-01
1.084561111289487068e-01 5.227373132817119128e-01
1.375796592225513315e-01 7.002531406853531593e-01
1.375796592225513315e-01 7.002531406853531593e-01
1.659382892242013408e-01 9.567164477147365176e-01
1.659382892242013408e-01 9.567164477147365176e-01
1.950644127995950494e-01 1.331501544107636548e+00
1.950644127995950494e-01 1.331501544107636548e+00
2.241905337995069858e-01 1.804921274995167302e+00
2.241905337995069858e-01 1.804921274995167302e+00
2.533166547994188944e-01 2.574311196083316489e+00
2.533166547994188944e-01 2.574311196083316489e+00
2.824427783748125753e-01 3.974949520593749952e+00
2.824427783748125753e-01 3.974949520593749952e+00
3.115663264684152001e-01 7.091750941250663409e+00
3.115663264684152001e-01 7.091750941250663409e+00
2.797488063929639071e-02 1.084453337175750320e-01
2.797488063929639071e-02 1.084453337175750320e-01
5.710100421469010978e-02 2.268334097978232933e-01
5.710100421469010978e-02 2.268334097978232933e-01
8.622712779008380457e-02 3.452214858780706663e-01
8.622712779008380457e-02 3.452214858780706663e-01
1.153532513654775271e-01 5.029838716960934875e-01
1.153532513654775271e-01 5.029838716960934875e-01
1.444793749408712358e-01 7.002531406853531593e-01
1.444793749408712358e-01 7.002531406853531593e-01
1.736029230344738328e-01 9.369630061291180922e-01
1.736029230344738328e-01 9.369630061291180922e-01
2.027290440343857414e-01 1.272307506067512861e+00
2.027290440343857414e-01 1.272307506067512861e+00
2.310876714605539783e-01 1.785234120126279578e+00
2.310876714605539783e-01 1.785234120126279578e+00
2.602137950359477148e-01 2.534870599628811227e+00
2.602137950359477148e-01 2.534870599628811227e+00
2.893399186113413957e-01 3.777680251604490280e+00
2.893399186113413957e-01 3.777680251604490280e+00
3.184660421867350766e-01 6.638084651948751080e+00
3.184660421867350766e-01 6.638084651948751080e+00
1.264561301875139800e-02 2.956414080856362148e-02
1.264561301875139800e-02 2.956414080856362148e-02
3.487459635761629845e-02 8.869189213195749488e-02
3.487459635761629845e-02 8.869189213195749488e-02
5.710100421469010978e-02 1.873928133433171439e-01
5.710100421469010978e-02 1.873928133433171439e-01
7.932741207176392806e-02 2.662740062523285545e-01
7.932741207176392806e-02 2.662740062523285545e-01
1.007889018368851308e-01 3.649086407469583904e-01
1.007889018368851308e-01 3.649086407469583904e-01
1.230178851757500330e-01 4.832304301104759503e-01
1.230178851757500330e-01 4.832304301104759503e-01
1.452442930328238513e-01 6.213719477763417487e-01
1.452442930328238513e-01 6.213719477763417487e-01
1.674732763716887118e-01 7.988877751799829952e-01
1.674732763716887118e-01 7.988877751799829952e-01
1.889347661368099285e-01 9.961570441692417788e-01
1.889347661368099285e-01 9.961570441692417788e-01
2.111611714184019328e-01 1.252620351198625137e+00
2.111611714184019328e-01 1.252620351198625137e+00
2.333875766999939649e-01 1.587964851137020794e+00
2.333875766999939649e-01 1.587964851137020794e+00
2.556165600388588532e-01 2.081138023610169085e+00
2.556165600388588532e-01 2.081138023610169085e+00
2.778429678959326576e-01 2.732139868618070011e+00
2.778429678959326576e-01 2.732139868618070011e+00
2.993044576610539020e-01 3.777680251604490280e+00
2.993044576610539020e-01 3.777680251604490280e+00
1.877783516332761152e-02 6.900473726306977085e-02
1.877783516332761152e-02 6.900473726306977085e-02
4.023932492844881775e-02 1.676393717576996067e-01
4.023932492844881775e-02 1.676393717576996067e-01
6.246830826731373382e-02 2.662740062523285545e-01
6.246830826731373382e-02 2.662740062523285545e-01
8.469471612438753128e-02 3.649086407469583904e-01
8.469471612438753128e-02 3.649086407469583904e-01
1.069211239814613496e-01 4.832304301104759503e-01
1.069211239814613496e-01 4.832304301104759503e-01
1.291501073203262517e-01 6.213719477763417487e-01
1.291501073203262517e-01 6.213719477763417487e-01
1.506115970854474961e-01 7.988877751799829952e-01
1.506115970854474961e-01 7.988877751799829952e-01
1.728380049425212450e-01 9.961570441692417788e-01
1.728380049425212450e-01 9.961570441692417788e-01
1.950644127995950494e-01 1.252620351198625137e+00
1.950644127995950494e-01 1.252620351198625137e+00
2.172933935629781654e-01 1.587964851137020794e+00
2.172933935629781654e-01 1.587964851137020794e+00
2.387523052708264704e-01 2.061450868741281361e+00
2.387523052708264704e-01 2.061450868741281361e+00
2.609812886096913864e-01 2.653192388992327899e+00
2.609812886096913864e-01 2.653192388992327899e+00
2.832076964667651908e-01 3.718486213564366594e+00
2.832076964667651908e-01 3.718486213564366594e+00
3.054341043238389952e-01 5.296640365478441304e+00
3.054341043238389952e-01 5.296640365478441304e+00
1.264561301875139800e-02 1.084453337175750320e-01
1.264561301875139800e-02 1.084453337175750320e-01
3.487459635761629845e-02 2.070799682122048679e-01
3.487459635761629845e-02 2.070799682122048679e-01
5.710100421469010978e-02 2.859611611212162785e-01
5.710100421469010978e-02 2.859611611212162785e-01
7.932741207176392806e-02 4.043492372014645397e-01
7.932741207176392806e-02 4.043492372014645397e-01
1.007889018368851308e-01 5.029838716960934875e-01
1.007889018368851308e-01 5.029838716960934875e-01
1.230178851757500330e-01 6.410591026452294727e-01
1.230178851757500330e-01 6.410591026452294727e-01
1.452442930328238513e-01 8.383283716344882563e-01
1.452442930328238513e-01 8.383283716344882563e-01
1.674732763716887118e-01 1.055351082209365465e+00
1.674732763716887118e-01 1.055351082209365465e+00
1.889347661368099285e-01 1.331501544107636548e+00
1.889347661368099285e-01 1.331501544107636548e+00
2.111611714184019328e-01 1.686599485631650630e+00
2.111611714184019328e-01 1.686599485631650630e+00
2.333875766999939649e-01 2.160019216519180496e+00
2.333875766999939649e-01 2.160019216519180496e+00
2.556165600388588532e-01 2.850461657981587571e+00
2.556165600388588532e-01 2.850461657981587571e+00
2.778429678959326576e-01 4.073584155088379788e+00
2.778429678959326576e-01 4.073584155088379788e+00
2.993044576610539020e-01 6.065963999849860677e+00
2.993044576610539020e-01 6.065963999849860677e+00
1.034828326110251613e-02 8.869189213195749488e-02
1.034828326110251613e-02 8.869189213195749488e-02
3.257469111817632573e-02 1.676393717576996067e-01
3.257469111817632573e-02 1.676393717576996067e-01
5.403618088329752850e-02 2.662740062523285545e-01
5.403618088329752850e-02 2.662740062523285545e-01
7.626258874037133983e-02 3.452214858780706663e-01
7.626258874037133983e-02 3.452214858780706663e-01
9.849157207923624202e-02 4.635432752415882263e-01
9.849157207923624202e-02 4.635432752415882263e-01
1.207179799363100603e-01 6.016185061907233234e-01
1.207179799363100603e-01 6.016185061907233234e-01
1.429469632751749486e-01 7.594471787254768458e-01
1.429469632751749486e-01 7.594471787254768458e-01
1.644058775585050813e-01 9.567164477147365176e-01
1.644058775585050813e-01 9.567164477147365176e-01
1.866322854155788857e-01 1.213179754744118988e+00
1.866322854155788857e-01 1.213179754744118988e+00
2.088612661789619740e-01 1.548524254682514645e+00
2.088612661789619740e-01 1.548524254682514645e+00
2.310876714605539783e-01 1.962749947529920824e+00
2.310876714605539783e-01 1.962749947529920824e+00
2.525491612256751672e-01 2.633505234123441063e+00
2.525491612256751672e-01 2.633505234123441063e+00
2.747781445645400833e-01 3.501463502989490273e+00
2.747781445645400833e-01 3.501463502989490273e+00
2.970045524216139432e-01 5.355834403518565878e+00
2.970045524216139432e-01 5.355834403518565878e+00
2.031024682902389175e-02 1.281987753031934574e-01
2.031024682902389175e-02 1.281987753031934574e-01
4.177173659414511186e-02 2.070799682122048679e-01
4.177173659414511186e-02 2.070799682122048679e-01
6.400071993301001405e-02 3.057146027068347038e-01
6.400071993301001405e-02 3.057146027068347038e-01
8.622712779008380457e-02 4.043492372014645397e-01
8.622712779008380457e-02 4.043492372014645397e-01
1.084561111289487068e-01 5.424244681505996368e-01
1.084561111289487068e-01 5.424244681505996368e-01
1.306825189860225389e-01 7.002531406853531593e-01
1.306825189860225389e-01 7.002531406853531593e-01
1.521440087511437556e-01 8.580818132201066817e-01
1.521440087511437556e-01 8.580818132201066817e-01
1.743704166082175322e-01 1.075038237078253189e+00
1.743704166082175322e-01 1.075038237078253189e+00
1.965993999470824483e-01 1.390695582147760234e+00
1.965993999470824483e-01 1.390695582147760234e+00
2.188258052286744526e-01 1.765480678540662041e+00
2.188258052286744526e-01 1.765480678540662041e+00
2.402872924183138414e-01 2.258720137730540145e+00
2.402872924183138414e-01 2.258720137730540145e+00
2.625137002753876736e-01 3.067484368556464780e+00
2.625137002753876736e-01 3.067484368556464780e+00
2.847401081324614780e-01 4.290540578946527184e+00
2.847401081324614780e-01 4.290540578946527184e+00
3.069690914713263385e-01 6.539450017454121244e+00
3.069690914713263385e-01 6.539450017454121244e+00
