0.0284 0.0003
0.036 0.003
0.044 0.005
0.052 0.008
0.06 0.011
0.068 0.014
0.076 0.017
0.084 0.02
0.092 0.023
0.1 0.026
0.108 0.03
0.116 0.033
0.124 0.037
0.132 0.04
0.14 0.044
0.148 0.048
0.156 0.052
0.164 0.057
0.172 0.061
0.18 0.065
0.188 0.07
0.196 0.075
0.204 0.08
0.212 0.085
0.22 0.09
0.228 0.096
0.236 0.102
0.244 0.108
0.252 0.115
0.26 0.122
0.268 0.13
0.276 0.138
0.284 0.146
0.292 0.155
0.3 0.164
0.308 0.174
0.316 0.184
0.324 0.194
0.332 0.205
0.34 0.216
0.348 0.228
0.356 0.24
0.364 0.252
0.372 0.264
0.38 0.278
0.388 0.291
0.396 0.305
0.404 0.32
0.412 0.336
0.42 0.352
0.428 0.369
0.436 0.386
0.444 0.405
0.452 0.424
0.46 0.443
0.468 0.464
0.476 0.484
0.484 0.506
0.492 0.528
0.5 0.551
0.508 0.574
0.516 0.599
0.524 0.625
0.532 0.654
0.54 0.686
0.548 0.722
0.556 0.762
0.564 0.805
0.572 0.851
0.58 0.904
0.588 0.964
0.596 1.034
0.604 1.112
0.612 1.197
0.62 1.286
0.628 1.375
0.636 1.459
0.644 1.537
0.652 1.607
0.66 1.672
0.668 1.765
0.676 1.907
0.684 2.089
0.692 2.314
0.7 2.586
0.708 2.893
0.716 3.224
0.724 3.575
0.732 3.953
0.74 4.377
0.748 4.878
0.756 5.493
0.764 6.262
0.772 7.188
0.78 8.231
0.7832 8.713
