2.449311934895307685e-01 1.436260245716942663e-01
2.449311934895307685e-01 1.436260245716942663e-01
2.877714626540969767e-01 3.352785495953209960e-01
2.877714626540969767e-01 3.352785495953209960e-01
4.125621250400748341e-01 5.459868849672826485e-01
4.125621250400748341e-01 5.459868849672826485e-01
5.112793734743630303e-01 9.099786137155474464e-01
5.112793734743630303e-01 9.099786137155474464e-01
5.839169430761097512e-01 1.388948981930457904e+00
5.839169430761097512e-01 1.388948981930457904e+00
6.509718216486681808e-01 2.308584964450612453e+00
6.509718216486681808e-01 2.308584964450612453e+00
6.975297124178730934e-01 4.243586754151721152e+00
6.975297124178730934e-01 4.243586754151721152e+00
2.318944833843749886e-01 1.436260245716942663e-01
2.318944833843749886e-01 1.436260245716942663e-01
3.157099522889581511e-01 3.352785495953209960e-01
3.157099522889581511e-01 3.352785495953209960e-01
4.535373247800915664e-01 5.459868849672826485e-01
4.535373247800915664e-01 5.459868849672826485e-01
5.392178631092241492e-01 9.099786137155474464e-01
5.392178631092241492e-01 9.099786137155474464e-01
6.099903632864213110e-01 1.388948981930457904e+00
6.099903632864213110e-01 1.388948981930457904e+00
6.640085317538240162e-01 2.308584964450612453e+00
6.640085317538240162e-01 2.308584964450612453e+00
7.198855110235460320e-01 4.243586754151721152e+00
7.198855110235460320e-01 4.243586754151721152e+00
2.318944833843749886e-01 8.613670483837321257e-02
2.318944833843749886e-01 8.613670483837321257e-02
2.747347525489411968e-01 2.394200982146763579e-01
2.747347525489411968e-01 2.394200982146763579e-01
3.883475156320825294e-01 4.501928113243014451e-01
3.883475156320825294e-01 4.501928113243014451e-01
4.982426633692072504e-01 7.375750322532459435e-01
4.982426633692072504e-01 7.375750322532459435e-01
5.839169430761097512e-01 1.139935892648834326e+00
5.839169430761097512e-01 1.139935892648834326e+00
6.416589917703812151e-01 1.810494408149706302e+00
6.416589917703812151e-01 1.810494408149706302e+00
6.975297124178730934e-01 3.151611439151448479e+00
6.975297124178730934e-01 3.151611439151448479e+00
2.169927038546697329e-01 1.819951562190178507e-01
2.169927038546697329e-01 1.819951562190178507e-01
2.728696831243919152e-01 3.543987376813193535e-01
2.728696831243919152e-01 3.543987376813193535e-01
3.976603455103695506e-01 6.034762047006045904e-01
3.976603455103695506e-01 6.034762047006045904e-01
4.963775939446578578e-01 9.483477453628710307e-01
4.963775939446578578e-01 9.483477453628710307e-01
5.783342520469215708e-01 1.484807433311100766e+00
5.783342520469215708e-01 1.484807433311100766e+00
6.397939223458317670e-01 2.366074284183934395e+00
6.397939223458317670e-01 2.366074284183934395e+00
6.938120908132344722e-01 4.492728598908668047e+00
6.938120908132344722e-01 4.492728598908668047e+00
2.598329730192360243e-01 2.011153443050162082e-01
2.598329730192360243e-01 2.011153443050162082e-01
3.175687630912775172e-01 4.501928113243014451e-01
3.175687630912775172e-01 4.501928113243014451e-01
4.386355452503863939e-01 7.183904664295841513e-01
4.386355452503863939e-01 7.183904664295841513e-01
5.298987746087070461e-01 1.139935892648834326e+00
5.298987746087070461e-01 1.139935892648834326e+00
6.155855715600695444e-01 1.906224104055025848e+00
6.155855715600695444e-01 1.906224104055025848e+00
6.770452418589797405e-01 3.515603167899715942e+00
6.770452418589797405e-01 3.515603167899715942e+00
1.611094659627176628e-01 1.053212706620350048e-01
1.611094659627176628e-01 1.053212706620350048e-01
2.058148045518333191e-01 2.011153443050162082e-01
2.058148045518333191e-01 2.011153443050162082e-01
3.287466623941139310e-01 3.352785495953209960e-01
3.287466623941139310e-01 3.352785495953209960e-01
4.200161441160424336e-01 4.693129994102998026e-01
4.200161441160424336e-01 4.693129994102998026e-01
4.852059532640514705e-01 6.609655244339265323e-01
4.852059532640514705e-01 6.609655244339265323e-01
5.410766739115434598e-01 9.099786137155474464e-01
5.410766739115434598e-01 9.099786137155474464e-01
5.988187226058149237e-01 1.235665588554154759e+00
5.988187226058149237e-01 1.235665588554154759e+00
6.435240611949306633e-01 1.714635956769062552e+00
6.435240611949306633e-01 1.714635956769062552e+00
6.751801724344304034e-01 2.366074284183934395e+00
6.751801724344304034e-01 2.366074284183934395e+00
7.087138703429396447e-01 3.688006749362017445e+00
7.087138703429396447e-01 3.688006749362017445e+00
7.441001204315382811e-01 6.236142112568336948e+00
7.441001204315382811e-01 6.236142112568336948e+00
1.499378252821112756e-01 1.053212706620350048e-01
1.499378252821112756e-01 1.053212706620350048e-01
2.058148045518333191e-01 2.202999101286780004e-01
2.058148045518333191e-01 2.202999101286780004e-01
3.175687630912775172e-01 3.352785495953209960e-01
3.175687630912775172e-01 3.352785495953209960e-01
4.200161441160424336e-01 4.884975652339607066e-01
4.200161441160424336e-01 4.884975652339607066e-01
4.870647640663708922e-01 6.800857125199240016e-01
4.870647640663708922e-01 6.800857125199240016e-01
5.392178631092241492e-01 9.483477453628710307e-01
5.392178631092241492e-01 9.483477453628710307e-01
5.988187226058149237e-01 1.274034720201475679e+00
5.988187226058149237e-01 1.274034720201475679e+00
6.491067522241187326e-01 1.752940710678722702e+00
6.491067522241187326e-01 1.752940710678722702e+00
6.789103112835291887e-01 2.461868357826915599e+00
6.789103112835291887e-01 2.461868357826915599e+00
7.161616307966771622e-01 3.707191315185678349e+00
7.161616307966771622e-01 3.707191315185678349e+00
7.645845909904316340e-01 6.830091120249888625e+00
7.645845909904316340e-01 6.830091120249888625e+00
1.722936238877841308e-01 1.245058364856967970e-01
1.722936238877841308e-01 1.245058364856967970e-01
2.169927038546697329e-01 2.394200982146763579e-01
2.169927038546697329e-01 2.394200982146763579e-01
3.287466623941139310e-01 3.543987376813193535e-01
3.287466623941139310e-01 3.543987376813193535e-01
4.181510746914930410e-01 5.268023191436208563e-01
4.181510746914930410e-01 5.268023191436208563e-01
5.001077327937566430e-01 6.992702783435857938e-01
5.001077327937566430e-01 6.992702783435857938e-01
5.578435228657981915e-01 9.674679334488693883e-01
5.578435228657981915e-01 9.674679334488693883e-01
5.988187226058149237e-01 1.331524039934797621e+00
5.988187226058149237e-01 1.331524039934797621e+00
6.453828719972499739e-01 1.810494408149706302e+00
6.453828719972499739e-01 1.810494408149706302e+00
6.993947818424226526e-01 2.576782619555896936e+00
6.993947818424226526e-01 2.576782619555896936e+00
7.366461013555705151e-01 3.956268782204963586e+00
7.366461013555705151e-01 3.956268782204963586e+00
7.496828114607264615e-01 7.079104209531510428e+00
7.496828114607264615e-01 7.079104209531510428e+00
1.611094659627176628e-01 1.245058364856967970e-01
1.611094659627176628e-01 1.245058364856967970e-01
2.505201431409490032e-01 2.202999101286780004e-01
2.505201431409490032e-01 2.202999101286780004e-01
3.622741016803931458e-01 3.352785495953209960e-01
3.622741016803931458e-01 3.352785495953209960e-01
4.554023942046410700e-01 5.076821310576224988e-01
4.554023942046410700e-01 5.076821310576224988e-01
5.094143040498136932e-01 6.992702783435857938e-01
5.094143040498136932e-01 6.992702783435857938e-01
5.652975419417657355e-01 9.483477453628710307e-01
5.652975419417657355e-01 9.483477453628710307e-01
6.099903632864213110e-01 1.274034720201475679e+00
6.099903632864213110e-01 1.274034720201475679e+00
6.546957018755370505e-01 1.791309842326046287e+00
6.546957018755370505e-01 1.791309842326046287e+00
6.882231411618162653e-01 2.538477865646235898e+00
6.882231411618162653e-01 2.538477865646235898e+00
7.217505804480954801e-01 3.764616257181336856e+00
7.217505804480954801e-01 3.764616257181336856e+00
7.515478808852757986e-01 6.638502972963925330e+00
7.515478808852757986e-01 6.638502972963925330e+00
5.122683547005302263e-02 4.783195092871306286e-02
5.122683547005302263e-02 4.783195092871306286e-02
1.629745353872670832e-01 1.053212706620350048e-01
1.629745353872670832e-01 1.053212706620350048e-01
2.765935633512606739e-01 1.819951562190178507e-01
2.765935633512606739e-01 1.819951562190178507e-01
3.510962023775567320e-01 2.586046640383381501e-01
3.510962023775567320e-01 2.586046640383381501e-01
4.293227153720994282e-01 3.735833035049811457e-01
4.293227153720994282e-01 3.735833035049811457e-01
4.721629845366656086e-01 4.884975652339607066e-01
4.721629845366656086e-01 4.884975652339607066e-01
5.187271339281006588e-01 6.225963927866029479e-01
5.187271339281006588e-01 6.225963927866029479e-01
5.559784534412486323e-01 7.950643519865678854e-01
5.559784534412486323e-01 7.950643519865678854e-01
5.932297729543967169e-01 1.005837065096192973e+00
5.932297729543967169e-01 1.005837065096192973e+00
6.323399032698641120e-01 1.254850154377813887e+00
6.323399032698641120e-01 1.254850154377813887e+00
6.602783929047251199e-01 1.580537129216421199e+00
6.602783929047251199e-01 1.580537129216421199e+00
7.031186620692913003e-01 2.078692063254990785e+00
7.031186620692913003e-01 2.078692063254990785e+00
7.068488009183901966e-01 2.710945824846200836e+00
7.068488009183901966e-01 2.710945824846200836e+00
7.515478808852757986e-01 3.764616257181336856e+00
7.515478808852757986e-01 3.764616257181336856e+00
4.377281639408542313e-02 6.701651675237485506e-02
4.377281639408542313e-02 6.701651675237485506e-02
2.002258549004151122e-01 1.819951562190178507e-01
2.002258549004151122e-01 1.819951562190178507e-01
2.952192231078347162e-01 2.586046640383381501e-01
2.952192231078347162e-01 2.586046640383381501e-01
3.678630513318113526e-01 3.543987376813193535e-01
3.678630513318113526e-01 3.543987376813193535e-01
4.349116650235175796e-01 4.693129994102998026e-01
4.349116650235175796e-01 4.693129994102998026e-01
4.926537137177890435e-01 6.225963927866029479e-01
4.926537137177890435e-01 6.225963927866029479e-01
5.280399638063876244e-01 7.950643519865678854e-01
5.280399638063876244e-01 7.950643519865678854e-01
5.764691826223721227e-01 9.866524992725311805e-01
5.764691826223721227e-01 9.866524992725311805e-01
6.137205021355200962e-01 1.254850154377813887e+00
6.137205021355200962e-01 1.254850154377813887e+00
6.360700421189630083e-01 1.580537129216421199e+00
6.360700421189630083e-01 1.580537129216421199e+00
6.677324119806927749e-01 2.059507497431328993e+00
6.677324119806927749e-01 2.059507497431328993e+00
6.975297124178730934e-01 2.653456505112878894e+00
6.975297124178730934e-01 2.653456505112878894e+00
7.142965613721278251e-01 3.726311503271676706e+00
7.142965613721278251e-01 3.726311503271676706e+00
7.441001204315382811e-01 5.297385941962182265e+00
7.441001204315382811e-01 5.297385941962182265e+00
5.680952649924123077e-02 1.053212706620350048e-01
5.680952649924123077e-02 1.053212706620350048e-01
1.629745353872670832e-01 2.011153443050162082e-01
1.629745353872670832e-01 2.011153443050162082e-01
2.747347525489411968e-01 2.777248521243365076e-01
2.747347525489411968e-01 2.777248521243365076e-01
3.492311329530073394e-01 3.927034915909795032e-01
3.492311329530073394e-01 3.927034915909795032e-01
4.255988351452306140e-01 5.076821310576224988e-01
4.255988351452306140e-01 5.076821310576224988e-01
4.814758144149526853e-01 6.417809586102647401e-01
4.814758144149526853e-01 6.417809586102647401e-01
5.168620645035512107e-01 8.333691058962280351e-01
5.168620645035512107e-01 8.333691058962280351e-01
5.559784534412486323e-01 1.044077441268191464e+00
5.559784534412486323e-01 1.044077441268191464e+00
6.025426028326837935e-01 1.331524039934797621e+00
6.025426028326837935e-01 1.331524039934797621e+00
6.286222816652253798e-01 1.676395580597064061e+00
6.286222816652253798e-01 1.676395580597064061e+00
6.584195821024056983e-01 2.155301571074311084e+00
6.584195821024056983e-01 2.155301571074311084e+00
6.993947818424226526e-01 2.864229218222503981e+00
6.993947818424226526e-01 2.864229218222503981e+00
7.124314919475783769e-01 4.071183043933943146e+00
7.124314919475783769e-01 4.071183043933943146e+00
7.347872905532512045e-01 6.063738531106035445e+00
7.347872905532512045e-01 6.063738531106035445e+00
5.680952649924123077e-02 8.613670483837321257e-02
5.680952649924123077e-02 8.613670483837321257e-02
1.443551342529231230e-01 1.628105903953560585e-01
1.443551342529231230e-01 1.628105903953560585e-01
2.672807334729736528e-01 2.586046640383381501e-01
2.672807334729736528e-01 2.586046640383381501e-01
3.399245616969503447e-01 3.543987376813193535e-01
3.399245616969503447e-01 3.543987376813193535e-01
4.162860052669436484e-01 4.693129994102998026e-01
4.162860052669436484e-01 4.693129994102998026e-01
4.740280539612150013e-01 6.034762047006045904e-01
4.740280539612150013e-01 6.034762047006045904e-01
5.075554932474942715e-01 7.566952203392443010e-01
5.075554932474942715e-01 7.566952203392443010e-01
5.708802329709539158e-01 9.674679334488693883e-01
5.708802329709539158e-01 9.674679334488693883e-01
5.913709621520774062e-01 1.197360834644494609e+00
5.913709621520774062e-01 1.197360834644494609e+00
6.360700421189630083e-01 1.542232375306761050e+00
6.360700421189630083e-01 1.542232375306761050e+00
6.602783929047251199e-01 1.963713423788347789e+00
6.602783929047251199e-01 1.963713423788347789e+00
6.919470213886849130e-01 2.615151751203218744e+00
6.919470213886849130e-01 2.615151751203218744e+00
7.291983409018329976e-01 3.496418602076054150e+00
7.291983409018329976e-01 3.496418602076054150e+00
7.366461013555705151e-01 5.354875261695502431e+00
7.366461013555705151e-01 5.354875261695502431e+00
4.191400559176602231e-02 1.245058364856967970e-01
4.191400559176602231e-02 1.245058364856967970e-01
2.095449434009321876e-01 2.202999101286780004e-01
2.095449434009321876e-01 2.202999101286780004e-01
3.119860720620893368e-01 3.160939837716592038e-01
3.119860720620893368e-01 3.160939837716592038e-01
3.883475156320825294e-01 4.118880574146412954e-01
3.883475156320825294e-01 4.118880574146412954e-01
4.423656840994852901e-01 5.268023191436208563e-01
4.423656840994852901e-01 5.268023191436208563e-01
4.889235748686902028e-01 6.992702783435857938e-01
4.889235748686902028e-01 6.992702783435857938e-01
5.354939828823552794e-01 8.525536717198898273e-01
5.354939828823552794e-01 8.525536717198898273e-01
5.727453023955033640e-01 1.082446572915512384e+00
5.727453023955033640e-01 1.082446572915512384e+00
6.099903632864213110e-01 1.388948981930457904e+00
6.099903632864213110e-01 1.388948981930457904e+00
6.509718216486681808e-01 1.772125276502384494e+00
6.509718216486681808e-01 1.772125276502384494e+00
6.807753807080786368e-01 2.251095644717292288e+00
6.807753807080786368e-01 2.251095644717292288e+00
6.938120908132344722e-01 3.074937553594467410e+00
6.938120908132344722e-01 3.074937553594467410e+00
7.273332714772835494e-01 4.281955885799042960e+00
7.273332714772835494e-01 4.281955885799042960e+00
7.403699815824393848e-01 6.523524333497281447e+00
7.403699815824393848e-01 6.523524333497281447e+00
