0 0.01319
0.004 0.09175
0.008 0.14065
0.012 0.17219
0.016 0.19599
0.02 0.21606
0.024 0.23401
0.028 0.25067
0.032 0.26662
0.036 0.28227
0.04 0.298
0.044 0.31364
0.048 0.32841
0.052 0.3419
0.056 0.35412
0.06 0.36546
0.064 0.37627
0.068 0.38675
0.072 0.39704
0.076 0.40726
0.08 0.41745
0.084 0.42751
0.088 0.4373
0.092 0.44674
0.096 0.45582
0.1 0.46458
0.104 0.47307
0.108 0.48135
0.112 0.48944
0.116 0.49737
0.12 0.50515
0.124 0.51279
0.128 0.5203
0.132 0.52767
0.136 0.53491
0.14 0.54202
0.144 0.54901
0.148 0.55587
0.152 0.56262
0.156 0.56927
0.16 0.57581
0.164 0.58227
0.168 0.58864
0.172 0.59493
0.176 0.60115
0.18 0.60731
0.184 0.61339
0.188 0.61939
0.192 0.62532
0.196 0.63118
0.2 0.63694
0.204 0.64262
0.208 0.64821
0.212 0.6537
0.216 0.65908
0.22 0.66433
0.224 0.66947
0.228 0.67449
0.232 0.67941
0.236 0.68425
0.24 0.68902
0.244 0.69373
0.248 0.69841
0.252 0.70308
0.256 0.70776
0.26 0.71248
0.264 0.71728
0.268 0.72215
0.272 0.72709
0.276 0.73206
0.28 0.73704
0.284 0.742
0.288 0.74691
0.292 0.75175
0.296 0.75647
0.3 0.76106
0.304 0.76552
0.308 0.76983
0.312 0.77401
0.316 0.77808
0.32 0.78204
0.324 0.78589
0.328 0.78966
0.332 0.79335
0.336 0.79696
0.34 0.80051
0.344 0.80401
0.348 0.80745
0.352 0.81085
0.356 0.81421
0.36 0.81754
0.364 0.82085
0.368 0.82413
0.372 0.82739
0.376 0.83063
0.38 0.83386
0.384 0.83708
0.388 0.84029
0.392 0.8435
0.396 0.8467
0.399947 0.84985
