1.092056025481293463e-01 4.791727569991270919e-01
1.092056025481293463e-01 4.791727653235178241e-01
1.495658921736657543e-01 5.625142191001317737e-01
1.495658921736657543e-01 5.625142191001317737e-01
1.907846329413960262e-01 6.195167924190772002e-01
2.311449225669324758e-01 6.765193574136316723e-01
2.311449225669324758e-01 6.765193574136316723e-01
2.723636766536881026e-01 7.182063418372812702e-01
2.723636766536881026e-01 7.182063418372812702e-01
3.127239529601991697e-01 7.752414302269120538e-01
3.127239529601991697e-01 7.752414302269120538e-01
3.539556930966909487e-01 8.037264551888466668e-01
3.539556930966909487e-01 8.037264551888466668e-01
3.727766446894423269e-02 2.817936498383278865e-01
3.727766446894423269e-02 2.817936498383278865e-01
7.850941126494863365e-02 4.067895812922968091e-01
7.850941126494863365e-02 4.067895812922968091e-01
1.197281520326789056e-01 5.054791390348918334e-01
1.197281520326789056e-01 5.054791390348918334e-01
1.600884416582153413e-01 5.800409659922827199e-01
2.013201917839760879e-01 6.458231661304509874e-01
2.013201917839760879e-01 6.458231661304509874e-01
2.425389492004880465e-01 6.918999681259074830e-01
2.425389492004880465e-01 6.918999681259074830e-01
2.828992255069990858e-01 7.423340726224852970e-01
2.828992255069990858e-01 7.423340726224852970e-01
3.241309656434908093e-01 7.795987244036427510e-01
3.241309656434908093e-01 7.795987244036427510e-01
3.653497197302464361e-01 8.081162727606534535e-01
3.727766446894423269e-02 3.103111898709478567e-01
3.727766446894423269e-02 3.103111898709478567e-01
7.850941126494863365e-02 4.484765657159464070e-01
7.850941126494863365e-02 4.484765740403372503e-01
1.600884416582153413e-01 6.041686967774868577e-01
2.013201917839760879e-01 6.589926105214806151e-01
2.013201917839760879e-01 6.589926105214806151e-01
2.425389492004880465e-01 7.138165242654744835e-01
2.425389492004880465e-01 7.138165325898653268e-01
2.828992255069990858e-01 7.554710019428295675e-01
2.828992255069990858e-01 7.554710019428295675e-01
3.241309656434908093e-01 7.905895258685023963e-01
3.241309656434908093e-01 7.905895258685023963e-01
3.376581041149877976e-02 2.686242054472982588e-01
7.499756053725951943e-02 3.826618505070928933e-01
7.499756053725951943e-02 3.826618588314836256e-01
1.162293073332639204e-01 4.923096946438622057e-01
1.574610574590246392e-01 5.778623147417221162e-01
1.574610574590246392e-01 5.778623147417221162e-01
1.986797982267549112e-01 6.370760460575226602e-01
1.986797982267549112e-01 6.370760543819136146e-01
2.399115383632466347e-01 6.918999681259074830e-01
2.399115383632466347e-01 6.918999681259074830e-01
2.811433117973017315e-01 7.357330887294324384e-01
2.811433117973017315e-01 7.357330887294324384e-01
3.223750519337934550e-01 7.774200814774727686e-01
3.635937727229857086e-01 8.081162727606534535e-01
7.411309400876107956e-02 3.936201369012671814e-01
7.411309400876107956e-02 3.936201369012671814e-01
1.565765909305262271e-01 5.734725054943060618e-01
2.381556246535492249e-01 6.875101505541005853e-01
2.381556246535492249e-01 6.875101505541005853e-01
2.793873647900410040e-01 7.313757945527017412e-01
2.793873647900410040e-01 7.313757945527017412e-01
3.197346550468159743e-01 7.708190975844199100e-01
3.197346550468159743e-01 7.708190975844199100e-01
4.604428692477106205e-02 3.124898411215086824e-01
4.604428692477106205e-02 3.124898411215086824e-01
8.990342124972248994e-02 4.331284783987469078e-01
1.346470221031723369e-01 5.230384009977282478e-01
1.793906229566221977e-01 6.107371572754635158e-01
2.241212177817979156e-01 6.699508885912641709e-01
2.679803521067493643e-01 7.182063418372812702e-01
2.679803521067493643e-01 7.182063418372812702e-01
3.127239529601991697e-01 7.532923506922688528e-01
3.127239529601991697e-01 7.532923506922688528e-01
3.574545344663495605e-01 7.752414302269120538e-01
3.574545344663495605e-01 7.752414302269120538e-01
4.166097569685765084e-02 2.971417454799182289e-01
4.166097569685765084e-02 2.971417454799182289e-01
8.200825929411995063e-02 4.089682325428575238e-01
8.200825596436361886e-02 4.089682325428575238e-01
1.232400060901243655e-01 4.966995038912781490e-01
1.232400060901243655e-01 4.966995038912781490e-01
1.644717528861287525e-01 5.778623147417221162e-01
1.644717528861287525e-01 5.778623147417221162e-01
2.057035030118894992e-01 6.348648880606675426e-01
2.469352597971628538e-01 6.787305237348777442e-01
2.469352597971628538e-01 6.787305237348777442e-01
2.872825500539379351e-01 7.138165325898653268e-01
3.285142901904296031e-01 7.335544374788716127e-01
3.285142901904296031e-01 7.335544374788716127e-01
1.973140686950377101e-02 2.006307973659297028e-01
1.973140686950377101e-02 2.006307973659297028e-01
4.955614098221651498e-02 3.234481191912921272e-01
4.955614098221651498e-02 3.234481191912921272e-01
7.850941126494863365e-02 4.155692164359104934e-01
1.083341453776613811e-01 4.813514082496878066e-01
1.083341420479050354e-01 4.813514082496878066e-01
1.381588761606177829e-01 5.361753303180725183e-01
1.381588761606177829e-01 5.361753303180725183e-01
1.670991404150757864e-01 5.932104103833124586e-01
2.258771448105206248e-01 6.699508885912641709e-01
2.258771448105206248e-01 6.699508885912641709e-01
2.565733394234576692e-01 7.028582461956909277e-01
2.864110862239572231e-01 7.379442550506785103e-01
2.864110862239572231e-01 7.379442550506785103e-01
3.153513304998771805e-01 7.576821682640756395e-01
3.153513304998771805e-01 7.576821682640756395e-01
3.451760579530772644e-01 7.818098907248888230e-01
3.451760579530772644e-01 7.818098907248888230e-01
1.973140686950377101e-02 2.006307973659297028e-01
1.973140686950377101e-02 2.006307973659297028e-01
4.955614098221651498e-02 3.124898411215086824e-01
4.955614098221651498e-02 3.124898411215086824e-01
7.850941126494863365e-02 4.155692164359104934e-01
1.083341453776613811e-01 4.813514082496878066e-01
1.083341420479050354e-01 4.813514082496878066e-01
1.670991404150757864e-01 5.932104103833124586e-01
2.258771448105206248e-01 6.721620549125102428e-01
2.557018755934770127e-01 7.094267150180584292e-01
2.557018755934770127e-01 7.094267150180584292e-01
2.855266030466771521e-01 7.598608111902456219e-01
2.855266030466771521e-01 7.598608195146363542e-01
3.144798666698965239e-01 7.730302639056659819e-01
3.144798666698965239e-01 7.730302639056659819e-01
2.148733389822649748e-02 2.116216571015253622e-01
2.148733389822649748e-02 2.116216571015253622e-01
5.131206801093923797e-02 3.234481191912921272e-01
5.131206468118290620e-02 3.234481191912921272e-01
8.025233226539722764e-02 4.133580417902735782e-01
8.025233226539722764e-02 4.133580501146644215e-01
1.100770630483536294e-01 4.945208609651082776e-01
1.390303366608420799e-01 5.515234259596628608e-01
1.390303333310857481e-01 5.515234259596628608e-01
1.688550674437984955e-01 5.932104103833124586e-01
1.688550674437984955e-01 5.932104103833124586e-01
1.986797982267549112e-01 6.414333485586442007e-01
2.276330685094870021e-01 6.940786193764680867e-01
2.276330685094870021e-01 6.940786193764680867e-01
2.574577893031743669e-01 7.313757945527017412e-01
2.574577893031743669e-01 7.313757945527017412e-01
2.864110862239572231e-01 7.445127155486552795e-01
2.864110862239572231e-01 7.445127238730460117e-01
2.849803265508693562e-02 2.467076326589495716e-01
5.832276343804335128e-02 3.585341280462797098e-01
8.814749755075609872e-02 4.506552169665071217e-01
8.814749422099976695e-02 4.506552169665071217e-01
1.171007678334882035e-01 5.033004877843310076e-01
1.767502293994010210e-01 6.041686967774868577e-01
2.065749635121137961e-01 6.502129837022578851e-01
2.363997109438519262e-01 6.809091749854385700e-01
2.363997109438519262e-01 6.809091749854385700e-01
2.653529745670712980e-01 7.159951755160351983e-01
2.653529745670712980e-01 7.159951755160351983e-01
2.951777020202713819e-01 7.467238901942920837e-01
3.250024294734714658e-01 7.708190975844199100e-01
3.250024294734714658e-01 7.708190975844199100e-01
3.548271569266715497e-01 7.949793351159184507e-01
3.548271569266715497e-01 7.949793434403091830e-01
1.797548317053737979e-02 1.896725692424913179e-01
1.797548317053737979e-02 1.896725692424913179e-01
4.692875345326949499e-02 3.015315630517251266e-01
7.675348423622591065e-02 4.046109300417360943e-01
7.675348423622591065e-02 4.046109300417360943e-01
1.065782183489386442e-01 4.703931301799042508e-01
1.065782183489386442e-01 4.703931301799042508e-01
1.364029491318950738e-01 5.405651478898793050e-01
1.653562227443835242e-01 5.822521323135287918e-01
1.653562194146271924e-01 5.822521323135287918e-01
1.951679441693094652e-01 6.282964192382999302e-01
1.951679441693094652e-01 6.282964192382999302e-01
2.249926782820221849e-01 6.765193574136316723e-01
2.249926782820221849e-01 6.765193574136316723e-01
2.539459618837797139e-01 7.116378813393045011e-01
2.837706893369797423e-01 7.247748106596488826e-01
2.837706893369797423e-01 7.247748106596488826e-01
1.446362911309192860e-02 1.677560297517060039e-01
1.446362911309192860e-02 1.677560297517060039e-01
4.341690272558038077e-02 2.796149985877671718e-01
4.341690272558038077e-02 2.796149985877671718e-01
7.324163350853678256e-02 3.914414856507064666e-01
1.030663642914931843e-01 4.572236857888747341e-01
1.320196379039816348e-01 5.252170439238981192e-01
1.320196379039816348e-01 5.252170522482889625e-01
1.618313626586639353e-01 5.690826879224992751e-01
1.618313626586639353e-01 5.690826879224992751e-01
1.916690994698944661e-01 6.151269748472703025e-01
2.206093670541087737e-01 6.568139592709199004e-01
2.206093637243524419e-01 6.568139592709199004e-01
2.504341011668215211e-01 6.918999681259074830e-01
2.504341011668215211e-01 6.918999681259074830e-01
2.802588286200216050e-01 7.269859769808949546e-01
2.802588286200216050e-01 7.269859769808949546e-01
3.092120922432410879e-01 7.511136994417080270e-01
3.092120922432410879e-01 7.511136994417080270e-01
2.849803265508693562e-02 2.467076326589495716e-01
8.814749755075609872e-02 4.374857725754774940e-01
1.171007678334882035e-01 5.054791390348918334e-01
1.171007678334882035e-01 5.054791390348918334e-01
1.767502293994010210e-01 6.041686967774868577e-01
2.065749635121137961e-01 6.502129837022578851e-01
2.355282471138712974e-01 6.809091749854385700e-01
2.355282471138712974e-01 6.809091749854385700e-01
2.653529745670712980e-01 7.225961594090881679e-01
2.653529745670712980e-01 7.225961594090881679e-01
2.951777020202713819e-01 7.554710019428295675e-01
2.951777020202713819e-01 7.554710019428295675e-01
1.973140686950377101e-02 2.006307973659297028e-01
1.973140686950377101e-02 2.006307973659297028e-01
4.955614098221651498e-02 3.234481191912921272e-01
4.955614098221651498e-02 3.234481191912921272e-01
7.850941126494863365e-02 4.133580417902735782e-01
7.850941126494863365e-02 4.133580501146644215e-01
1.083341453776613811e-01 4.791727569991270919e-01
1.083341420479050354e-01 4.791727653235178241e-01
1.381588761606177829e-01 5.515234259596628608e-01
1.381588761606177829e-01 5.515234259596628608e-01
1.670991404150757864e-01 5.909992440620663867e-01
2.267486053107449218e-01 6.699508885912641709e-01
2.267486019809885622e-01 6.699508885912641709e-01
2.565733394234576692e-01 7.028582461956909277e-01
2.855266030466771521e-01 7.423340726224852970e-01
2.855266030466771521e-01 7.423340726224852970e-01
3.153513304998771805e-01 7.576821682640756395e-01
3.153513304998771805e-01 7.576821682640756395e-01
1.270770541412553738e-02 1.589763779593106330e-01
1.270770208436920214e-02 1.589763779593106330e-01
3.552173744022150970e-02 2.708353717685443307e-01
3.552173744022150970e-02 2.708353717685443307e-01
5.745130626757538606e-02 3.453971987259354393e-01
7.938087176517293064e-02 4.243488432551332235e-01
1.013104372627704752e-01 4.660033126080974641e-01
1.013104372627704752e-01 4.660033126080974641e-01
1.232400060901243655e-01 5.142587658541145634e-01
1.232400060901243655e-01 5.142587658541145634e-01
1.451695749174782279e-01 5.493447747091020350e-01
1.451695715877218962e-01 5.493447747091020350e-01
1.670991404150757864e-01 5.888206011358964043e-01
1.890287059126733171e-01 6.260852529170538583e-01
1.890287059126733171e-01 6.260852529170538583e-01
2.118427412685256472e-01 6.546027929496738285e-01
2.337723001066105144e-01 6.984684286238841411e-01
2.337723001066105144e-01 6.984684369482749844e-01
2.557018755934770127e-01 7.006796032695210563e-01
2.557018755934770127e-01 7.006796032695210563e-01
2.776314510803435942e-01 7.467238901942920837e-01
2.995610265672101757e-01 7.467238901942920837e-01
3.214905687565133285e-01 7.774200814774727686e-01
3.434201442433799101e-01 8.102949156868234359e-01
3.434201442433799101e-01 8.102949156868234359e-01
3.662341696099631894e-01 8.607615352540866072e-01
3.662341696099631894e-01 8.607615352540866072e-01
1.885994969903580579e-02 1.962735614599350198e-01
4.078951519663334691e-02 2.905732849819415708e-01
6.271908402398722326e-02 3.629239456180864964e-01
6.271908402398722326e-02 3.629239456180864964e-01
8.464864952158476785e-02 4.287386608269400101e-01
8.464864952158476785e-02 4.287386608269400101e-01
1.065782183489386442e-01 4.857412258214945933e-01
1.065782183489386442e-01 4.857412258214945933e-01
1.293792443467604858e-01 5.230384009977282478e-01
1.293792443467604858e-01 5.230384009977282478e-01
1.513088131741143760e-01 5.712613308486691466e-01
1.513088098443580443e-01 5.712613391730599899e-01
1.732383786717119067e-01 6.085585060249028011e-01
1.951679441693094652e-01 6.304750704888606450e-01
2.171105190249374428e-01 6.633824280932874018e-01
2.171105190249374428e-01 6.633824280932874018e-01
2.390400745332659782e-01 6.918999681259074830e-01
2.390400745332659782e-01 6.918999681259074830e-01
2.609696500201325597e-01 7.094267150180584292e-01
2.609696500201325597e-01 7.094267150180584292e-01
2.828992255069990858e-01 7.379442550506785103e-01
2.828992255069990858e-01 7.379442550506785103e-01
3.057002648238463238e-01 7.554710019428295675e-01
3.057002648238463238e-01 7.554710019428295675e-01
3.276298070131494766e-01 7.795987244036427510e-01
3.276298070131494766e-01 7.795987244036427510e-01
1.270770541412553738e-02 1.589763779593106330e-01
1.270770208436920214e-02 1.589763779593106330e-01
3.552173744022150970e-02 2.708353717685443307e-01
3.552173744022150970e-02 2.708353717685443307e-01
5.745130626757538606e-02 3.453971987259354393e-01
7.938087176517293064e-02 4.199590256833264368e-01
1.013104372627704752e-01 4.769615990022718632e-01
1.232400060901243655e-01 5.120475995328684915e-01
1.232400060901243655e-01 5.120475995328684915e-01
1.451695749174782279e-01 5.515234259596628608e-01
1.451695715877218962e-01 5.515234259596628608e-01
1.670991404150757864e-01 5.976002279551191343e-01
1.890287059126733171e-01 6.239066016664931436e-01
1.890287059126733171e-01 6.239066016664931436e-01
2.118427412685256472e-01 6.524241500235039570e-01
2.337723001066105144e-01 6.918999681259074830e-01
2.557018755934770127e-01 7.072480637674978254e-01
2.557018755934770127e-01 7.072480637674978254e-01
2.776314510803435942e-01 7.291646199070648260e-01
2.776314510803435942e-01 7.291646282314556693e-01
2.995610265672101757e-01 7.489025331204619551e-01
2.995610265672101757e-01 7.489025331204619551e-01
3.214905687565133285e-01 7.730302639056659819e-01
3.214905687565133285e-01 7.730302639056659819e-01
3.289435324103081454e-02 2.620557366249307574e-01
3.289434991127448277e-02 2.620557366249307574e-01
5.482391873862835219e-02 3.344389206561518835e-01
5.482391873862835219e-02 3.344389206561518835e-01
7.675348423622591065e-02 4.111793988641035957e-01
7.675348423622591065e-02 4.111793988641035957e-01
9.868305306357977313e-02 4.682144789293435361e-01
1.206126218909336495e-01 5.033004877843310076e-01
1.206126185611773177e-01 5.033004877843310076e-01
1.425421873885311941e-01 5.668715216012532032e-01
1.425421873885311941e-01 5.668715216012532032e-01
1.644717528861287525e-01 5.866094264902594890e-01
1.644717528861287525e-01 5.866094348146503323e-01
1.872857882419810549e-01 6.304750704888606450e-01
2.092153537395785856e-01 6.546027929496738285e-01
2.092153537395785856e-01 6.546027929496738285e-01
2.311449225669324758e-01 6.852989842328545134e-01
2.311449225669324758e-01 6.852989842328545134e-01
2.530744980537990574e-01 7.225961594090881679e-01
2.530744980537990574e-01 7.225961594090881679e-01
2.750040735406655834e-01 7.313757945527017412e-01
2.750040735406655834e-01 7.313757945527017412e-01
2.969336157299687917e-01 7.861997082966956096e-01
2.969336157299687917e-01 7.861997082966956096e-01
3.188631912168353177e-01 7.730302639056659819e-01
3.188631912168353177e-01 7.730302639056659819e-01
3.407927667037018438e-01 7.993691526877252373e-01
3.407927667037018438e-01 7.993691526877252373e-01
2.060286736972807148e-02 2.050206648840816603e-01
2.060286736972807148e-02 2.050206648840816603e-01
4.253243619708194784e-02 3.081000235497017847e-01
4.253243619708194784e-02 3.081000235497017847e-01
6.446200169467948549e-02 3.826618505070928933e-01
6.446200169467948549e-02 3.826618588314836256e-01
8.639157052203337572e-02 4.374857725754774940e-01
1.083341453776613811e-01 4.835625745709338785e-01
1.083341420479050354e-01 4.835625745709338785e-01
1.302637108752589257e-01 5.317855127462656206e-01
1.302637108752589257e-01 5.317855127462656206e-01
1.521932763728564564e-01 5.668715216012532032e-01
1.521932763728564564e-01 5.668715216012532032e-01
1.749943057004346436e-01 6.041686967774868577e-01
2.188534400253860646e-01 6.765193574136316723e-01
2.188534400253860646e-01 6.765193574136316723e-01
2.407830021932272635e-01 6.875101505541005853e-01
2.407830021932272635e-01 6.875101505541005853e-01
2.627125776800938173e-01 7.225961594090881679e-01
2.627125776800938173e-01 7.225961594090881679e-01
2.846551392166964400e-01 7.357330887294324384e-01
2.846551392166964400e-01 7.357330887294324384e-01
3.065847147035630216e-01 7.795987244036427510e-01
3.065847147035630216e-01 7.795987244036427510e-01
3.293857540204102041e-01 7.927681771190631110e-01
3.293857540204102041e-01 7.927681771190631110e-01
1.534809564159035460e-02 1.765355983001927198e-01
1.534809564159035460e-02 1.765355983001927198e-01
3.727766446894423269e-02 2.796149985877671718e-01
3.727766446894423269e-02 2.796149985877671718e-01
6.007869046676607427e-02 3.629239456180864964e-01
6.007869046676607427e-02 3.629239456180864964e-01
8.200825596436361886e-02 4.309173120775008359e-01
1.039378247917174952e-01 4.747829477517110375e-01
1.258673902893150398e-01 5.230384009977282478e-01
1.258673902893150398e-01 5.230384009977282478e-01
1.478099651449430452e-01 5.581244098527157194e-01
1.697395339722969076e-01 5.953890616338731734e-01
1.697395339722969076e-01 5.953890616338731734e-01
1.916690994698944661e-01 6.348648880606675426e-01
2.144701287974726256e-01 6.633824280932874018e-01
2.144701254677162938e-01 6.633824280932874018e-01
2.363997109438519262e-01 6.940786193764680867e-01
2.363997109438519262e-01 6.940786193764680867e-01
2.583292531331550790e-01 7.094267150180584292e-01
2.583292531331550790e-01 7.094267150180584292e-01
2.802588286200216050e-01 7.401229063012392251e-01
2.802588286200216050e-01 7.401229063012392251e-01
3.022013901566242278e-01 7.598608111902456219e-01
3.022013901566242278e-01 7.598608195146363542e-01
3.241309656434908093e-01 7.752414302269120538e-01
3.241309656434908093e-01 7.752414302269120538e-01
3.460605411303573908e-01 8.015478039382859521e-01
3.460605411303573908e-01 8.015478039382859521e-01
1.183624491390123691e-02 1.501967261669152620e-01
1.183624491390123691e-02 1.501967261669152620e-01
5.569537923885266306e-02 3.453971987259354393e-01
7.762494473645020765e-02 4.111793988641035957e-01
1.004389800923025100e-01 4.660033126080974641e-01
1.004389800923025100e-01 4.660033126080974641e-01
1.223685455899000546e-01 5.120475995328684915e-01
1.442981144172539310e-01 5.646928703506923775e-01
1.442981144172539310e-01 5.646928703506923775e-01
1.662276799148514617e-01 6.019575221318498315e-01
1.662276799148514617e-01 6.019575304562407858e-01
1.881572487422053519e-01 6.260852529170538583e-01
1.881572487422053519e-01 6.260852529170538583e-01
2.100868142398028826e-01 6.546027929496738285e-01
2.320163863969131046e-01 6.809091749854385700e-01
2.539459618837797139e-01 7.138165242654744835e-01
2.767599872503629377e-01 7.269859769808949546e-01
2.767599872503629377e-01 7.269859769808949546e-01
2.986895627372295747e-01 7.708190975844199100e-01
2.986895627372295747e-01 7.708190975844199100e-01
3.206191049265326720e-01 7.642506287620524086e-01
3.206191049265326720e-01 7.642506287620524086e-01
2.060286736972807148e-02 2.050206648840816603e-01
2.060286736972807148e-02 2.050206648840816603e-01
4.253243619708194784e-02 2.971417454799182289e-01
4.253243619708194784e-02 2.971417454799182289e-01
6.446200169467948549e-02 3.717035724373093375e-01
6.446200169467948549e-02 3.717035724373093375e-01
8.639157052203337572e-02 4.287386608269400101e-01
1.083341453776613811e-01 4.857412258214945933e-01
1.083341420479050354e-01 4.857412258214945933e-01
1.302637108752589257e-01 5.339966790675116926e-01
1.521932763728564564e-01 5.712613308486691466e-01
1.521932763728564564e-01 5.712613391730599899e-01
1.749943057004346436e-01 6.107371572754635158e-01
1.749943057004346436e-01 6.107371572754635158e-01
2.188534400253860646e-01 6.633824280932874018e-01
2.188534400253860646e-01 6.633824280932874018e-01
2.407830021932272635e-01 7.006796032695210563e-01
2.407830021932272635e-01 7.006796032695210563e-01
2.627125776800938173e-01 7.072480637674978254e-01
2.627125776800938173e-01 7.072480637674978254e-01
2.846551392166964400e-01 7.511136994417080270e-01
2.846551392166964400e-01 7.511136994417080270e-01
1.008031788517851218e-02 1.392384147995683330e-01
