0.018 1.5794
0.02 1.5794
0.03 1.5792
0.04 1.579
0.05 1.5788
0.06 1.5785
0.07 1.5783
0.08 1.578
0.09 1.5777
0.1 1.5774
0.11 1.577
0.12 1.5765
0.13 1.576
0.14 1.5753
0.15 1.5746
0.16 1.5738
0.17 1.573
0.18 1.5721
0.19 1.5711
0.2 1.57
0.21 1.569
0.22 1.5678
0.23 1.5667
0.24 1.5655
0.25 1.5644
0.26 1.5632
0.27 1.5619
0.28 1.5607
0.29 1.5594
0.3 1.5579
0.31 1.5558
0.32 1.5523
0.33 1.5462
0.34 1.5409
0.35 1.538
0.36 1.5362
0.37 1.5349
0.38 1.5336
0.39 1.5318
0.4 1.5269
0.41 1.5215
0.42 1.5178
0.43 1.5146
0.44 1.5108
0.45 1.5062
0.46 1.5004
0.47 1.493
0.48 1.4837
0.49 1.4717
0.5 1.456
0.51 1.4342
0.52 1.4022
0.53 1.3553
0.54 1.2813
0.55 1.292
0.56 1.2216
0.57 1.1923
0.58 1.1799
0.59 1.1563
0.6 1.1288
0.61 1.098
0.62 1.0635
0.63 1.0734
0.64 1.0496
0.65 1.025
0.66 1.0008
0.67 0.978
0.68 0.9576
0.69 0.9397
0.7 0.924
0.71 0.9097
0.72 0.896
0.73 0.8828
0.74 0.8705
0.75 0.8593
0.76 0.8497
0.77 0.8419
0.78 0.8357
0.79 0.8307
0.8 0.8264
0.81 0.8226
0.82 0.819
0.83 0.8156
0.84 0.8123
0.85 0.809
0.86 0.8059
0.87 0.8028
0.88 0.7997
0.89 0.7968
0.9 0.7939
0.91 0.7914
0.92 0.7895
0.93 0.7885
0.94 0.788
0.95 0.7879
0.96 0.7881
0.97 0.7884
0.98 0.7887
0.99 0.7892
1 0.7897
1.01 0.7902
1.02 0.7909
1.03 0.7915
1.04 0.7923
1.05 0.7931
1.06 0.794
1.07 0.7949
1.08 0.796
1.09 0.7972
1.1 0.7985
1.11 0.8001
1.12 0.8021
1.13 0.8047
1.14 0.8087
1.15 0.816
1.16 0.8271
1.17 0.8353
1.18 0.842
1.19 0.8479
1.2 0.8526
1.21 0.8548
1.22 0.8533
1.23 0.8502
1.24 0.8468
1.25 0.8433
1.26 0.84
1.27 0.837
1.28 0.8344
1.29 0.8319
1.3 0.8296
1.31 0.8273
1.32 0.825
1.33 0.8274
1.34 0.83
1.35 0.8325
1.36 0.835
1.37 0.8375
1.38 0.84
1.39 0.8424
1.4 0.8449
1.41 0.8475
1.42 0.8504
1.43 0.8538
1.44 0.8576
1.45 0.8615
1.46 0.8657
1.47 0.8701
1.48 0.8747
1.49 0.8798
1.5 0.8856
1.51 0.8944
1.52 0.9187
1.53 0.934
1.54 0.9469
1.55 0.9595
1.56 0.9728
1.57 1.0174
1.58 1.0241
1.59 1.0295
1.6 1.0378
1.61 1.0591
1.62 1.0683
1.63 1.0756
1.64 1.0815
1.65 1.0865
1.66 1.0922
1.67 1.1008
1.68 1.1155
1.69 1.1337
1.7 1.141
1.71 1.1476
1.72 1.1548
1.73 1.162
1.74 1.1682
1.75 1.173
1.76 1.1765
1.77 1.1788
1.78 1.1803
1.79 1.1814
1.8 1.1822
1.81 1.183
1.82 1.1838
1.83 1.1848
1.84 1.1862
1.85 1.188
1.86 1.19
1.87 1.1918
1.88 1.1926
1.89 1.1916
1.9 1.1884
1.91 1.1835
1.92 1.1776
1.93 1.1715
1.94 1.1656
1.95 1.1601
1.96 1.1548
1.97 1.1496
1.98 1.1444
1.99 1.139
2 1.1331
2.01 1.1242
2.02 1.1157
2.03 1.1151
2.04 1.1151
2.05 1.1154
2.06 1.1157
2.07 1.116
2.08 1.1164
2.09 1.1167
2.1 1.117
2.11 1.1173
2.12 1.1175
2.13 1.1177
2.14 1.1177
2.15 1.1176
2.16 1.1174
2.17 1.117
2.18 1.1162
2.19 1.115
2.2 1.1131
2.21 1.1104
2.22 1.1065
2.23 1.1011
2.24 1.0946
2.25 1.0877
2.26 1.0807
2.27 1.0737
2.28 1.0665
2.29 1.0591
2.3 1.0515
2.31 1.0437
2.32 1.0355
2.33 1.0269
2.34 1.0178
2.35 1.0082
2.36 0.9979
2.37 0.987
2.38 0.9755
2.39 0.964
2.4 0.9529
2.41 0.9424
2.42 0.9327
2.43 0.9239
2.44 0.9158
2.45 0.9085
2.46 0.9019
2.47 0.8958
2.48 0.89
2.49 0.8845
2.5 0.8791
2.51 0.8738
2.52 0.8686
2.53 0.8633
2.54 0.8578
2.55 0.8518
2.56 0.8447
2.57 0.8337
2.58 0.8174
2.59 0.8109
2.6 0.8074
2.61 0.8049
2.62 0.8029
2.63 0.8012
2.64 0.7997
2.65 0.7983
2.66 0.7972
2.67 0.7962
2.68 0.7954
2.69 0.7947
2.7 0.7942
2.71 0.7939
2.72 0.7941
2.73 0.7953
2.74 0.7989
2.75 0.8055
2.76 0.8124
2.77 0.8184
2.78 0.8239
2.79 0.829
2.8 0.8338
2.81 0.8384
2.82 0.8429
2.83 0.8472
2.84 0.8514
2.85 0.8555
2.86 0.8594
2.87 0.8632
2.88 0.8669
2.89 0.8704
2.9 0.8737
2.91 0.8769
2.92 0.88
2.93 0.8828
2.94 0.8855
2.95 0.888
2.96 0.8903
2.97 0.8925
2.98 0.8946
2.99 0.8965
3 0.8983
3.01 0.9001
3.02 0.9018
3.03 0.9034
3.04 0.9051
3.05 0.9067
3.06 0.9084
3.07 0.9101
3.08 0.9119
3.09 0.9138
3.1 0.9158
3.11 0.918
3.12 0.9204
3.13 0.9232
3.14 0.9266
3.15 0.9309
3.16 0.9378
3.17 0.9515
3.18 0.9667
3.19 0.9762
3.2 0.9832
3.21 0.9892
3.22 0.9947
3.23 0.9999
3.24 1.0049
3.25 1.0098
3.26 1.0146
3.27 1.0195
3.28 1.0245
3.29 1.03
3.3 1.0361
3.31 1.0431
3.32 1.0507
3.33 1.0584
3.34 1.0658
3.35 1.0729
3.36 1.0799
3.37 1.0868
3.38 1.0938
3.39 1.1007
3.4 1.1077
3.41 1.1148
3.42 1.1221
3.43 1.1297
3.44 1.1375
3.45 1.1446
3.46 1.1504
3.47 1.1548
3.48 1.1583
3.49 1.161
3.5 1.1631
3.51 1.1646
3.52 1.1655
3.53 1.1658
3.54 1.1655
3.55 1.1647
3.56 1.1635
3.57 1.1619
3.58 1.16
3.59 1.1577
3.6 1.1552
3.61 1.1524
3.62 1.1492
3.63 1.1457
3.64 1.1416
3.65 1.1369
3.66 1.1315
3.67 1.1258
3.68 1.1199
3.69 1.1141
3.7 1.1084
3.71 1.1028
3.72 1.0974
3.73 1.092
3.74 1.0867
3.75 1.0816
3.76 1.0766
3.77 1.0716
3.78 1.0669
3.79 1.0622
3.8 1.0577
3.81 1.0534
3.82 1.0492
3.83 1.0451
3.84 1.0413
3.85 1.0375
3.86 1.0338
3.87 1.0302
3.88 1.0267
3.89 1.0232
3.9 1.0197
3.91 1.0163
3.92 1.0127
3.93 1.0092
3.94 1.0055
3.95 1.0018
3.96 0.9979
3.97 0.9938
3.98 0.9896
3.99 0.9852
4 0.9807
4.01 0.976
4.02 0.9711
4.03 0.9662
4.04 0.9611
4.05 0.9559
4.06 0.9507
4.07 0.9454
4.08 0.94
4.09 0.9346
4.1 0.9293
4.11 0.9239
4.12 0.9186
4.13 0.9133
4.14 0.908
4.15 0.9029
4.16 0.8978
4.17 0.8929
4.18 0.8881
4.19 0.8835
4.2 0.8791
4.21 0.8749
4.22 0.871
4.23 0.8673
4.24 0.8639
4.25 0.8606
4.26 0.8574
4.27 0.8543
4.28 0.8511
4.29 0.8475
4.3 0.8429
4.31 0.8392
4.32 0.8373
4.33 0.8364
4.34 0.8359
4.35 0.8356
4.36 0.8357
4.37 0.8359
4.38 0.8364
4.39 0.837
4.4 0.8379
4.41 0.8391
4.42 0.8404
4.43 0.8421
4.44 0.844
4.45 0.8463
4.46 0.849
4.47 0.8521
4.48 0.8557
4.49 0.8598
4.5 0.8643
4.51 0.8693
4.52 0.8746
4.53 0.8803
4.54 0.8861
4.55 0.8921
4.56 0.8982
4.57 0.9042
4.58 0.9101
4.59 0.9158
4.6 0.9214
4.61 0.9266
4.62 0.9315
4.63 0.9362
4.64 0.9407
4.65 0.945
4.66 0.9491
4.67 0.9531
4.68 0.9569
4.69 0.9606
4.7 0.9642
4.71 0.9677
4.72 0.9711
4.73 0.9745
4.74 0.9778
4.75 0.981
4.76 0.9842
4.77 0.9874
4.78 0.9905
4.79 0.9936
4.8 0.9968
4.81 0.9999
4.82 1.003
4.83 1.0061
4.84 1.0092
4.85 1.0124
4.86 1.0156
4.87 1.0188
4.88 1.0222
4.89 1.0256
4.9 1.0291
4.91 1.0328
4.92 1.0366
4.93 1.0406
4.94 1.0447
4.95 1.049
4.96 1.0535
4.97 1.058
4.98 1.0627
4.99 1.0673
5 1.0718
5.01 1.0763
5.02 1.0804
5.03 1.0843
5.04 1.0878
5.05 1.0911
5.06 1.0942
5.07 1.0971
5.08 1.0999
5.09 1.1027
5.1 1.1057
5.11 1.1086
5.12 1.1112
5.13 1.1134
5.14 1.1151
5.15 1.1164
5.16 1.1173
5.17 1.1179
5.18 1.1182
5.19 1.1183
5.2 1.1181
5.21 1.1178
5.22 1.1174
5.23 1.1168
5.24 1.116
5.25 1.1151
5.26 1.114
5.27 1.1127
5.28 1.1112
5.29 1.1093
5.3 1.1069
5.31 1.1036
5.32 1.0988
5.33 1.0917
5.34 1.0834
5.35 1.0756
5.36 1.0688
5.37 1.0628
5.38 1.0572
5.39 1.052
5.4 1.047
5.41 1.0421
5.42 1.0374
5.43 1.0327
5.44 1.0282
5.45 1.0238
5.46 1.0194
5.47 1.0151
5.48 1.0109
5.49 1.0067
5.5 1.0026
5.51 0.9985
5.52 0.9945
5.53 0.9905
5.54 0.9866
5.55 0.9828
5.56 0.9791
5.57 0.9754
5.58 0.9718
5.59 0.9684
5.6 0.965
5.61 0.9618
5.62 0.9586
5.63 0.9556
5.64 0.9528
5.65 0.95
5.66 0.9474
5.67 0.945
5.68 0.9426
5.69 0.9404
5.7 0.9382
5.71 0.9361
5.72 0.9341
5.73 0.9321
5.74 0.9302
5.75 0.9282
5.76 0.9263
5.77 0.9244
5.78 0.9224
5.79 0.9205
5.8 0.9184
5.81 0.9164
5.82 0.9143
5.83 0.9121
5.84 0.9099
5.85 0.9078
5.86 0.9056
5.87 0.9035
5.88 0.9014
5.89 0.8993
5.9 0.8973
5.91 0.8953
5.92 0.8935
5.93 0.8917
5.94 0.8901
5.95 0.8886
5.96 0.8872
5.97 0.886
5.98 0.885
5.99 0.8843
6 0.8837
6.01 0.8834
6.02 0.8832
6.03 0.8834
6.04 0.8838
6.05 0.8844
6.06 0.8853
6.07 0.8864
6.08 0.8878
6.09 0.8894
6.1 0.8914
6.11 0.8935
6.12 0.8959
6.13 0.8985
6.14 0.9013
6.15 0.9044
6.16 0.9076
6.17 0.911
6.18 0.9146
6.19 0.9183
6.2 0.9221
6.21 0.926
6.22 0.9301
6.23 0.9342
6.24 0.9385
6.25 0.9428
6.26 0.9471
6.27 0.9515
6.28 0.956
6.29 0.9604
6.3 0.9649
6.31 0.9694
6.32 0.9738
6.33 0.9783
6.34 0.9827
6.35 0.9871
6.36 0.9914
6.37 0.9956
6.38 0.9998
6.39 1.0038
6.4 1.0077
6.41 1.0115
6.42 1.0151
6.43 1.0186
6.44 1.0219
6.45 1.025
6.46 1.0279
6.47 1.0306
6.48 1.0332
6.49 1.0356
6.5 1.0379
6.51 1.0401
6.52 1.0422
6.53 1.0441
6.54 1.046
6.55 1.0478
6.56 1.0496
6.57 1.0513
6.58 1.0529
6.59 1.0545
6.6 1.0561
6.61 1.0576
6.62 1.059
6.63 1.0604
6.64 1.0618
6.65 1.0631
6.66 1.0644
6.67 1.0656
6.68 1.0667
6.69 1.0678
6.7 1.0689
6.71 1.0698
6.72 1.0708
6.73 1.0716
6.74 1.0724
6.75 1.0731
6.76 1.0738
6.77 1.0744
6.78 1.0749
6.79 1.0753
6.8 1.0756
6.81 1.0759
6.82 1.076
6.83 1.0761
6.84 1.076
6.85 1.0759
6.86 1.0756
6.87 1.0752
6.88 1.0747
6.89 1.0741
6.9 1.0733
6.91 1.0723
6.92 1.0711
6.93 1.0697
6.94 1.068
6.95 1.0659
6.96 1.0635
6.97 1.0605
6.98 1.0569
6.99 1.0527
7 1.048
7.01 1.0428
7.02 1.0372
7.03 1.0316
7.04 1.0261
7.05 1.0209
7.06 1.0158
7.07 1.011
7.08 1.0064
7.09 1.0019
7.1 0.9976
7.11 0.9934
7.12 0.9893
7.13 0.9853
7.14 0.9815
7.15 0.9777
7.16 0.9741
7.17 0.9706
7.18 0.9673
7.19 0.9641
7.2 0.961
7.21 0.958
7.22 0.9552
7.23 0.9525
7.24 0.9499
7.25 0.9474
7.26 0.9451
7.27 0.9429
7.28 0.9408
7.29 0.9387
7.3 0.9368
7.31 0.9349
7.32 0.9332
7.33 0.9314
7.34 0.9298
7.35 0.9282
7.36 0.9267
7.37 0.9252
7.38 0.9238
7.39 0.9225
7.4 0.9212
7.41 0.92
7.42 0.9189
7.43 0.9179
7.44 0.9169
7.45 0.916
7.46 0.9152
7.47 0.9144
7.48 0.9138
7.49 0.9132
7.5 0.9127
7.51 0.9122
7.52 0.9119
7.53 0.9116
7.54 0.9115
7.55 0.9114
7.56 0.9114
7.57 0.9114
7.58 0.9116
7.59 0.9118
7.6 0.9122
7.61 0.9126
7.62 0.9131
7.63 0.9138
7.64 0.9145
7.65 0.9154
7.66 0.9164
7.67 0.9175
7.68 0.9188
7.69 0.9202
7.7 0.9217
7.71 0.9234
7.72 0.9252
7.73 0.9271
7.74 0.9291
7.75 0.9312
7.76 0.9333
7.77 0.9355
7.78 0.9377
7.783 0.9384
