t iter dt dta diff m1 m2 ekin c1x c1y c1z c2x c2y c2z vc1x vc1y vc1z vc2x vc2y vc2z v1x v1y v1z v2x v2y v2z meshposx meshvelx 
1e-06 3 0.04911696698139276 0.02455898349069638 1.064569514691367e-08 1.937892292518726 0 0.4844730731296846 3.141592653589814 3.141592653589815 0.02454369260617031 0 0 0 3141592.653589814 3141592.653589815 24543.69260617032 0 0 0 -1.790319805361468e-18 8.951599026807342e-19 0 0 0 0 0 0 
0.04911796698139276 6 0.04911699688930707 0.02455874096767496 1.014258809239502e-06 1.937892292518726 0 0.4844730731262741 3.141592653589814 3.141592653589815 0.02454369260617031 0 0 0 0 0 0 0 0 0 -4.475799513403671e-18 -1.521771834557248e-17 0 0 0 0 0 0 
0.09823496387069983 9 0.04911704018499621 0.02455866734261601 3.177365683356611e-07 1.937892292518726 0 0.4844723609749285 3.141592653589814 3.141592653589815 0.02454369260617031 0 0 0 0 0 0 0 0 0 -2.522381573773773e-14 1.879835795629542e-16 0 0 0 0 0 0 
0.147352004055696 12 0.04911708699894392 0.02455863638183 1.24959689992513e-07 1.937892292518726 0 0.4844713062595873 3.141592653589814 3.141592653589815 0.02454369260617031 0 0 0 0 0 0 0 0 0 -3.360877854614816e-14 9.103776210263067e-16 0 0 0 0 0 0 
0.19646909105464 15 0.04911713451848541 0.02455862255731254 8.22456135420245e-08 1.937892292518726 0 0.4844701469431602 3.141592653589814 3.141592653589815 0.02454369260617031 0 0 0 0 0 0 0 0 0 -3.62790405358448e-14 1.113578918934833e-15 0 0 0 0 0 0 
0.2455862255731254 18 0.04911718192767096 0.02455861729173303 7.404325192582168e-08 1.937892292518726 0 0.4844689545147876 3.141592653589814 3.141592653589815 0.02454369260617031 0 0 0 0 0 0 0 0 0 -3.713570856271026e-14 1.254119023655709e-15 0 0 0 0 0 0 
0.2947034075007963 21 0.0491172289089584 0.02455861688641105 7.311669432547299e-08 1.937892292518726 0 0.4844677499546701 3.141592653589814 3.141592653589815 0.02454369260617031 0 0 0 0 0 0 0 0 0 -3.750719992232276e-14 1.237110985504775e-15 0 0 0 0 0 0 
0.3438206364097547 24 0.04911727536668787 0.02455861948602766 7.308684407804597e-08 1.937892292518726 0 0.4844665414419414 3.141592653589814 3.141592653589815 0.02454369260617031 0 0 0 0 0 0 0 0 0 -3.757344175512114e-14 1.280973820736131e-15 0 0 0 0 0 0 
0.3929379117764426 27 0.04911732127609558 0.02455862405847434 7.308523582306923e-08 1.937892292518726 0 0.4844653316442099 3.141592653589814 3.141592653589815 0.02454369260617031 0 0 0 0 0 0 0 0 0 -3.761103847103372e-14 1.296191539081703e-15 0 0 0 0 0 0 
0.4420552330525382 30 0.04911736664747864 0.02455862998500084 7.299903374901065e-08 1.937892292518726 0 0.4844641214287268 3.141592653589814 3.141592653589815 0.02454369260617031 0 0 0 0 0 0 0 0 0 -3.756538531599701e-14 1.299772178692426e-15 0 0 0 0 0 0 
0.4911725997000168 33 0.04911741150554401 0.02455863687298004 7.285347442604036e-08 1.937892292518726 0 0.4844629110771044 3.141592653589814 3.141592653589815 0.02454369260617031 0 0 0 0 0 0 0 0 0 -3.761103847103372e-14 1.24337710482354e-15 0 0 0 0 0 0 
0.5402900112055609 36 0.04911745588531297 0.02455864446211975 7.268510999107163e-08 1.937892292518726 0 0.4844617006807961 3.141592653589814 3.141592653589815 0.02454369260617031 0 0 0 0 0 0 0 0 0 -3.757881271453722e-14 1.285449620249534e-15 0 0 0 0 0 0 
0.5894074670908739 39 0.04911749983054649 0.02455865257390078 7.25418987727521e-08 1.937892292518726 0 0.4844604902695284 3.141592653589814 3.141592653589815 0.02454369260617031 0 0 0 0 0 0 0 0 0 -3.759044979327207e-14 1.323941496064806e-15 0 0 0 0 0 0 
0.6385249669214204 42 0.04911754339037483 0.02455866108256411 7.246117606201775e-08 1.937892292518726 0 0.4844592798529849 3.141592653589814 3.141592653589815 0.02454369260617031 0 0 0 0 0 0 0 0 0 -3.756896595560773e-14 1.270231901903962e-15 0 0 0 0 0 0 
0.6876425103117951 45 0.04911758661732836 0.02455866989763745 7.248172884016906e-08 1.937892292518726 0 0.4844580694343203 3.141592653589814 3.141592653589815 0.02454369260617031 0 0 0 0 0 0 0 0 0 -3.758597399375866e-14 1.2684415820986e-15 0 0 0 0 0 0 
0.7367600969291235 48 0.0491176295660692 0.02455867895297477 7.255542109319949e-08 1.937892292518726 0 0.4844568590145786 3.141592653589814 3.141592653589815 0.02454369260617031 0 0 0 0 0 0 0 0 0 -3.758328851405062e-14 1.309618937621914e-15 0 0 0 0 0 0 
0.7858777264951927 51 0.04911767229060556 0.0245586881995823 7.263320603321786e-08 1.937892292518726 0 0.4844556485941508 3.141592653589814 3.141592653589815 0.02454369260617031 0 0 0 0 0 0 0 0 0 -3.761640943044981e-14 1.30514313810851e-15 0 0 0 0 0 0 
0.8349953987857983 54 0.04911771484422117 0.02455869760083388 7.270436485667251e-08 1.937892292518726 0 0.4844544381732644 3.141592653589814 3.141592653589815 0.02454369260617031 0 0 0 0 0 0 0 0 0 -3.758060303434258e-14 1.311409257427276e-15 0 0 0 0 0 0 
0.8841131136300195 57 0.04911775727846585 0.02455870712917067 7.278082908208468e-08 1.937892292518726 0 0.4844532277521466 3.141592653589814 3.141592653589815 0.02454369260617031 0 0 0 0 0 0 0 0 0 -3.757612723482918e-14 1.299772178692426e-15 0 0 0 0 0 0 
0.9332308709084854 60 0.04911779964254818 0.02455871676377584 7.283112604981384e-08 1.937892292518726 0 0.4844520173310771 3.141592653589814 3.141592653589815 0.02454369260617031 0 0 0 0 0 0 0 0 0 -3.761103847103372e-14 1.284554460346854e-15 0 0 0 0 0 0 
0.9823486705510336 63 0.04911784198284493 0.02455872648890187 7.285854728666838e-08 1.937892292518726 0 0.4844508069103914 3.141592653589814 3.141592653589815 0.02454369260617031 0 0 0 0 0 0 0 0 0 -3.759761107249351e-14 1.313199577232637e-15 0 0 0 0 0 0 
1.031466512533878 66 0.04911788434261861 0.02455873629264766 7.287659502030004e-08 1.937892292518726 0 0.4844495964904897 3.141592653589814 3.141592653589815 0.02454369260617031 0 0 0 0 0 0 0 0 0 -3.760835299132568e-14 1.331997935188933e-15 0 0 0 0 0 0 
1.080584396876497 69 0.04911792676164794 0.02455874616604663 7.289937015574575e-08 1.937892292518726 0 0.4844483860718211 3.141592653589814 3.141592653589815 0.02454369260617031 0 0 0 0 0 0 0 0 0 -3.760029655220156e-14 1.265756102390558e-15 0 0 0 0 0 0 
1.129702323638145 72 0.04911796927552188 0.02455875610236806 7.294476521965308e-08 1.937892292518726 0 0.4844471756548795 3.141592653589814 3.141592653589815 0.02454369260617031 0 0 0 0 0 0 0 0 0 -3.76307319888927e-14 1.374965610517608e-15 0 0 0 0 0 0 
1.178820292913667 75 0.04911801191581307 0.0245587660965896 7.303477198746934e-08 1.937892292518726 0 0.4844459652401973 3.141592653589814 3.141592653589815 0.02454369260617031 0 0 0 0 0 0 0 0 0 -3.762715134928198e-14 1.306038298011191e-15 0 0 0 0 0 0 
1.22793830482948 78 0.04911805471004276 0.02455877614499082 7.312448420627311e-08 1.937892292518726 0 0.4844447548283407 3.141592653589814 3.141592653589815 0.02454369260617031 0 0 0 0 0 0 0 0 0 -3.757344175512114e-14 1.308723777719233e-15 0 0 0 0 0 0 
1.277056359539523 81 0.04911809768223756 0.02455878624484741 7.321071664089784e-08 1.937892292518726 0 0.4844435444198975 3.141592653589814 3.141592653589815 0.02454369260617031 0 0 0 0 0 0 0 0 0 -3.757612723482918e-14 1.384812369447096e-15 0 0 0 0 0 0 
1.32617445722176 84 0.0491181408526839 0.0245587963941865 7.329378030789041e-08 1.937892292518726 0 0.4844423340154755 3.141592653589814 3.141592653589815 0.02454369260617031 0 0 0 0 0 0 0 0 0 -3.757702239473186e-14 1.394659128376584e-15 0 0 0 0 0 0 
1.375292598074444 87 0.04911818423844427 0.02455880659160152 7.337922107600368e-08 1.937892292518726 0 0.4844411236156992 3.141592653589814 3.141592653589815 0.02454369260617031 0 0 0 0 0 0 0 0 0 -3.75985062323962e-14 1.357957572366674e-15 0 0 0 0 0 0 
1.424410782312888 90 0.0491182278534006 0.02455881683610482 7.347144248007371e-08 1.937892292518726 0 0.4844399132211922 3.141592653589814 3.141592653589815 0.02454369260617031 0 0 0 0 0 0 0 0 0 -3.75707562754131e-14 1.400030087792668e-15 0 0 0 0 0 0 
1.473529010166289 93 0.04911827170819665 0.02455882712700783 7.357545453147114e-08 1.937892292518726 0 0.4844387028325841 3.141592653589814 3.141592653589815 0.02454369260617031 0 0 0 0 0 0 0 0 0 -3.761103847103372e-14 1.359747892172035e-15 0 0 0 0 0 0 
1.522647281874486 96 0.04911831581049451 0.02455883746382781 7.369274880000683e-08 1.937892292518726 0 0.4844374924504913 3.141592653589814 3.141592653589815 0.02454369260617031 0 0 0 0 0 0 0 0 0 -3.763878842801683e-14 1.40182040759803e-15 0 0 0 0 0 0 
1.57176559768498 99 0.04911836016535181 0.02455884784621715 7.382226099269012e-08 1.937892292518726 0 0.4844362820755225 3.141592653589814 3.141592653589815 0.02454369260617031 0 0 0 0 0 0 0 0 0 -3.758239335414794e-14 1.42598972497041e-15 0 0 0 0 0 0 
1.620883957850332 102 0.04911840477577441 0.02455885827391333 7.396128631760632e-08 1.937892292518726 0 0.4844350717082718 3.141592653589814 3.141592653589815 0.02454369260617031 0 0 0 0 0 0 0 0 0 -3.754927243774876e-14 1.442997763121344e-15 0 0 0 0 0 0 
1.670002362626106 105 0.04911844964256588 0.02455886874669531 7.410604353299155e-08 1.937892292518726 0 0.4844338613493128 3.141592653589814 3.141592653589815 0.02454369260617031 0 0 0 0 0 0 0 0 0 -3.758507883385598e-14 1.473433199812488e-15 0 0 0 0 0 0 
1.719120812268672 108 0.04911849476472912 0.0245588792643528 7.425425495656851e-08 1.937892292518726 0 0.484432650999197 3.141592653589814 3.141592653589815 0.02454369260617031 0 0 0 0 0 0 0 0 0 -3.759044979327207e-14 1.464481600785681e-15 0 0 0 0 0 0 
1.768239307033401 111 0.0491185401395308 0.02455888982666125 7.440263251873204e-08 1.937892292518726 0 0.484431440658442 3.141592653589814 3.141592653589815 0.02454369260617031 0 0 0 0 0 0 0 0 0 -3.761372395074177e-14 1.467167080493723e-15 0 0 0 0 0 0 
1.817357847172932 114 0.04911858576254151 0.0245589004333615 7.454934792621203e-08 1.937892292518726 0 0.4844302303275363 3.141592653589814 3.141592653589815 0.02454369260617031 0 0 0 0 0 0 0 0 0 -3.75519579174568e-14 1.516400875141164e-15 0 0 0 0 0 0 
1.866476432935474 117 0.04911863162792332 0.02455891108414612 7.469122909837621e-08 1.937892292518726 0 0.4844290200069311 3.141592653589814 3.141592653589815 0.02454369260617031 0 0 0 0 0 0 0 0 0 -3.75707562754131e-14 1.496707357282188e-15 0 0 0 0 0 0 
1.915595064563397 120 0.04911867772835244 0.02455892177864687 7.482307663083375e-08 1.937892292518726 0 0.4844278096970323 3.141592653589814 3.141592653589815 0.02454369260617031 0 0 0 0 0 0 0 0 0 -3.760566751161764e-14 1.501183156795591e-15 0 0 0 0 0 0 
1.96471374229175 123 0.04911872405521358 0.02455893251642638 7.493665338001447e-08 1.937892292518726 0 0.4844265993981963 3.141592653589814 3.141592653589815 0.02454369260617031 0 0 0 0 0 0 0 0 0 -3.755822403677556e-14 1.534304073194778e-15 0 0 0 0 0 0 
2.013832466346963 126 0.04911877059884967 0.02455894329697396 7.502071669839041e-08 1.937892292518726 0 0.4844253891107266 3.141592653589814 3.141592653589815 0.02454369260617031 0 0 0 0 0 0 0 0 0 -3.76217803898659e-14 1.54862663163767e-15 0 0 0 0 0 0 
