grids 016 032 064
error 0.00560708916959748 0.006575506772220787 0.014024246939879997 0.0011112630495900278
error 0.001234314760488174 0.0014638338972982937 0.003300327877030773 0.0002296859928096473
order [ 2.18354167  2.16735023  2.08724204  2.27446558]

grids 032 064 128
error 0.001234314760488174 0.0014638338972982937 0.003300327877030773 0.0002296859928096473
error 0.000364302197431369 0.0004376898779272603 0.0010113256932201553 0.00016151365096411796
order [ 1.76050274  1.74177093  1.70636167  0.50800677]

grids 064 128 256
error 0.000364302197431369 0.0004376898779272603 0.0010113256932201553 0.00016151365096411796
error 0.00011222017701199188 0.0001386238821259948 0.00034649951965559644 2.4061604746383747e-05
order [ 1.6988036   1.65873319  1.54532243  2.74685134]

