grids 016 032 064
error 0.004697666697253659 0.005636992214954585 0.015087196286176052 0.0002457165872813416
error 0.001060611957239482 0.0013050276573245466 0.0029376410585834067 0.0002840763224455367
order [ 2.14704744  2.11084519  2.3605947  -0.20928334]

grids 032 064 128
error 0.001060611957239482 0.0013050276573245466 0.0029376410585834067 0.0002840763224455367
error 0.0002862604409066105 0.00034689845039116685 0.000775047906038562 9.051543775517867e-05
order [ 1.8894967   1.91149508  1.92230074  1.65004281]

grids 064 128 256
error 0.0002862604409066105 0.00034689845039116685 0.000775047906038562 9.051543775517867e-05
error 7.512033571216003e-05 9.375445330967965e-05 0.00022828996303309035 6.066606197119295e-06
order [ 1.9300529   1.88755427  1.76341806  3.8992023 ]

