0.003 0.0576
0.0582 0.122
0.1119 0.1602
0.1608 0.1954
0.213 0.2171
0.2603 0.2395
0.3093 0.2575
0.3582 0.2792
0.4072 0.2965
0.4593 0.3092
0.5099 0.3272
0.5573 0.3391
0.6126 0.3534
0.6568 0.3661
0.7121 0.3826
0.7627 0.3946
0.8053 0.4066
0.8559 0.4133
0.9127 0.4283
0.9617 0.4373
1.0107 0.4448
1.0597 0.459
1.1071 0.4665
1.1576 0.4755
1.2098 0.4897
1.2635 0.4995
1.3125 0.507
1.3599 0.516
1.4073 0.5242
1.4563 0.5332
1.5084 0.5377
1.5606 0.5452
1.6095 0.5549
1.657 0.5587
1.7107 0.5684
1.7565 0.5767
1.8102 0.5872
1.8608 0.5947
1.9082 0.5992
1.9588 0.6022
2.0077 0.6112
2.0583 0.6217
2.1089 0.6292
2.1579 0.6299
2.21 0.6382
2.259 0.6464
2.3096 0.6561
2.3586 0.6562
2.406 0.6644
2.4581 0.6749
2.5102 0.6831
2.5561 0.6824
2.6066 0.6921
2.6588 0.6996
2.7078 0.6996
