cpr dim we la m2 v2x v2y v2z pd vlmx vlmy vlmz vl2x vl2y vl2z c2x c2y c2z
0.5 2 0.1 1200.0 -0.999999999986962 -1.0 -1.0 0.0 0.0 0.0 0.0 0.0 0.0 0.0 0.0 -1.0 -1.0 0.0
0.5946035575013605 2 0.1 1200.0 -0.08010962837497027 0.21612917861174263 0.06852115441968352 0.0 0.2419090001957244 0.001891909391780808 0.00059839561059743 0.0 0.0047555849171607815 0.0020930984655843448 0.0 0.5564443609226795 0.3756623437178578 0.0
0.7071067811865476 2 0.1 1200.0 -0.014934150905541642 -0.15329950027362044 -0.684548432333601 0.0 0.6372029900692466 0.009667973059234544 0.024635970214442908 0.0 0.012745333871055135 0.024670013472673013 0.0 0.08305804788998088 -0.2615494003958209 0.0
0.8408964152537145 2 0.1 1200.0 -0.0004253261442305308 -1.0926134754687293 -1.444838476687345 0.0 0.6930055774480719 0.07062494268718407 0.09039998077969992 0.0 0.07697573479278502 0.08845310142502127 0.0 -0.7152847990820921 -1.002129315886135 0.0
1.0 2 0.1 1200.0 -0.0010626501503644887 -1.4223619260128495 -1.3761631604287177 0.0 0.7424252028694496 0.14106153574767402 0.09964110307266438 0.0 0.1310834391518435 0.0806188917099713 0.0 -1.0747843280571232 -1.0466786640302213 0.0
1.189207115002721 2 0.1 1200.0 0.0012560721730215756 -0.04798608985228816 0.3049766245100165 0.0 1.4498490893665767 0.006616827239155374 0.014295758000887771 0.0 0.0038782395553332823 0.007139948723660403 0.0 -0.03170162037879029 0.23554000141634604 0.0
1.4142135623730951 2 0.1 1200.0 -0.0017879866444637028 -0.30825027562732155 -0.25252361386046485 0.0 1.41552236620162 0.028164018101243176 0.015341885437622358 0.0 0.015092912280219146 0.006091683643990589 0.0 -0.11778445972602224 -0.05349476103481129 0.0
1.681792830507429 2 0.1 1200.0 -0.002148315748415547 -0.15708129565179482 0.051169692459049586 0.0 1.2461001107675 0.005377873378073498 0.0027912740083153083 0.0 0.002168381716639285 0.000881623646597373 0.0 -0.07936835905298746 0.0549163992931466 0.0
2.0 2 0.1 1200.0 0.0016125990606779888 0.006217265418495348 -0.011824304665285959 0.0 1.1299633717876651 0.0004407710008908266 0.0004978358700007927 0.0 0.00015442408265127188 0.00016710794818934277 0.0 0.012078953260685693 0.01332608717772781 0.0
2.378414230005442 2 0.1 1200.0 0.000602397065772551 -0.01748943702561642 0.018618598398948843 0.0 1.0869719713668697 0.00023500916502661827 0.00040177130099758703 0.0 6.708844276677044e-05 8.381837628190211e-05 0.0 -0.0009508542092907108 0.026825803138018692 0.0
2.8284271247461903 2 0.1 1200.0 -6.431903817303051e-05 -0.002965541922676544 0.0003015027738297604 0.0 1.0625381066748276 0.00012467425651175343 0.00021815567692589217 0.0 3.272820968984293e-05 4.2382331624071996e-05 0.0 0.005708288832293652 0.006617751923365257 0.0
3.363585661014858 2 0.1 1200.0 -0.0031424531827921524 -0.0006593722850305816 -0.0049110260867583485 0.0 1.0497318994393523 0.0001676451547542369 0.00018352866545479012 0.0 3.112932810410855e-05 3.4011075769083706e-05 0.0 0.005971726858479088 -0.0015478346360012043 0.0
4.0 2 0.1 1200.0 -0.0006826588855312023 -0.0037352489767670527 -0.0031156093475839283 0.0 1.040818554399644 0.00015699020994932916 0.00015513526562945573 0.0 2.5121165840680302e-05 2.5788338532085856e-05 0.0 0.002426266730298352 -0.00020456103114220898 0.0
4.756828460010884 2 0.1 1200.0 -0.0006996995795736704 -0.0011992827486060867 0.003145837411406763 0.0 1.0332732327645202 0.00011903900043287434 0.00010934961404666116 0.0 1.629199391839717e-05 1.6194409702223747e-05 0.0 0.00029605070312744224 0.006585426422199553 0.0
5.656854249492381 2 0.1 1200.0 -0.001344801741230594 0.006123143855619892 0.002123771639437698 0.0 1.0245781457268592 3.585996719171412e-05 3.795592795787841e-05 0.0 6.400163173927472e-06 4.090958123730051e-06 0.0 0.006805316724144277 0.002030932560595002 0.0
6.727171322029716 2 0.1 1200.0 -0.00048712104545479057 0.00465108955471075 0.006730446179388675 0.0 1.0172602343896444 2.1940122163647803e-05 2.5382786919366917e-05 0.0 3.023931179333551e-06 3.447915001098225e-06 0.0 0.0039009215236314003 0.0065633245582139245 0.0
8.0 2 0.1 1200.0 -0.0006963747209654713 0.004242655327541364 0.006584693178863735 0.0 1.0141315497341024 1.7649861256366216e-05 2.179829214207581e-05 0.0 2.642629153690273e-06 3.3709580065607993e-06 0.0 0.003810262866937821 0.005761621424709845 0.0
