0 0.0078125
0.5 0.046875
1 0.28125
1.5 0.515625
2 0.7109375
2.5 0.90625
3 1.0625
3.5 1.21875
4 1.3359375
4.5 1.453125
5 1.5703125
5.5 1.6484375
6 1.7265625
6.5 1.765625
7 1.8046875
7.5 1.8046875
8 1.8046875
8.5 1.8046875
9 1.8046875
9.5 1.8046875
10 1.8046875
10.5 1.8046875
11 1.8046875
11.5 1.8046875
12 1.8046875
12.5 1.765625
13 1.765625
13.5 1.765625
14 1.765625
14.5 1.765625
15 1.765625
15.5 1.765625
16 1.765625
16.5 1.765625
17 1.765625
17.5 1.765625
18 1.765625
18.5 1.765625
19 1.765625
19.5 1.765625
20 1.765625
