0 -2.990234375
0.5 0.06640625
1 0.330078125
1.5 0.564453125
2 0.7890625
2.5 0.984375
3 1.169921875
3.5 1.3359375
4 1.482421875
4.5 1.609375
5 1.716796875
5.5 1.814453125
6 1.8828125
6.5 1.931640625
7 1.970703125
7.5 1.98046875
8 1.990234375
8.5 1.98046875
9 1.98046875
9.5 1.970703125
10 1.9609375
10.5 1.951171875
11 1.951171875
11.5 1.94140625
12 1.94140625
12.5 1.94140625
13 1.94140625
13.5 1.931640625
14 1.931640625
14.5 1.931640625
15 1.931640625
15.5 1.931640625
16 1.931640625
16.5 1.931640625
17 1.931640625
17.5 1.931640625
18 1.931640625
18.5 1.931640625
19 1.931640625
19.5 1.931640625
20 1.931640625
