0 0.0
0.5 0.06640625
1 0.3203125
1.5 0.5546875
2 0.76953125
2.5 0.96484375
3 1.140625
3.5 1.296875
4 1.43359375
4.5 1.5703125
5 1.66796875
5.5 1.765625
6 1.82421875
6.5 1.8828125
7 1.921875
7.5 1.94140625
8 1.94140625
8.5 1.94140625
9 1.94140625
9.5 1.921875
10 1.921875
10.5 1.90234375
11 1.90234375
11.5 1.90234375
12 1.90234375
12.5 1.90234375
13 1.90234375
13.5 1.90234375
14 1.90234375
14.5 1.90234375
15 1.90234375
15.5 1.90234375
16 1.90234375
16.5 1.90234375
17 1.90234375
17.5 1.90234375
18 1.90234375
18.5 1.90234375
19 1.90234375
19.5 1.90234375
20 1.90234375
