t dragx dragy vdragx vdragy ekin
0.146337093806357 11.71599513773774 0.0001545955306188063 1.108597395898488 -1.369399686973471e-05 0.4994803132587639
0.3114331081711108 1.503073812336933 1.646528114657153e-05 0.664466024243395 1.333207739442899e-06 0.5076232126731113
0.4827584273798038 1.353402229529576 1.28390800435696e-07 0.5582110935280117 1.739075304874049e-07 0.5090736939691423
0.6581446898597044 1.286234653712628 9.467171188659584e-07 0.5029226460143501 1.326879541015819e-07 0.5103849234376052
0.8364280390294191 1.256705882866301 1.650783063522621e-06 0.4701452123651506 2.025590065180861e-07 0.51171717515777
1.016848689027469 1.24448044765015 1.147821792446546e-06 0.449217446797891 2.127551051549215e-07 0.5130829105135727
1.198900632357549 1.240373203550545 1.054347226359109e-06 0.4352436088047147 2.108517329277304e-07 0.5144730174853098
1.38219917763569 1.24199808672741 6.609142570446203e-07 0.4256254121250781 1.831680331715324e-07 0.5158765648877757
1.566415091970668 1.238911538857908 4.846941856762044e-07 0.4189328447304912 1.383052709164057e-07 0.5172863621996899
1.751245577517615 1.238333063711875 2.412360510795075e-07 0.4142620179464558 8.820407983167744e-08 0.5186881930179236
1.936400533675827 1.240947304687538 5.699603344844206e-09 0.4108647209568891 4.376692302500429e-08 0.520077987900895
2.12165699067541 1.2405074747253 -1.033485988455318e-07 0.4082150759766163 1.820734837204574e-08 0.5214487026111616
2.306906183623997 1.237066580319462 -2.092632759298496e-07 0.4059201973046607 6.367631888784531e-09 0.5227944898733572
2.492165631576226 1.236216909967481 1.268593728620537e-06 0.4038419460973428 -5.149933138097473e-08 0.5241123399654172
2.677536912065067 1.231524595711407 -1.018961953591635e-06 0.4019122675914014 -2.065131350821592e-08 0.5253978612345214
2.863116231309571 1.22775927668149 -4.054628507388358e-07 0.400166629138607 -4.424478961158329e-09 0.5266592554149463
3.048972555065023 1.224116937714732 -3.09816055493739e-06 0.3985427126573162 -9.859872555483679e-08 0.527888094662784
3.235128356402586 1.22060354384652 1.109393382076052e-06 0.3970886000469607 8.19969572622703e-09 0.5290883118280927
3.421569438709324 1.217013247915328 -4.215920859085287e-07 0.3958069928719626 -1.202645338437697e-08 0.5302614736464938
3.608260187442558 1.214061090856243 1.109935571785847e-07 0.3946850475047979 -6.036749333054869e-09 0.5314057618811459
3.795172203390633 1.212870368579253 -1.088531189158415e-06 0.3937192172926783 -4.521002153461823e-08 0.5325246323816741
3.982270825616761 1.210221880088656 3.325886814842249e-07 0.3928551431595967 -8.87627471524155e-09 0.5336182648485239
4.169522372724086 1.207852246609109 4.558702413337556e-07 0.3920984241488711 4.842246062106148e-08 0.5346879923205892
4.35690574865369 1.206159573275223 4.730246508993785e-05 0.391422945763324 4.916059674914958e-07 0.5357333278210357
4.544406394779104 1.207223154008748 -4.498352458950916e-05 0.3908454563419306 -4.509772070860132e-07 0.5367563992695474
4.732006021295761 1.203181810555906 0.0005512587698715543 0.3903088066146932 -9.481344208882303e-08 0.5377566407598602
4.919693063541274 1.202108396034682 8.329911227289433e-05 0.3898439967975191 3.209078401756119e-06 0.5387354933360339
5.107460451492996 1.200614665610928 0.000193705334391836 0.3894168726849891 1.356252034018755e-06 0.5396944174017659
5.295301804554634 1.199542606308932 -0.0001195043591929457 0.3890291449833003 -9.335343735795976e-06 0.5406331705069788
5.483211232039788 1.197991738673434 -0.0003284155040313708 0.3886916695691724 3.64787219005961e-06 0.5415514639291565
5.67118247988259 1.196617151712749 9.597813009432077e-05 0.3883838546156692 5.747282326899229e-06 0.5424529779597381
5.859206602907691 1.197195649725071 0.0002155709301214781 0.3881317275961931 4.517331783060116e-06 0.5433358275436451
6.047278000108667 1.196870897001435 2.316066322560761e-06 0.3878957280372236 1.223620251155841e-07 0.5442010918991304
6.235391571386796 1.19608929325211 3.306351779419625e-06 0.3876423649881099 -2.298969461293765e-07 0.5450441907098775
6.42354290354141 1.194956291578523 -8.531073589945759e-06 0.3874522583106689 -5.75239475393563e-08 0.5458765873909495
6.611728435807644 1.19400052863226 1.772344886935562e-06 0.3872465989783369 -2.260987375449219e-08 0.5466912346461446
6.799944534400799 1.19125908764746 0.0003444611061119984 0.3870981303941201 1.604030863851073e-06 0.5474911230925201
6.988188119634518 1.193462591976573 9.680468207590165e-05 0.3869742648470855 7.036349409186675e-06 0.5482792913532166
7.176456639428712 1.192954142121942 2.783461163882728e-05 0.3868313097397521 5.225579621126464e-06 0.5490467712055439
7.364747588546041 1.193588122418201 -0.0001513550620187987 0.3867417033614693 -2.484444619229101e-06 0.5498019251867396
7.55305837921968 1.192881428093987 0.0004680262253172751 0.3866367601618232 1.549134795893539e-05 0.55054093159583
7.741387366678942 1.192173561245954 9.250206417610318e-05 0.3865223790459686 2.811552072483348e-06 0.5512592194054928
7.929732662057891 1.191141630995357 -0.0003691990127976108 0.3864431697179112 -8.295890415108143e-06 0.5519635875073235
8.118092475589732 1.19141386593198 -3.298860890110777e-05 0.386369511806512 -2.316031653594279e-06 0.5526496106000749
8.306465447357409 1.191400305130037 -0.0002469571663231696 0.3862928299374339 -2.486305462945197e-06 0.5533163716237929
8.494850099836833 1.191300201039136 -6.139643842001385e-05 0.38623984385295 -5.859454479325253e-06 0.5539676008786476
8.683244585340887 1.191305612306909 -0.0001424357781457664 0.3861987543524882 -2.213793975831303e-06 0.5545997454467315
8.871647780187885 1.190863841192557 -0.0004925781952508645 0.3861281868178441 -5.352344169221902e-06 0.5552135280735204
9.060058741780525 1.189783012860949 -0.00067321040721674 0.3860888110026495 -3.555081149000418e-06 0.555812420389759
9.248476906218711 1.190724525605334 0.0001263556773215269 0.386043444258882 2.484668427675703e-06 0.5563858545025538
9.436901473564664 1.190757900053889 -8.002988563238222e-07 0.3860137875393645 1.973430248022705e-06 0.5569456374852257
9.625331689126689 1.190487006333016 6.685912001627714e-05 0.3859849453474647 3.371809425330857e-07 0.5574862506980383
9.813766747814872 1.190771079103772 0.0001160297807382693 0.3859590925442786 6.060473741610617e-06 0.55800984088232
10.00220662834067 1.188452005099397 -1.646271168220803e-06 0.3859115355497625 -2.505788993798115e-06 0.5585069227921922
10.19065066590238 1.189208858049411 0.0004547288937869209 0.3858557832665236 -9.223069253735602e-07 0.5589785252981947
10.37909847507053 1.190432640140008 0.0004162607218078651 0.3858821109520106 1.629325901327233e-05 0.5594369287362246
10.56754953592078 1.190423664754775 0.0001099870212844523 0.3858538982769543 6.132985127431725e-07 0.5598727496637597
10.75600359109816 1.189770729521855 0.0002499483797244184 0.3858570692067014 4.716680647983383e-06 0.5602897251169876
10.94446033248111 1.190388496346686 -9.071439841731865e-05 0.3858366282044229 1.343145234712281e-06 0.5606828099530354
11.13291955531392 1.190001778279947 -6.776681707176824e-07 0.3858174447254533 1.782609132654558e-06 0.5610531972011032
11.32138098817121 1.188596258081099 0.0004020217934811721 0.3857757091350508 3.856762396349175e-06 0.5613988185128279
11.50984440611918 1.190014291497104 4.375193925212906e-05 0.3857812581252873 2.176616572744684e-06 0.5617324326859312
11.69830969956182 1.192742536122321 -0.0009712810291183371 0.3857943303470673 2.277871005649471e-05 0.5620422433750936
11.88677637553653 1.18962195034953 -0.0001617371208439689 0.3857489080507422 -6.328320906875615e-06 0.5623279050972247
12.07524454953897 1.1894628285986 0.0002216613203172568 0.3857356333932812 8.752232812143587e-06 0.5625983164481901
12.26371404764711 1.1909064522654 -0.0003652563107279239 0.3857526299951217 -4.865949633886882e-06 0.562850777849866
12.4521847950387 1.189725373257863 -3.737844772866428e-05 0.3857413727224612 -4.10403838552436e-06 0.5630824263942309
12.64065656530781 1.188374781309204 0.001988600330335044 0.3857364084832413 9.28224128114892e-06 0.563298209904894
12.82912923226019 1.189955344831324 -0.0001581166312227267 0.3857346312953216 -6.564028515700787e-06 0.5634945349910977
13.01760277053175 1.189437389971192 0.00021257586971693 0.3857242183249855 1.13263952505431e-05 0.5636744509909837
13.20607701467903 1.189970549125563 3.903723746989662e-05 0.3857285763977316 -2.411049718126224e-06 0.5638422073720111
13.39455191557406 1.189805274087349 -1.034041160941079e-05 0.3857084645507445 4.638756204896829e-06 0.563989372238421
13.58302759301377 1.190351904654542 -0.0004803924481003308 0.3857534801368416 1.119967285826903e-06 0.5641295170105358
13.77150377559806 1.189723646649069 2.387316476534784e-05 0.385704225400912 5.414068029783656e-06 0.5642484498582057
13.95998053206992 1.191299011901106 -0.0001998339296363505 0.3857252395029567 -5.163561801874855e-06 0.5643620736537486
14.14845750725672 1.189814104404628 -6.539176016445714e-05 0.3857043991889083 -7.661344035366988e-06 0.5644646113913301
14.33693498861346 1.189336217852654 0.0002109402260032645 0.385700741392268 4.999445798655258e-06 0.564554715579123
14.52541285001401 1.189785191158095 0.003146696623276962 0.3857279087157603 2.134687533218889e-05 0.5646413139626814
14.71389129703126 1.190042635896695 -0.0005055837215770242 0.3857025930729406 -1.632522358436129e-05 0.5647084018258731
14.90236981572386 1.189143259264138 -2.356237405246042e-05 0.3856926776604491 1.708143819693572e-06 0.5647726385748834
15.09084882572589 1.189881864626821 -0.0001125412888299815 0.3856945588504902 4.875166816574981e-06 0.5648285771618178
15.27932779703158 1.188928867162213 -0.0002474245489434423 0.3856868956800669 -1.742132916795255e-05 0.5648818900898376
15.46780714209204 1.189477406931263 -6.371952501624256e-05 0.3856790644788415 8.169530019125522e-06 0.5649254866570129
15.65628633452555 1.18860525029098 0.0001282382940281102 0.385701123019857 7.350471061433501e-06 0.5649682677620801
15.84476589037509 1.189675370533057 -0.000621858513076945 0.3856938270273697 6.30141098610041e-06 0.5650000641380826
16.03324566450206 1.19016302091748 -0.0007473371781170357 0.3857226970812734 -2.283200724309282e-05 0.5650363038884646
16.22172517161603 1.192389659005026 0.0008344130945544814 0.3856779972908649 9.311233726505726e-06 0.5650549137397871
16.4102051374071 1.18972689814353 0.0002403086050642156 0.3856888149528999 -2.062877704054038e-05 0.5650823947648449
16.59868512170586 1.189947250755335 0.0002964258416532917 0.3856897550072634 1.234267694026191e-05 0.5651021045824673
16.78716517118937 1.189811768237629 -0.0006557124464728892 0.3856994505769175 -1.318336196422937e-05 0.5651250098041101
16.97564537579363 1.19047829620946 2.474315228939705e-05 0.385703367065296 6.795032001208519e-06 0.565139961446072
17.16412546985788 1.188114747734893 0.0007342071890314439 0.3856737230675671 -7.637483671178204e-06 0.5651539117732731
17.35260599122199 1.190436714697638 7.761063538916368e-05 0.3856992973239993 4.160468606122236e-07 0.5651646446551395
17.54108619185206 1.189914659059428 0.0005067574405691611 0.3856810246132675 8.738708710556709e-06 0.5651761503359574
17.72956664508035 1.189692750760551 0.0009738786081155693 0.3856859147392324 3.084888741530442e-07 0.5651862793990794
17.91804712558256 1.188880442548258 -9.348883207921377e-05 0.3856823216109725 -6.998346830385839e-06 0.5651984326217911
18.1065274805177 1.190782052686779 -0.0003150414784530431 0.3857173813624109 -6.349939141804366e-06 0.5652064918769248
18.29500788132259 1.189715644578775 0.0001441968337232702 0.3856899526360292 4.989078820542489e-06 0.5652111793422281
18.48348837540525 1.189808154483907 -0.000197069016133089 0.3856915697013715 -9.977348954074393e-06 0.5652163997285788
18.67196892233699 1.189430953532133 0.0005214613311342597 0.3856866237023651 -8.247267597951899e-06 0.5652238144161748
18.86044940413121 1.19012745612577 0.00090206551254704 0.3856919283725171 1.558084496996407e-05 0.5652268823905017
19.04892989604815 1.191732133835731 0.0003063531040801148 0.3856529282421904 -3.014183485231317e-06 0.5652220294196537
19.2374105551341 1.192229225767885 -0.001787013935820758 0.3857421742810401 2.495382266806678e-06 0.5652402861850384
19.42589095445591 1.18956836872109 0.0001911661115765184 0.3856856291662693 1.222039620143219e-05 0.5652374997286068
19.61437161435002 1.191127356938434 0.0006076985205958896 0.3856990241609817 -5.352748954375215e-06 0.5652389670604946
19.80285231180306 1.189000206136285 -0.0002440036516726252 0.3856891482207223 6.405416517508977e-07 0.5652459036340329
19.9913326575926 1.187477158159516 0.0005623878846647279 0.385623662280293 -5.014260432202947e-06 0.5652399372032557
