t dragx dragy vdragx vdragy ekin
0.09733114698507744 8.262086183404335 7.298621512874526e-05 1.242679635616295 -1.305939803350475e-05 1.001603099347678
0.2387610261423444 1.730239631776096 -1.869552344546666e-06 0.7774590773336023 -1.745879157633023e-07 1.013850927196711
0.3859743862593781 1.482774454290118 -2.231845918465591e-06 0.6316724285857427 1.034702709901136e-07 1.016186971831986
0.5369033469112958 1.374961016431607 -3.411204346548402e-06 0.5584867895134812 5.165985504998472e-08 1.018473333056493
0.6905011551742515 1.321522971788643 2.560283707819799e-07 0.5150272086758925 1.100043180964419e-07 1.020759570876391
0.8460348455883184 1.294961845879206 -1.765565911193701e-06 0.4870107138734207 5.690270920687829e-08 1.023059674555959
1.003064832747413 1.279822519738197 -1.730883609218914e-07 0.4679724902859004 4.800444406566351e-08 1.025402138313044
1.16126484254625 1.27522555477363 7.318591299654287e-08 0.454627279309538 8.330065633804784e-08 1.027776421693559
1.320301042044141 1.268809805050083 6.431018609309724e-07 0.4449822621367524 8.492802822980539e-08 1.030148185090275
1.480044642734156 1.268359152406131 1.182167056801298e-06 0.4380490986633296 5.73505884692016e-08 1.032527686464093
1.640257990869527 1.267404810342062 1.206164188638503e-06 0.4329509511134522 6.437977837642217e-08 1.034898998151914
1.800777179573903 1.267648600375204 -1.872208467701419e-07 0.4291762236354224 2.193802759245522e-08 1.037259300380594
1.961493333340032 1.268779859476762 -1.730537456112735e-07 0.4262571792654315 2.312903214958528e-08 1.039587858689756
2.122235109257588 1.266170196922797 5.944512906919108e-07 0.4238689390310341 8.471078224298045e-09 1.041893778486388
2.282952253404225 1.264860791841215 -2.413287503166828e-08 0.421802935992278 -9.453337661280425e-10 1.044163190212007
2.443675154941218 1.263137684293473 -9.523410229861362e-07 0.4199351584707953 -3.777808642302372e-09 1.046388365292624
2.604431707391815 1.259404441903888 -5.268429087434967e-08 0.4181976250061314 -5.472365305694837e-09 1.048582218224233
2.7652349727359 1.256128453147386 -2.759463027524056e-08 0.4165683959006894 -2.654430727305757e-09 1.050721441779489
2.926157411737512 1.25356915253684 1.13407136959065e-07 0.4150741601836903 1.189060230485928e-09 1.052823283246254
3.087248054241136 1.250114335628119 1.097426520768607e-07 0.4137088856678294 8.550357341423342e-09 1.054885167825683
3.24849597729044 1.246910394195214 1.289023239536835e-07 0.4124647298088078 1.425344136728873e-08 1.056904381298703
3.409896510943318 1.244374647702291 1.452435707816058e-07 0.4113251239124952 1.930833541316512e-08 1.058880054798901
3.571449261919609 1.240810579721341 1.567973354488217e-07 0.4103316316418479 2.388429165903205e-08 1.060821575873823
3.733145067283448 1.240065007537625 1.538348423091307e-07 0.4094572535472464 2.664170532882398e-08 1.062725149724738
3.894970545596909 1.237654739536166 1.510604267229709e-07 0.4086389571195327 2.887955595498592e-08 1.064590477446355
4.056893548600558 1.23580567204351 1.448325492314773e-07 0.4079257935365164 2.953821215054275e-08 1.066419821118472
4.218898869090786 1.234414915068506 1.299038233926186e-07 0.4072942259394258 2.920566311882811e-08 1.068215000400885
4.380979078973456 1.23240765566506 1.122539095566033e-07 0.4067142618470566 2.809505634561449e-08 1.069976114798993
4.543128006524389 1.232853984059836 9.25155542730316e-08 0.406191556372817 2.583073110268286e-08 1.071704004140718
4.705340138902003 1.228930243868032 7.551601877153757e-08 0.4057071230864324 2.320717229584851e-08 1.073400528551693
4.867611095180043 1.228601037437912 4.794281596720573e-08 0.4052916907075223 1.971644221238772e-08 1.075065046742885
5.029937180260653 1.227783362549964 2.65772311935919e-08 0.4049017497446998 1.612123638229657e-08 1.076700096725604
5.192314347894473 1.226730958183081 1.271858313112162e-09 0.4045507473158529 1.198352588601542e-08 1.078305400700459
5.354730977771957 1.22517511044827 -1.224697609991665e-08 0.4042349309351191 7.592900710950978e-09 1.079882527657302
5.517181293723895 1.225067186560451 -3.69607529582261e-08 0.4039324248102871 3.368133012077168e-09 1.08143135625028
5.679663879766669 1.223990317079967 -5.433493288631297e-08 0.4036779377536577 -9.021293824809651e-10 1.082952028966219
5.842176396967258 1.223131175805073 -6.936063481899346e-08 0.4034200948636752 -5.274144430217342e-09 1.08444908326089
6.004717346372558 1.222796995672327 -8.343701382584889e-08 0.4032017775820813 -8.813104501390057e-09 1.085918912254165
6.167284797376476 1.222674481037769 -9.537360060041244e-08 0.403005110778503 -1.20418449942386e-08 1.087364920947161
6.329876669352362 1.221499611650645 -9.495251312996444e-08 0.4028082252266323 -1.497758021426487e-08 1.088784929045239
6.492491382703557 1.220280503586755 -1.045436171798197e-07 0.4026315697578465 -1.789211909967309e-08 1.090180854596042
6.655127216547106 1.220707421760779 -1.112433369865329e-07 0.4024985570693776 -2.009639071647029e-08 1.091561409334412
6.817782458356551 1.220076340744019 -1.161197843158046e-07 0.4023481305396102 -2.124219337061584e-08 1.092907899934347
6.980455427970094 1.219287550603164 -1.143395780556222e-07 0.4022459597986556 -2.212751201539909e-08 1.094250796842727
7.143144837929903 1.220269027540689 -9.774092379899457e-08 0.4021184240184926 -2.167341078569002e-08 1.095549309861612
7.305849342647614 1.219092457209743 -8.500693568502804e-08 0.4019947900745543 -2.121205064896381e-08 1.09682775294291
7.468567679146516 1.218492998595398 -9.025952651953162e-08 0.4018867940969983 -1.96567432201103e-08 1.09807883681379
7.631298700634683 1.217469576186255 -5.97139936664437e-08 0.4018225244466405 -1.834406923844484e-08 1.099320590097121
7.794041549616596 1.218586682619669 -1.84150227289237e-08 0.4017262867810516 -1.576594964910333e-08 1.100517968859366
7.956795160524169 1.218256263360362 -3.814174612259968e-08 0.4016411045484636 -1.31655043793949e-08 1.101696559961649
8.119558389055813 1.218546057769955 -1.40360469913503e-08 0.4015805228298758 -1.018222832004784e-08 1.102851930104149
8.282330512945851 1.217952410588717 3.472404280779884e-09 0.4015074601404777 -7.082400325063298e-09 1.103975689686614
8.445110459931531 1.218134497842582 2.991474529201454e-08 0.4014742490043751 -3.619687175861197e-09 1.105074808591462
8.607898098291884 1.217612904244891 3.209507751233964e-08 0.401411226623313 -5.789926749849572e-10 1.106134241152057
8.770692751139698 1.217209108899064 5.884193784999603e-08 0.4013507533623684 4.852978842569133e-09 1.107174349472589
8.933492194167311 1.217544518117777 6.046281228466732e-08 0.4013299595854399 5.406871851285078e-09 1.108187253288429
9.096296084109106 1.217661392042362 -1.510678718785741e-07 0.4013023185380495 7.138517903529373e-09 1.109180415837306
9.259103776078046 1.215969085437924 4.76558460638099e-07 0.4012231781183065 1.390130629184971e-08 1.110120986754592
9.421914849427461 1.216647197519122 1.002953712858634e-07 0.4011954532554695 1.362270945614447e-08 1.111048157798384
9.584729510175251 1.216695616010666 8.744259541448862e-08 0.4011703600767396 1.542333360245868e-08 1.111942504515788
9.74754711621625 1.217032316477277 9.140037762755959e-08 0.4011687804169666 1.761632931890356e-08 1.112821587671171
9.910367166103239 1.214863292156116 1.485849121518612e-08 0.401080765898592 1.991188300961427e-08 1.113643614749853
10.0731894441686 1.216614025348164 9.396135661199345e-08 0.401105912429275 1.973652073022913e-08 1.114461591259609
10.23601461602342 1.216055290826544 8.437266896255124e-08 0.4010510126081466 1.774403932900542e-08 1.115224800481688
10.39884154454198 1.218605829439129 -1.046400206483611e-07 0.4010573548676635 1.824064553568316e-08 1.115981030573818
10.56167023218187 1.217334218309785 2.227264567222775e-09 0.4010392278126481 1.746916490630301e-08 1.116693990691693
10.72450074293109 1.216455276959846 3.062355542843287e-06 0.4010073239623095 -1.329512642339603e-09 1.11736157380517
10.88733288826343 1.215101340056573 -5.423382566566159e-06 0.4010244473817279 -6.420967569274738e-09 1.11803533050436
11.05016633878544 1.214595307038667 -1.055638353184007e-05 0.4009980165962893 -1.833162685017931e-08 1.118660243731794
11.213001218393 1.217034890344928 4.712432834480529e-06 0.4009710034795305 -1.759622987335813e-07 1.119249006379235
11.37583713288501 1.215935166798471 -2.420396107150058e-07 0.4009660408076103 1.061799110848791e-07 1.119817690714871
11.53867452226767 1.216270111146245 1.606941750026403e-06 0.4009444438425511 2.929691740160417e-08 1.12034465338421
11.70151279954416 1.222413025720589 1.295970305198457e-05 0.4010302414496296 -8.237969835117945e-07 1.12087216104297
11.86435171350151 1.214666627620239 -4.053039942999992e-05 0.4009101751981005 3.40152731042806e-08 1.121331336662427
12.02719161338775 1.216226735918387 -3.62393503772207e-06 0.4009415352739107 -7.425122907755294e-08 1.121799698301414
12.19003206643511 1.217222383451822 -4.601662256017991e-05 0.4009210360469592 -1.49479901594661e-07 1.12221655251267
12.35287331507229 1.217787745884416 0.0001720019498026859 0.4009124695870662 1.132901178924062e-06 1.122618462104497
12.51571509964909 1.217074449036273 4.876227757324991e-05 0.4009334676777071 -2.288611733527145e-06 1.123005168692456
12.67855765571999 1.217507371977876 -7.74195792524468e-06 0.4009248794541835 -6.537366207754261e-07 1.123356385099763
12.84140066539867 1.216766629412232 -1.763145851543801e-05 0.4009102319907795 -2.634858116915689e-07 1.123681239603435
13.0042439933891 1.216069351926031 8.755829972562079e-06 0.400906613221719 -2.750590859870727e-07 1.123996827452832
13.16708766712686 1.215121606648289 1.808915753920282e-05 0.400881596011161 -7.284381097413806e-07 1.124268378478722
13.32993199281351 1.216093948736885 2.793075182294658e-05 0.400864071912664 3.06825063047661e-08 1.124531199554825
13.49277713617446 1.220366499299808 9.55679860459302e-06 0.4009046344347993 -1.655480103297108e-07 1.124790186774195
13.65562207108944 1.215294452378777 -2.670568724716382e-06 0.400871770352159 -4.67142216107469e-08 1.125004674797652
13.81846718066496 1.215526166367376 -4.233147338911225e-06 0.4008759491248619 -2.747976526711049e-08 1.12522050536514
13.98131290623092 1.215915819974254 -5.205226251830952e-06 0.4008698817430693 -1.654318027679083e-07 1.125408223111283
14.1441587400158 1.215624888207634 6.309739440935047e-07 0.4008564291538319 6.989081069962155e-09 1.125588988106258
14.30700458002469 1.214636050188457 -1.960453894031544e-05 0.4008490248791093 3.9470076324509e-07 1.125748530569292
14.46985083045888 1.216063158197371 -6.331943357140712e-07 0.4008478036972723 -2.329914140057621e-07 1.125901251135778
14.6326972181057 1.215441419496223 -6.222147241746745e-06 0.4008601269574542 3.192642279098781e-07 1.126036416750344
14.79554387437614 1.213523945339295 -0.0003797926531149964 0.4008581323088836 -3.72551256662499e-06 1.126160622611001
14.95839070900675 1.214790382556135 -9.432841343764986e-05 0.400835311280327 1.232937488979124e-07 1.126262655961977
15.12123776136442 1.214918680519632 -5.680909097238729e-05 0.4008612869272642 -1.399621876486956e-07 1.126384255587709
15.28408494687977 1.215948753536678 1.216887558602719e-05 0.4008645519528627 6.752988377127164e-07 1.12647391103428
15.44693208748939 1.21439027317613 -6.085506940256558e-05 0.4008344333395402 -3.793807687880318e-07 1.126558223056576
15.60977938572821 1.216167749797788 -1.68054442048482e-06 0.4008571363084411 -7.539398763122332e-07 1.126642398404034
15.7726268438236 1.217816419262964 2.231242690636792e-05 0.4008549788939454 -9.688123558887832e-07 1.126709802407995
15.93547427084336 1.21545380008883 1.27312532225976e-05 0.4008317460549054 2.111304159583757e-07 1.1267704763944
16.09832199960336 1.213334839517215 -0.0004032328987108313 0.4008561750113944 -3.724134157236623e-06 1.126836611126133
16.26116976265839 1.216282187553587 -4.773477437811091e-05 0.4008711174967266 1.338740943950326e-06 1.126897302088772
16.42401744795291 1.214872055030968 7.094631380216709e-05 0.4009111583918332 -7.271591898477814e-07 1.126946532658069
16.58686532197855 1.216438207391665 9.061194140011497e-05 0.4008559759549818 1.100809817329053e-06 1.126972621390982
16.74971317570434 1.21624175988763 7.421197134979685e-05 0.4008628522984141 1.402722311688934e-06 1.127018723606444
16.91256117497564 1.21608123392938 6.468248708868529e-06 0.4008580208951359 9.055086079064883e-07 1.127045497018287
17.07540905455725 1.215770270990367 -4.898630065228171e-05 0.4008435943609746 8.12912121044701e-07 1.127072053370133
17.23825750015509 1.216407653878834 2.139371152209968e-05 0.4008497605432168 -1.06530397217617e-06 1.127103248228347
17.40110548546566 1.215203638655167 -6.263435696107766e-05 0.4008614906192647 2.799912160889734e-07 1.127139271766753
17.56395337050758 1.215837449039888 -6.497539701555421e-06 0.4008555468420774 -2.644597585921282e-07 1.127160718488231
17.72680174406156 1.216091389388023 2.115567457952605e-05 0.4008528634374918 -1.029319708863163e-06 1.127176693506047
17.88964985242221 1.215494759403182 8.253842037933556e-05 0.4008692626177264 -5.468659863630543e-07 1.12720191187121
18.05249793933332 1.21595157944418 -1.304612004401906e-05 0.4008765232932041 -4.454987163711108e-07 1.127220625316582
18.21534620344088 1.215467288022103 6.801723792179692e-05 0.4008312287439224 -7.789324467030734e-08 1.127216528085504
18.37819455148629 1.215986660490761 9.219558303186215e-07 0.4008572746418207 1.722151060654445e-07 1.127239581633309
18.54104292289664 1.216386841601012 0.0001162314892199368 0.4008343701284117 -1.619271340837398e-06 1.127246229555123
18.70389137074829 1.215909982191886 0.0002995513306402464 0.4008463599697545 9.111041373632833e-06 1.127260483287627
18.86673970403769 1.216711272736084 5.274974273633548e-06 0.4008420600883393 7.539277925340711e-06 1.127273045820026
19.02958826254963 1.215950141929702 5.633556797862704e-06 0.4008502969619152 7.388151418413064e-07 1.127278390698897
19.19243666053184 1.215936088764699 1.900943875854377e-05 0.4008536014560311 1.902336291236852e-06 1.127288036713197
19.35528483850158 1.215224624273243 0.0005338509472873898 0.4008479594400446 2.489973379574476e-07 1.127298949674696
19.51813346366025 1.216555781600201 0.0003223523922289417 0.4008632006401404 -1.623551926464677e-06 1.127306156388877
19.68098171679415 1.215332413773386 0.0005767473176157001 0.400863286935055 2.869720283859428e-06 1.127312053976648
19.84383015064541 1.216427745039252 -0.0004337022979983285 0.4008647465079885 -1.478551926808146e-06 1.127320784893805
