t dragx dragy vdragx vdragy ekin
0.1744254896827196 17.39199425054403 -6.986807887976454e-05 1.329234170516511 -2.963224425339694e-05 0.2657295660249441
0.3511928142055892 2.497080447158012 8.242459272123082e-05 0.6168415054664962 9.744533078392958e-06 0.2516289880473541
0.534484690960619 1.134917384877079 -8.317660029177887e-06 0.5246882778850902 4.491268438319013e-07 0.2546611797837779
0.722004981313222 1.258125781560723 2.176912128337705e-07 0.4816961119844739 8.347847206893744e-08 0.2555316776501212
0.9125431509335632 1.232385920511842 -1.061705660609924e-07 0.4522587193513525 1.836261591565969e-08 0.2562023972155177
1.105349054708943 1.223658025695997 -9.322963429037046e-08 0.4339160019198098 3.73981287864894e-09 0.2569447929940857
1.299870958346931 1.221936456789206 -1.067427388701248e-07 0.4217624361690337 -6.508017914505504e-09 0.2576970495336777
1.495667805098319 1.220920627954044 -8.869799689170677e-08 0.4135373387468954 -1.008220740228438e-08 0.2584520721864005
1.692356527409605 1.221645396478033 -9.190509248080403e-08 0.4079618548278382 -1.212916975711076e-08 0.2592092045051143
1.88956595826666 1.223316679315649 -8.636498677327964e-08 0.4040612192177515 -1.382839719468731e-08 0.2599593590985289
2.086964558107159 1.224193217512282 -8.138148188674421e-08 0.4011839399686081 -1.522271023124411e-08 0.2606996903192781
2.284358769667789 1.22296226441616 -7.872630186644969e-08 0.3988172241808045 -1.477005493778771e-08 0.2614251525996867
2.481754320997977 1.21976043867803 -6.601404828332491e-08 0.3966879485546583 -1.33973368267315e-08 0.2621349443552478
2.679286438950254 1.216115073232468 -5.296618826866606e-08 0.3946880978324747 -1.351263015803711e-08 0.2628274072733958
2.877102091239371 1.212487141453288 -3.999666670084778e-08 0.3928496922906492 -1.18399556279028e-08 0.2635023309751386
3.075288343313787 1.207467996191631 -2.767646356538478e-08 0.391139180036162 -9.259385179601065e-09 0.2641598083348048
3.273859928275953 1.203763923431956 -1.238440500150872e-08 0.3896383011451089 -7.112203844958365e-09 0.2648008709161388
3.47278627320146 1.199783634985015 3.623961908338913e-09 0.3883220095135103 -3.865323870005932e-09 0.265425675224461
3.672016744235421 1.196865955353162 9.079110546705849e-09 0.3871757664586242 -2.596473041779901e-09 0.2660347098356024
3.871499493942928 1.19474643610818 2.023756670577193e-08 0.3861794022375235 -2.256581562234961e-10 0.266629036853443
4.071193154432917 1.193306576374988 2.589894110283097e-08 0.3853382819844762 1.857115830908307e-09 0.2672090996646953
4.271062728597625 1.191204740603225 8.619924693198389e-07 0.3845879321164471 1.608243088181693e-08 0.267774852742974
4.471082816287258 1.188904693928298 -7.469621836647677e-06 0.3839145709903529 3.662176469194922e-08 0.2683274008153095
4.6712328805416 1.18733466382442 1.35758990230106e-06 0.3833448379848264 3.871151696768771e-08 0.2688671841959924
4.871498507963024 1.186516556545777 1.199377217903086e-06 0.3828418370757941 3.383743185560867e-08 0.26939453498351
5.071867964585954 1.185713070432401 4.069209861068401e-06 0.3823751142279697 -9.975813192349137e-08 0.2699095061545227
5.272328327865965 1.183461194724722 -8.605680773349222e-06 0.3819709998023283 -3.33060916367367e-07 0.2704130456797338
5.472871075350601 1.183119136356492 -6.744088446450358e-05 0.3816277529744564 -1.488344227775634e-06 0.2709051426879266
5.673488461804012 1.181907991190713 -0.0001340479526582838 0.3812926222888029 4.470966220187535e-06 0.2713867290022309
5.874172947811254 1.18090425308127 -4.163326736134065e-05 0.3810007433502268 -2.984316653415441e-06 0.2718574014946128
6.074916100040212 1.178471943344081 0.0004117009354301371 0.3807263218682841 7.729626679804126e-06 0.2723185701441763
6.275711459630284 1.17951877981965 -1.599543999930564e-05 0.3805031374219947 1.700506569089072e-06 0.2727697982268703
6.476552904921109 1.178537817877562 -6.509114150701767e-05 0.3803011271635346 9.340502334287057e-07 0.2732121197043479
6.677435432604977 1.179008877099663 0.0004033462567727686 0.3801428280966735 1.4883477859641e-06 0.2736453473628703
6.878354486045342 1.177714570746085 -5.001548410743517e-05 0.3799643458109764 -4.484370471328873e-06 0.2740696477718622
7.079306106027683 1.178257231432154 -0.0001810846206634908 0.3797989309619636 -1.322020691443219e-05 0.2744849177656253
7.280286564571721 1.177494729276777 0.000110687769887291 0.3797127773114124 -3.639339182746719e-06 0.2748941412777149
7.481292149138421 1.17710564453489 0.0002099283457803747 0.3795991874508227 6.479252111608706e-06 0.2752932483648258
7.68232009866236 1.176774710222738 -1.90568961946358e-05 0.3794787682877905 3.935260409380741e-06 0.2756820167000469
7.883367918856535 1.176725312721429 6.768464437229005e-06 0.3794026801545525 -9.50996316851499e-08 0.2760612343107851
8.084433443830466 1.175647907630957 0.0002750437294777586 0.3793085064505305 4.387835320513941e-06 0.2764322964802122
8.285514857336247 1.176265307564474 6.993114727710248e-05 0.3792557800623572 -2.509742663449333e-07 0.2767922933736743
8.486610331739664 1.175975858606357 0.0005806659955658877 0.379187266943925 1.012008320543101e-05 0.277142032433362
8.687718355106862 1.173654806316623 -0.0002626878498825092 0.3791121217435742 -8.550519501993037e-06 0.2774829355368416
8.888837592282551 1.175486967897769 -0.0008397004235244088 0.3790773787940042 3.198182730024084e-06 0.2778128456355029
9.08996683078151 1.175082113491719 0.0001826745353837034 0.3790178974225205 3.990985087458376e-06 0.2781330109116894
9.291105031986511 1.175236215067778 -0.0002071284517011773 0.3789851652207483 -4.196744738363574e-06 0.278443334383856
9.492251196106814 1.174920309891348 0.0002748805765749873 0.3789428888457081 1.922555512521955e-06 0.2787428470291745
9.693404476917582 1.175001403556039 -0.000305544143195946 0.3789177819514672 -6.74873108377598e-06 0.2790314124068835
9.894564049206709 1.175031425076251 -0.0001416626785870345 0.378889932384208 -1.327331709685513e-06 0.2793087740106924
10.09572933257771 1.175368652103325 0.0001747158039831498 0.3788735330843671 -1.386542760478844e-06 0.2795743690416478
10.29689963617368 1.174344476474252 0.0007431894024458319 0.3788286477839768 1.090620333862001e-06 0.2798274126248349
10.49807453116687 1.175135276000935 -7.351229586052832e-05 0.3788163155643671 -1.968239202186466e-06 0.2800681473438652
10.69925350610217 1.174533078652847 -6.532535009273754e-05 0.3787936040841834 -1.761735720012987e-06 0.2802965599554547
10.90043605496561 1.174842268086083 -0.0001644602050587252 0.3787778377373467 -4.053769511734237e-06 0.2805126434306212
11.10162191024983 1.174822861257875 -5.751803312817327e-05 0.3787759405829415 8.622186097230304e-06 0.2807171682750257
11.30281053314005 1.17696810975554 0.0009041036213368603 0.3787854501722364 1.555486040355231e-05 0.2809077485978144
11.50400166289833 1.174309569815826 -0.0008278825582216376 0.378718329111383 -8.854626473747858e-06 0.281087662888144
11.70519534643994 1.173786022946148 -0.0002994634389357209 0.3787144830279768 -2.016693824107192e-06 0.281254836353252
11.90639107517064 1.175991543372489 -0.000537264778727814 0.3787257845542197 -1.016870894146333e-05 0.2814108631913761
12.1075886268915 1.173971352288165 7.688736258359974e-05 0.3786964098997453 3.601742962998193e-06 0.2815521227593377
12.30878785031865 1.174078626525195 0.0001965381081201201 0.3786954937752415 5.699858438431085e-06 0.2816844459005184
12.50998849030345 1.174234393857845 0.0002328386775854174 0.3786928644871565 9.520780843462646e-06 0.2818062264322129
12.71119035846615 1.174309347461858 0.0003250629272099348 0.3786890510028256 -6.260142580866504e-06 0.2819172426216426
12.91239337065155 1.174477390946662 0.002183951970395587 0.378690919451567 6.690271894566058e-06 0.2820179150183373
13.11359752004416 1.174624462365543 -0.0002949162585264564 0.3786764896414062 4.473788141259351e-06 0.2821099392863202
13.31480267049258 1.174273407223275 -0.0004372767599077343 0.3786769118026685 -9.855007538315044e-06 0.2821923634692675
13.51600859168859 1.173187299033018 0.0002648782406131922 0.378667369889467 1.312338360601011e-05 0.282267046917112
13.71721518723703 1.173342188257457 0.0007151083028935357 0.3786646367393384 1.114553932309026e-05 0.2823332662398452
13.91842246004047 1.173818997455475 0.0001093727373848163 0.3786801616805022 3.364911897229227e-06 0.2823941501965753
14.11963033180409 1.173536248722449 0.0003739562191404922 0.3786603629030141 9.933564048516391e-06 0.2824465394428438
14.32083873883273 1.174102006516434 -0.0001328997215448158 0.3786652142127012 -4.699378257659072e-06 0.2824933390372099
14.52204753276716 1.174697637032786 -1.138478792664377e-05 0.3786756582771279 1.068661536892876e-06 0.2825351650394072
14.72325675129501 1.174248968894123 -5.261091814517949e-05 0.3786607012923826 -2.715407259604001e-06 0.2825724268281691
14.9244662580328 1.17451441523813 -0.001506655779454247 0.3786575627021196 -2.098289066504878e-05 0.282602646193986
15.12567618253 1.174077068674923 0.0003353045969262392 0.378657123423798 7.0969245596509e-06 0.2826319601541786
15.32688617041609 1.174142045348204 -0.0003551848756249421 0.378647210719871 5.971855649756358e-06 0.2826564798962254
15.52809655696664 1.17508838813224 0.001927662702107702 0.3786587260973303 5.777274463073141e-06 0.2826775250662577
15.7293070647391 1.17363749766792 -0.001808478163628141 0.3786518458643738 -1.701346349857608e-05 0.2826979124824917
15.9305177985633 1.175380440370447 0.0001997778118621729 0.3786579515369426 -3.259254776120588e-06 0.2827123377485689
16.13172878529383 1.175384536462637 0.0005278653200827543 0.3787421107725147 1.897908887245683e-06 0.2827265746849147
16.33293987818515 1.174521968212088 -0.0001355146441478772 0.3786592264220019 -2.848611421376809e-06 0.2827400260943236
16.53415110031941 1.174303396123112 0.00010333200943341 0.3786619427891993 1.874388722092508e-06 0.2827508828310236
16.7353624908258 1.174674583046968 -8.568001629005728e-05 0.3786640448583167 -3.872652654077734e-06 0.2827602517661059
16.93657395867107 1.17376394100544 -0.0003829813509061697 0.3786512208050257 -1.012331235171297e-05 0.2827682452655047
17.13778544988684 1.174513672038604 -0.000171137926309739 0.3786415899154074 -2.852555854533645e-06 0.282774523675689
17.33899707691005 1.175189878894615 0.0001967065460492523 0.3786735267800586 -3.620246693887726e-06 0.2827809474485167
17.54020867273464 1.174699899331453 -0.0003064535484147979 0.3786548891031409 -4.745178176954537e-06 0.2827870048844194
17.74142041341596 1.173157458301014 -0.001316393979068436 0.3786467696843793 -4.389628942254656e-06 0.2827914144364938
17.94263208728074 1.17475995128228 0.0005693344754254814 0.3786518010061876 2.650006833890967e-06 0.2827953129007978
18.14384393725191 1.174156291097635 9.905190705117306e-05 0.3786420084772577 1.347250437690184e-06 0.2827986935668594
18.34505574156872 1.174851001398086 -0.0001321099162543138 0.3786689709088721 -9.808933582740667e-06 0.2828019649388121
18.5462676439646 1.175412273817546 0.0006252200501578598 0.3786425066525692 2.880532435866473e-06 0.2828042495327947
18.74747953736018 1.173443971673237 -0.0003771361268000983 0.3786313691526203 -6.345474786967169e-06 0.2828068984563628
18.94869148201717 1.174221712289342 -0.0001885946493587198 0.378642555607332 -2.647516303722584e-06 0.2828088682809762
19.1499033984546 1.173488762026926 0.0003144758515483126 0.3786383444741125 2.874700175831309e-06 0.2828110672417664
19.35111528766415 1.174700554710029 -0.001657203444783845 0.3786358868244869 -2.952721433865935e-05 0.2828122303608664
19.55232708463648 1.175106659765888 0.0005948293188047793 0.3786607010814767 1.253076227203994e-05 0.2828140517973839
19.753539006438 1.175446757305063 4.966908614845167e-05 0.3786697138756608 2.967165998874789e-06 0.2828149209198455
19.9547509694277 1.174007747223895 -0.0003366630758710465 0.3786539063863171 1.478615917826012e-05 0.2828162595877281
