t dragx dragy vdragx vdragy ekin
0.01 0 0 0 0 0
0.09759295169302534 1.930092660765592 1.354226003652537e-05 1.070239341285153 8.98551503178413e-06 2.023670177603291
0.1923247176286737 1.961015217920886 3.534989290621127e-06 0.9040790797578014 1.752509205699138e-06 2.026187061360084
0.29078363471672 1.75005961442312 1.468506297952477e-06 0.7647936743118825 7.646997735172301e-07 2.029444440438667
0.3912760844955627 1.600373350745892 5.861091063597001e-07 0.6756500707697605 4.372543661035344e-07 2.032911990441292
0.4937827058496145 1.508989051051794 -7.223012821189201e-08 0.6169245963203877 2.763160661597985e-07 2.036549102697908
0.5973856326487412 1.454479822763636 4.53806195954698e-07 0.5765683227412944 1.829440947828664e-07 2.040272214486773
0.7020163608714017 1.415747646870032 -3.183061729195025e-07 0.5474135196389314 1.208380941298409e-07 2.044090812515105
0.8077532227389584 1.385629780983072 -4.947492388718278e-06 0.5255378163469119 7.212516435484151e-08 2.047945215567176
0.9142673452343293 1.367742039678669 -2.327355386910757e-06 0.5088421098983655 4.208509318034265e-08 2.051905901950535
1.021313009185165 1.355671873410091 7.943370536389605e-06 0.4959955924270671 6.888419717900225e-08 2.055949662834621
1.128884487878688 1.347203212637667 -3.016932997229604e-06 0.4858491649371486 -3.044315872134662e-08 2.06000120009207
1.236952708287471 1.339804521675668 9.586462746957736e-07 0.4778280950177047 -4.285321902018635e-09 2.064089925641265
1.345407223564465 1.335893093251625 -8.395619327528081e-07 0.4714390777164058 -7.789165262436781e-09 2.068219910676612
1.454054869919704 1.334257902501802 -4.293088294582414e-07 0.4664154473655753 -1.830910183880929e-08 2.072336710424783
1.562871774396106 1.331127505666249 -3.07333648780217e-07 0.462350517304656 -2.199464522664729e-08 2.076438160484749
1.671834856887445 1.329474075754102 -3.676628781701385e-07 0.4591074098613287 -2.664186474730934e-08 2.080542072133478
1.780917631779736 1.328600969635233 -3.488500600057343e-07 0.4564378575301814 -2.949970938533053e-08 2.084629305649927
1.890093468500269 1.327450753994622 -3.322642423420064e-07 0.4542606954123468 -3.062564063634199e-08 2.088679765838696
1.999339251325926 1.328313840513493 -3.158482752285696e-07 0.4524405840160363 -3.156813306592898e-08 2.092694566984289
2.108627619101917 1.327222202050348 -2.957595293118231e-07 0.4508482925194175 -3.117389472603871e-08 2.096672974850711
2.217879619096746 1.325632030269997 -2.701328642440437e-07 0.4494642390044473 -3.175189526062605e-08 2.100592290031419
2.327090374093952 1.323003915305418 -2.547117682882849e-07 0.4481269837790426 -3.094712524610854e-08 2.104463057853518
2.436273504903183 1.323139647564278 -2.294000336910962e-07 0.4470155077648446 -3.011482424368495e-08 2.108267994084822
2.545445540539061 1.319685606510133 -2.136262523266819e-07 0.4459017745340322 -2.884970340226445e-08 2.112019882059512
2.65462318130401 1.317503285778455 -1.909314787662542e-07 0.4448956348625915 -2.680455918509239e-08 2.115708173662777
2.763813470045441 1.315987471050616 -1.740351611712043e-07 0.4439657807898023 -2.477089848865188e-08 2.119327788364869
2.873031751863262 1.313293192910258 -1.543278345395027e-07 0.4430880719683648 -2.272824734146639e-08 2.122893703983062
2.982293127431469 1.311711546240932 -1.237738454229476e-07 0.4422900286905132 -2.102521910914146e-08 2.126389689396333
3.091602716752525 1.30900848877505 -1.073596642142682e-07 0.4414736805015794 -1.896420239941299e-08 2.129830826492797
3.200927949747738 1.308415856223041 -8.225347658541438e-08 0.4407741110691569 -1.600796774997582e-08 2.133201773668764
3.310270728666357 1.306546801179914 -5.94318725066767e-08 0.4401389232175318 -1.306297053339789e-08 2.136517851183765
3.419638559457212 1.30424905218905 -4.219446250730563e-08 0.4394989221351422 -1.085854400666164e-08 2.139767391814985
3.529036043628658 1.303202444378513 -2.203929552746509e-08 0.4389367242410952 -7.224252382073693e-09 2.142956991138088
3.638466119892041 1.301059364891692 -9.46607281449019e-09 0.4384355624819096 -4.21753840011696e-09 2.146091178466898
3.747930385033237 1.299578257810369 8.456697092595888e-09 0.4379638950783837 -1.87118418416149e-09 2.149167892487981
3.857429099355682 1.29979637137611 3.06697531260447e-08 0.4375159794343722 2.396700779679073e-09 2.152183994501177
3.966961639050984 1.297698455394097 4.556575441960753e-08 0.437130160692803 5.328209544581963e-09 2.155149776918627
4.076527312218877 1.295940856727526 5.661959362468494e-08 0.4367727902025411 8.131102157034331e-09 2.158060174371252
4.186124943390665 1.29535089814068 7.184840655760638e-08 0.4364696072719585 1.143827651345353e-08 2.160914736550672
4.29575328823385 1.293640354131077 7.818950459315133e-08 0.4361349337358859 1.409898723377795e-08 2.163724496501693
4.405411051143041 1.293970849506689 8.688493940978148e-08 0.4358743398748318 1.714942462517632e-08 2.166476256276743
4.515097078965037 1.292148057740124 1.061708400640349e-07 0.4355978151936842 1.908463596184129e-08 2.169185147357012
4.624806497044009 1.291657170329937 1.157500742476891e-07 0.4353382856546657 2.088371375223025e-08 2.171844649170803
4.734522082547642 1.290419194243608 1.155578529810075e-07 0.4351064077970665 2.308339703757656e-08 2.174453633327626
4.844242169315985 1.289881006183909 1.241276936791991e-07 0.4348935709507917 2.478969622372179e-08 2.177019571292319
4.953967111764753 1.288360010881451 1.219990096168466e-07 0.4346892672432103 2.658326265884969e-08 2.179542520290727
5.063697656345008 1.288724610400589 1.283571799404193e-07 0.4345137022916352 2.716260802133191e-08 2.182020424034659
5.17343369743731 1.287615864537856 1.257970251300478e-07 0.4343262857430159 2.859195404481679e-08 2.184453623256034
5.283176131140663 1.287336822999093 1.135696925114171e-07 0.4341653719436733 2.934842982787317e-08 2.186847605253057
5.392924990310393 1.287510628083936 1.179406847739983e-07 0.4340160779216593 2.985732642894756e-08 2.189202855994944
5.502680328366934 1.286405715115615 1.137898646974556e-07 0.4338630518891615 3.018821817697692e-08 2.191523407763681
5.612442217403538 1.285480315964372 1.060786533058078e-07 0.433720567191263 2.908484387879884e-08 2.193795096680188
5.722211191623864 1.284937296199949 1.118593625226705e-07 0.4335871608064773 2.949497784378308e-08 2.19604013857452
5.831986822222058 1.28441000672856 9.093012301453207e-08 0.4334669181758986 2.851861241777442e-08 2.198242969851256
5.941769309883624 1.283692800216646 9.022058894414542e-08 0.4333619321696953 2.7488373719603e-08 2.200416930059489
6.051558359731262 1.283783376748528 7.980278168839838e-08 0.4332516464571206 2.636223738264332e-08 2.202551105126801
6.161354086937991 1.283176088846136 6.892996426421938e-08 0.4331361891302768 2.590121117845151e-08 2.204670097200248
6.271156462535253 1.283108514614304 6.879355313182955e-08 0.4330779136878693 2.394921438681613e-08 2.206736167018665
6.380964933227247 1.282032279469961 5.169852287933985e-08 0.43295871659358 2.260590335409485e-08 2.208770187575058
6.490780075370534 1.28231076420195 4.356123853299643e-08 0.4328731252407305 2.056837186334426e-08 2.210779028354946
6.600601153493401 1.282646002222807 3.476205998054205e-08 0.4328009579571311 1.820363501429945e-08 2.212766780161722
6.710428303536585 1.282024256170774 1.924868250902101e-08 0.4327129093596047 1.619936144513917e-08 2.214706379013151
6.820261056211751 1.281416907030737 1.314594766377297e-08 0.4326424761210584 1.443386919101203e-08 2.216634616029342
6.930099036910144 1.281368416051283 2.472365923100739e-10 0.4325846776665106 1.145164990612457e-08 2.218522910700377
7.039942000327551 1.281669753005137 -1.464080343072105e-08 0.4325242336077656 9.211442163724326e-09 2.220407382641878
7.149790058752827 1.281191596552321 -2.885562894183735e-08 0.4324669414535199 7.330898543593534e-09 2.222250181521725
7.259642783908072 1.279957447229649 -3.595441988579751e-08 0.432376027372223 5.301409140671953e-09 2.224015903735046
7.369500611954425 1.280310143874946 -4.116233714990258e-08 0.432331124936542 2.860352925869447e-09 2.225803661131833
7.479362482889484 1.280204457169669 -5.612900513818353e-08 0.4322765940532389 2.253740230898083e-09 2.227546164420821
7.589228794682938 1.280144207874927 -4.913209070145363e-08 0.4322373636830834 -2.738317853717698e-10 2.229262354338018
7.699099250314433 1.279519210701294 -6.430095805809444e-08 0.432151214686109 -3.732371897657849e-09 2.230922340513098
7.80897331113328 1.279947885599379 -1.184876374793475e-07 0.4321324220307001 -3.052034233848311e-09 2.232595111283626
7.91885110742532 1.279070487761018 -5.582861820063734e-08 0.4320816708875763 -6.204568372969455e-09 2.234209461443982
8.028732455764501 1.281013012354227 4.929970922329385e-07 0.4320406558330779 -5.457272459451212e-09 2.235804861994182
8.138616792597356 1.278132511102516 -1.787931834001943e-06 0.4320040684005563 -1.423579654158402e-08 2.237390387982045
8.248504127363814 1.278794493922581 -1.356206593638998e-06 0.4319647265442516 -2.608718069601473e-08 2.238894687457136
8.358394624390671 1.278821571063691 1.362632698093114e-06 0.4319445791647946 -6.371281134620599e-09 2.240399202239238
8.468288040207508 1.277761187566868 5.482680994844946e-06 0.4318663973681984 9.366384752778484e-08 2.241865447198606
8.578183839245613 1.278226985314052 1.864526007777645e-05 0.4318801022822655 5.266898880657706e-08 2.243297616197936
8.688082614652458 1.278241382901047 1.599028532989211e-05 0.4318444601292806 1.905501420106787e-08 2.244709056464528
8.797983456644456 1.278820848043966 -0.0002138371259796934 0.4318228380666234 -4.7589476094307e-07 2.246091687352028
8.907886550136242 1.277400288980118 0.0002498410458826039 0.4317841380631651 2.230682862989011e-06 2.247439239125109
9.017791969080204 1.278033784109206 -3.573312545743224e-05 0.4317633279235853 1.490623087551865e-06 2.248752445877523
9.127698476433874 1.277239659629672 -5.128637620505083e-06 0.4317620800169798 -7.055148134732514e-07 2.250057664543573
9.237604877131806 1.279897106754541 -0.0001254613297320961 0.4317251480458094 -6.140756221581847e-07 2.251297557465546
9.347511250616334 1.277441929535911 2.448923347875276e-05 0.4316718246966565 4.82237852864574e-07 2.252532200060898
9.457417877862586 1.277538825333462 0.0001268159834287019 0.4316799021177211 -1.2486062692732e-06 2.253734319900672
9.567324699989515 1.277876317425118 0.0004885788519195244 0.4316345546443707 2.840667501904058e-06 2.254905015242127
9.67723158363396 1.278638803405874 0.0002396547230213708 0.4316454146589367 -7.518836693670705e-07 2.256051996754423
9.787138586929535 1.277408168654755 2.786457143472143e-05 0.4315908433491486 5.991736288053426e-07 2.257142782073525
9.897045876945381 1.277023236110506 1.275571652023522e-05 0.4315952066669759 4.563377076962499e-07 2.258238012981217
10.00695376840092 1.277848041898306 -5.888263430309237e-05 0.4315834192909668 -5.801258170521142e-07 2.259298703959293
10.11686107718468 1.277821432042402 -8.73231486680226e-05 0.4315533756135549 -1.4166130630636e-06 2.2603417647046
10.22676873029753 1.277652281976013 0.000273225071253741 0.4315533314818861 2.303666135053742e-06 2.261331012353565
10.33667634329064 1.277394485737799 -1.582965318694396e-05 0.4315351390585906 -2.221568747078247e-06 2.262304604503662
10.44658382605515 1.277135256117504 -3.897057015622707e-05 0.4315260683192109 -9.183289074680273e-07 2.263264997240652
10.55649183936959 1.276897742035282 4.895613704522517e-05 0.4315286822788309 -9.260429544898433e-07 2.264153074174836
10.66639961461239 1.27684682152522 2.121292465642743e-05 0.4314873107033075 6.968442180657966e-07 2.265068441605102
10.77630766471948 1.277659915842054 5.141727009613795e-05 0.4314713194778647 -8.241680092948081e-07 2.265927508203336
10.88621581224703 1.276367515079997 7.634509614160012e-05 0.4314664047971236 -6.229220769326388e-08 2.266754334468784
10.99612388352553 1.276423403785719 3.412760775436952e-05 0.4314484326077503 -5.111708392359013e-07 2.267574132355802
11.10603206259554 1.277982850577128 -0.0001292978018735125 0.4314579750181247 -1.22328885235768e-06 2.268363490245489
11.21594020096685 1.276852960279377 0.0003955387972513214 0.4314394317632979 1.450729982115616e-06 2.26912327942429
11.32584843123272 1.277228047704464 -0.0001257376163458501 0.4314261934046256 -1.433655381108227e-06 2.26984711245135
11.43575661813476 1.277543294783346 -4.803981250989242e-05 0.4314534436441355 -3.375816691055834e-06 2.270573182517328
11.54566498895066 1.27682611417846 3.894953566896397e-06 0.4314029460850757 6.167647111261776e-08 2.271236828290385
11.6555733901278 1.277751656232333 -0.0001253649987462968 0.4313879075134286 -2.169100344910115e-06 2.271927481121107
11.76548175403305 1.277465269983943 -5.89763804504928e-05 0.4314150251561763 -1.011941837025451e-06 2.272570556000502
11.87538978738811 1.27647824856937 0.0004535157629255715 0.4313922468543291 -2.243157583197222e-07 2.273176912350744
11.98529802505164 1.276745542453949 6.760520373474965e-05 0.4313596632864541 6.132971016384325e-07 2.273740723555528
12.09520635817635 1.277408376701623 -0.0001532460644974032 0.4313651404393996 -1.04699958542705e-05 2.274351231676922
12.20511469381153 1.27591781674308 -0.0001781508348150107 0.4313537221161052 -1.643525401754178e-06 2.274874717740115
12.31502304280509 1.277050336112183 -0.0001529001274502284 0.4313441775447062 -2.021739911992407e-06 2.275405130639423
12.42493101850147 1.276789865057183 3.594034256063083e-05 0.4313504018230531 4.474351406839362e-06 2.275934791100308
12.53483953500104 1.276716908976155 -0.0001362342168230168 0.4313288028557729 -5.19013324917772e-06 2.276381360318013
12.64474812392973 1.276818032318252 -2.453904078350555e-05 0.4313264670497813 1.200888080640089e-06 2.276856676259714
12.75465676224402 1.277516178633916 -1.058590232239087e-05 0.4313393333625246 -4.612334530596993e-06 2.277315736301958
12.86456494837017 1.276616512889252 -0.0003554013078897467 0.4313207588069634 -3.812107643986345e-06 2.277767962869494
12.97447346054635 1.276933694143057 -7.467893732768238e-05 0.4313286135503729 -3.751943269317444e-06 2.278175677461802
13.08438174498676 1.276777741022243 -0.000118473331292307 0.4313155659805468 -2.448871713313025e-06 2.278570101022757
13.19429024189931 1.276976903408445 -0.0001382726137855173 0.4313033925331151 -1.349463650465559e-06 2.278949466431976
13.3041985412221 1.276672119142575 8.373449173793013e-05 0.4312896901941525 2.153873753038202e-06 2.279313189206089
13.41410697223333 1.277034290502494 0.0002017248925234028 0.4313063540252998 -1.557931978937721e-06 2.279654987971481
13.5240152146592 1.276975752700621 3.098670478574039e-05 0.4313065131132289 -1.079713190806943e-06 2.279996724827367
13.63392339949348 1.276668949417389 1.358576400967149e-05 0.4312890911224672 2.416950106497694e-06 2.280302996926726
13.74383192004465 1.276613004437529 -7.8343212868065e-05 0.4312784643160352 -2.732595598764834e-06 2.280589159627661
13.85374038127031 1.276335950378049 -2.773176425427404e-05 0.4312806096140172 -1.103319071560534e-06 2.280887186358139
13.96364841487529 1.276379624028974 5.06408450303697e-05 0.4312678305666912 3.380375366663843e-06 2.281183117085472
14.07355677452261 1.276302973346733 0.0002207794214069414 0.4312728107057957 1.295466403854889e-08 2.28143620140399
14.18346548352825 1.276657761912716 7.936305215172634e-05 0.4312870397581905 8.127403894594987e-06 2.281689162149499
14.29337378078911 1.274827039119045 5.795112639012112e-06 0.4312677198015132 -1.25922277182007e-06 2.281926495411269
14.40328209813979 1.275867727251465 -0.0001639209109695061 0.4312778754016744 1.497759806018059e-06 2.282151642648351
14.51319076872733 1.276618854380942 4.054119025906355e-05 0.431252318573803 2.479034115383805e-07 2.282340955148625
14.62309931425647 1.277365745400262 -5.874248733059306e-05 0.4312685256176149 1.191864703746319e-06 2.28255296047849
14.73300766633151 1.276956372996097 -9.693467127608324e-05 0.4312658773857997 7.971020876337831e-07 2.282763791850301
14.84291561451073 1.276336318678466 3.429127305815127e-05 0.4312362974375469 3.436244327079292e-06 2.282928676590981
14.95282405222063 1.276501282811402 -6.955139911837827e-05 0.4312654938657615 -3.059699962606674e-06 2.283100077654307
15.06273208675144 1.276829732532827 -8.295772267194468e-05 0.4312597213607525 -3.763271841889654e-06 2.283302504837026
15.17264010515358 1.27645013198225 -0.0003248099145070626 0.4312401079319113 -8.636206775604685e-06 2.283428538850658
15.2825484455711 1.276931513576109 -2.449443684382491e-05 0.4312479141028702 7.869454705681719e-07 2.283585761008097
15.39245622913922 1.27635241836644 -1.368965049353132e-05 0.4312286895779351 1.589054811500581e-06 2.283718661611224
15.50236444762102 1.275783795829784 0.0002361208467251408 0.4312144344923366 2.060020447241899e-06 2.283835759895333
15.61227249706149 1.276632491334912 2.33105335137318e-06 0.4312286546974227 3.260082809520247e-06 2.28397741418331
15.72218006386018 1.276602807020602 -5.992745078101103e-05 0.4312369217155445 -3.427944005367223e-06 2.284110017286267
15.83208813194185 1.276284526592657 -0.0001075426341719532 0.4312179707033317 -1.755119061306806e-06 2.284173821240579
15.94199634516058 1.275589248357458 0.0005046631074128172 0.4312047018033222 2.642548630661483e-06 2.284297559611108
16.05190431189181 1.276913459018416 -0.0006254057097078436 0.4312222517508371 -3.127149694008395e-06 2.28440373251185
16.16181231120951 1.276627658924119 0.0006716972528886256 0.4312219787326785 -2.289598508608062e-07 2.284494904931373
16.27172022629301 1.276436246595436 -0.0001377289361904899 0.4312197106079736 -1.502663001438052e-06 2.284586184037488
16.38162856433282 1.276084119753037 3.177349872207635e-06 0.4312245421797436 -1.614496625015893e-06 2.284669559101935
16.49153653096951 1.27580445296223 -0.0005347406497178686 0.4312214072892433 5.520230342663524e-07 2.284751134072466
16.60144449117858 1.276116740313497 -3.464337749345403e-05 0.4312368100950537 -9.554357223579002e-07 2.28483541469172
16.71135251915013 1.276298681479954 0.0002122109374103898 0.4312147285994514 1.059347840427771e-06 2.284888124349723
16.82126038218078 1.278117675840892 0.0002747470379577677 0.4312104121311687 8.274524208412744e-06 2.284968217045297
16.93116844239846 1.277458701881059 0.0005973408398420033 0.4312125423544853 5.419621040267386e-06 2.285031371005281
17.04107625739118 1.276603703457682 0.0001131146116841453 0.4312174495047738 1.013989940486151e-05 2.285082947422636
17.15098417297526 1.276361198068684 -0.000156654938054418 0.4312154188613718 6.094754590564404e-06 2.285151896238952
17.26089216457709 1.27701700981764 0.0001690401306908562 0.4312108082220136 -4.790867160078295e-06 2.285199482622233
17.37079994983632 1.276917373415651 5.075721698427627e-05 0.431208261027395 -9.612476859335861e-06 2.285245563605781
17.48070766772278 1.276389031701153 1.546203777791355e-07 0.4312063895587043 1.252619676963586e-05 2.285299392236189
17.59061550612272 1.276233100080501 -6.087142153168856e-05 0.4312017122824885 -1.281073233645388e-05 2.285329325593247
17.70052378409547 1.276326214703575 -0.0003956614381375179 0.4312131750577102 -5.19222656127083e-06 2.285390358500837
17.81043162419466 1.278101905550287 0.0002583121812355926 0.4312008362186542 1.134660350720056e-05 2.285414243807041
17.92033968822517 1.276457530737288 -1.520042533190158e-05 0.4311940420945746 2.637811515521227e-06 2.285436482168237
18.03024803392799 1.276008873628591 0.0008197784311227418 0.4312008758751608 -9.401126304297777e-06 2.285479823606309
18.14015598085023 1.274707343451138 0.0005309373313364119 0.4311907501851705 9.583377243646551e-06 2.285496613207363
18.25006394050813 1.276715043804136 2.13259347838779e-05 0.4312054347543546 -1.934790194405012e-06 2.285544120733067
18.35997171222794 1.276563079568408 -0.000128613312243675 0.4312069961723806 -3.865931700265147e-06 2.285586903956747
18.46987939149284 1.276596117667332 -0.000102694093651795 0.4312038083875516 -3.770163178556767e-06 2.285606008872729
18.57978736033186 1.276456579946701 -9.140052590700387e-06 0.4311843543729444 7.931135744332525e-06 2.285611764489599
18.6896954329236 1.27679067765705 7.117680563101247e-05 0.4312060038877483 6.049833657581494e-07 2.285662225945925
18.79960254681672 1.276718283684962 5.405216160769832e-07 0.4312137019120265 -2.767195011662942e-06 2.285717270236072
18.90950999489609 1.276280195991809 3.585668942793219e-05 0.4311954299483812 5.509503391443009e-06 2.285710557849574
19.01941801413284 1.276355516119367 -6.735507303021193e-05 0.4311788501065205 1.400739050240636e-06 2.285682698753658
19.12932587278977 1.275619991636781 -0.001076223816572852 0.4312026511252636 -1.980942670315455e-06 2.285739725991355
19.23923389157516 1.276154590677882 0.0004664590925340384 0.4311862349456382 3.89319872879778e-06 2.285740980916257
19.34914205150702 1.277148198315556 0.0006970279702750715 0.4311933672166759 -1.283842355413213e-06 2.285764708695493
19.459049783595 1.275725443371784 -3.960383946313706e-05 0.4311730227611783 1.042474372900826e-05 2.285760935039495
19.56895746384845 1.276220603780852 -0.0001210699671749527 0.4311824648625443 -1.393955579742645e-06 2.285793392193796
19.6788652007932 1.276955902242795 -0.0005888474293797019 0.431189017886948 2.830319979349981e-06 2.285822188337039
19.78877310288035 1.276456594516287 0.0001599678039244934 0.4311855381116781 8.199012155439382e-06 2.285809900721535
19.89868097247949 1.278093549383065 -0.0002431466157551965 0.4311960964016641 5.924707866036653e-06 2.285837973846053
