4.777129116466319195e-04
4.865189954734919610e-04
5.029906477402693336e-04
5.287646035720725652e-04
5.655563152236349998e-04
6.152229705453650084e-04
6.794343711172589131e-04
7.594188566479496104e-04
8.562436953761052433e-04
9.716172598988885752e-04
1.109096294178545192e-03
1.277068146484794256e-03
1.492755755034285217e-03
1.797938526830314193e-03
2.285985061124679463e-03
3.010676562625644748e-03
3.855666716021584686e-03
4.689297612736665483e-03
5.324203508503173171e-03
5.777908295299090738e-03
5.888121533586035232e-03
6.028713534205224107e-03
6.237264130337804094e-03
6.649142600008229979e-03
7.114227596901873292e-03
7.594577896888477474e-03
8.118018706927561043e-03
8.730109450103903587e-03
9.519153221816315999e-03
1.033467009352947302e-02
1.097942246319397186e-02
1.181089012697090698e-02
1.207955034642285534e-02
1.181594574690372421e-02
1.134777053287051515e-02
1.079314922837777344e-02
1.028631140867521977e-02
1.012484166394267762e-02
1.033975942905288742e-02
1.036080223676005656e-02
1.032159102504298133e-02
9.972937059555164047e-03
9.457367216328442516e-03
8.668197968700070560e-03
7.876185997968748395e-03
7.007354441136899939e-03
6.299999854218731044e-03
5.592498977544295945e-03
5.116172099269270315e-03
4.818649799144023027e-03
4.612418782760293288e-03
4.435716033977490230e-03
4.282610923814429531e-03
3.969818914648875693e-03
3.807163872545231940e-03
3.625416554894506441e-03
3.451896529507004954e-03
3.293268100251608901e-03
3.142083361506808371e-03
2.981240652402994060e-03
2.818293511276629901e-03
2.660988868005373723e-03
2.507033494681076141e-03
2.355236525858816262e-03
2.206143061980248878e-03
2.070061321805993521e-03
1.947436691998883198e-03
