0.2213007122498444
0.4684709652792795
0.7182205171382964
0.971519826676593
1.228743832175407
1.489549348424718
1.752770321412378
2.016823809564035
2.280515973477078
2.543700745244645
2.807315972359501
3.073052353024482
3.342977317817887
3.619293807189464
3.901305628632687
4.178571438387851
4.43494700299503
4.664485190314495
4.884974477976763
5.11849134631044
5.359361794551957
5.608635841107042
5.859657922075032
6.112443831103576
6.365282331318064
6.612758992587108
6.847973104756906
7.075601314459312
7.314196388028016
7.560951040276799
7.808158616689498
8.069008541800445
8.324174262191143
8.557942444892319
8.782522730404567
9.00954080135795
9.248941205576331
9.509242793268573
9.793094228693551
10.08324911322383
10.36971174402191
10.64500177121358
10.91968526996879
11.20138610160978
11.50247586278246
11.8277118308561
12.16366654978338
12.48985203383306
12.82109858070556
13.16047414118779
13.51447668194868
13.88853750109486
14.28015580877618
14.65925314975016
15.05621770187742
15.4641253689332
15.85674780254663
16.23841776105713
16.61543690641972
16.99309764661927
17.37624286858566
17.76849015838971
18.17192902711761
18.59018274160597
19.02298788535384
19.47088036443511
19.91776484822488
