1.395123006010837337e-02
4.075514369392295444e-02
6.643739413378950409e-02
9.095799720748688755e-02
1.142690008306154470e-01
1.363248648542414176e-01
1.570897184273424840e-01
1.765430411175023806e-01
1.946829078426061677e-01
2.115273972421985171e-01
2.271143915657837520e-01
2.414996224965193228e-01
2.547541253826989260e-01
2.669604159826258760e-01
2.782088537733946043e-01
2.885934695647995873e-01
2.982084651404031672e-01
3.071448117143217860e-01
3.154877132231270198e-01
3.233144954170666940e-01
3.306933515559781767e-01
3.376826302714813766e-01
3.443307512594889763e-01
3.506765002039991530e-01
3.567498149728126067e-01
3.625726334308294607e-01
3.681601015211236616e-01
3.735215875391443285e-01
3.786619242804857843e-01
3.835823601021209894e-01
3.882815588976526455e-01
3.927564087572167351e-01
3.970027060369547556e-01
4.010157256494735201e-01
4.047907010493028701e-01
4.083230839720744521e-01
4.116089241981928382e-01
4.146449541676477391e-01
4.174287002190505413e-01
4.199587121962277680e-01
4.222344219514262975e-01
4.242562319500595702e-01
4.260256049257303279e-01
4.275448756263281469e-01
4.288172717158474367e-01
4.298469439916318136e-01
4.306388612953085948e-01
4.311987017209052975e-01
4.315328778906205587e-01
4.316484624857612196e-01
4.315530515518336552e-01
4.312547497352926529e-01
4.307621101310004641e-01
4.300840624705083437e-01
4.292298422694492133e-01
4.282089354866678299e-01
4.270309683886109875e-01
4.257057163514557652e-01
4.242429407345144066e-01
4.226524158865487824e-01
4.209438240167190926e-01
4.191267285761011152e-01
4.172105421162605188e-01
4.152044451725669938e-01
4.131173340992567167e-01
4.109578252363026984e-01
4.087341668054261246e-01
4.064542812938632399e-01
4.041256649210360763e-01
4.017554074734175362e-01
3.993502155721901925e-01
3.969163140702878789e-01
3.944595150321931754e-01
3.919851681847804636e-01
3.894981874417248746e-01
3.870030235357031501e-01
3.845037339221039074e-01
3.820039444815205854e-01
3.795068284271059245e-01
3.770152258398918321e-01
3.745315711595532671e-01
3.720579669678742984e-01
3.695961664080405495e-01
3.671476224785706344e-01
3.647134920573809613e-01
3.622946647831559730e-01
3.598917946103055154e-01
3.575053027997803778e-01
3.551354179333465755e-01
3.527822005767976554e-01
3.504455624477786913e-01
3.481252642587956969e-01
3.458209306587977649e-01
3.435321334989109299e-01
3.412583411992151095e-01
3.389989572219073155e-01
3.367533373021387444e-01
3.345207936976816732e-01
3.323006261807181505e-01
3.300921168747114609e-01
3.278945305270539179e-01
3.257071616815144788e-01
3.235293023978537130e-01
3.213602507974447908e-01
3.191993480150613349e-01
3.170459565723975914e-01
3.148994378646683967e-01
3.127592316573718501e-01
3.106247981012491555e-01
3.084956340409588105e-01
3.063712609369375062e-01
3.042512462676503215e-01
3.021351792516441259e-01
3.000226955496291259e-01
2.979135001778807634e-01
2.958072845873498946e-01
2.937037865710152018e-01
2.916027796889157919e-01
2.895040778356282041e-01
2.874074862052940493e-01
2.853128710213382324e-01
2.832201035594266725e-01
2.811290622361333758e-01
2.790396591142980109e-01
2.769518472067117321e-01
2.748655485058554282e-01
2.727807156858906845e-01
2.706973520884257689e-01
2.686154267795237693e-01
2.665349185703560497e-01
2.644558320186368161e-01
2.623781803627268094e-01
2.603019648322463242e-01
2.582271986735129032e-01
2.561539200050641507e-01
2.540821393008421136e-01
2.520118761568639898e-01
2.499431386630772967e-01
2.478759651305940115e-01
2.458103686009132649e-01
2.437463592856946581e-01
2.416839656795515268e-01
2.396232096810539114e-01
2.375641053325306118e-01
2.355066631620048589e-01
2.334508994433682205e-01
2.313968453297192696e-01
2.293445009705625537e-01
2.272938660671958711e-01
2.252449703445202067e-01
2.231978024444280784e-01
2.211523724670428903e-01
2.191086818838902661e-01
2.170667320670996991e-01
2.150265223773391021e-01
2.129880509336803951e-01
2.109513135601454592e-01
2.089162947070968834e-01
2.068829998028442752e-01
2.048514163672811861e-01
2.028215317681477114e-01
2.007933303990050156e-01
1.987668134215344606e-01
1.967419516753102782e-01
1.947187311454334491e-01
1.926971493372478805e-01
1.906771888143003191e-01
1.886588280312223309e-01
1.866420488911647024e-01
1.846268552481231950e-01
1.826132284246994031e-01
1.806011431974704207e-01
1.785905780422359646e-01
1.765815173240591340e-01
1.745739332471049066e-01
1.725678010808470719e-01
1.705631128400415808e-01
1.685598698831554665e-01
1.665580362110029855e-01
1.645575933857802708e-01
1.625585318512440258e-01
1.605608280561078849e-01
1.585644633825711025e-01
1.565694222654299694e-01
1.545756868242794124e-01
1.525832362657258690e-01
1.505920474141828891e-01
1.486021031649405189e-01
1.466133896290791327e-01
1.446258830223859648e-01
1.426395690787370663e-01
1.406544170480602818e-01
1.386704198804153410e-01
1.366875697052934158e-01
1.347058354298155125e-01
1.327251893891821244e-01
1.307456311802626392e-01
1.287671498875984644e-01
1.267897126521757845e-01
1.248132934846740288e-01
1.228378856745280523e-01
1.208634738687900251e-01
1.188900238124377950e-01
1.169175166120248327e-01
1.149459344356231483e-01
1.129752563792851133e-01
1.110054675285050835e-01
1.090365433738803014e-01
1.070684733251354021e-01
1.051012250861060870e-01
1.031347891288574015e-01
1.011691550393025996e-01
9.920429242159402305e-02
9.724017784510366469e-02
9.527680025958942811e-02
9.331413878187518052e-02
9.135216701471758627e-02
8.939086540460774999e-02
8.743022235260820840e-02
8.547020459521174895e-02
8.351078875857309569e-02
8.155195958689423485e-02
7.959369690457909763e-02
7.763598268058030660e-02
7.567878941595249098e-02
7.372209699345558254e-02
7.176588858846216779e-02
6.981013806126092069e-02
6.785482181442160921e-02
6.589992566382980865e-02
6.394542582776713280e-02
6.199129631796741063e-02
6.003750841140623878e-02
5.808404282257791790e-02
5.613087886672011445e-02
5.417799261332310184e-02
5.222536265457365656e-02
5.027296275634471345e-02
4.832077160554711093e-02
4.636877209874959438e-02
4.441692470761765543e-02
4.246521750670048667e-02
4.051362521495499580e-02
3.856212140163745722e-02
3.661068182435000401e-02
3.465928093997096282e-02
3.270789915492394728e-02
3.075650711714640259e-02
2.880509010076967927e-02
2.685360872965496595e-02
2.490205680703333133e-02
2.295039016434916729e-02
2.099860237806214572e-02
1.904665893265975601e-02
1.709453136964832198e-02
1.514219714423405486e-02
1.318962959647603135e-02
1.123681095482730388e-02
9.283708535440516468e-03
7.330295643564776684e-03
5.376547428142566289e-03
3.422439596654041054e-03
1.467941740629402810e-03
-4.869564954510607435e-04
-2.442290819735298910e-03
-4.398085217809454862e-03
-6.354377100780087863e-03
-8.311180676047665375e-03
-1.026853071858839332e-02
-1.222645225199910091e-02
-1.418497697562370700e-02
-1.614413075028557285e-02
-1.810393495780843187e-02
-2.006441420890741484e-02
-2.202559826837529808e-02
-2.398751634414300962e-02
-2.595019040721320905e-02
-2.791364640322775703e-02
-2.987791610395056086e-02
-3.184303239157929705e-02
-3.380901745138876341e-02
-3.577590307714209605e-02
-3.774371481539098849e-02
-3.971248032879452772e-02
-4.168222720139640181e-02
-4.365298569481552288e-02
-4.562478431508074084e-02
-4.759764925185634016e-02
-4.957161000243223009e-02
-5.154669748597878742e-02
-5.352294021349731507e-02
-5.550036917084490845e-02
-5.747900983710445971e-02
-5.945889280849538105e-02
-6.144004382602457487e-02
-6.342249272538913463e-02
-6.540627093229563205e-02
-6.739140820189690184e-02
-6.937793385168149196e-02
-7.136587172566145887e-02
-7.335525756552348231e-02
-7.534611849917002835e-02
-7.733848747681966451e-02
-7.933239521994298049e-02
-8.132787487404247173e-02
-8.332495131007003342e-02
-8.532364917747611854e-02
-8.732400787700335398e-02
-8.932604783368447432e-02
-9.132979589468645520e-02
-9.333528753163114478e-02
-9.534256468792517980e-02
-9.735164452348894770e-02
-9.936256205297430699e-02
-1.013753380229324708e-01
-1.033900123746873123e-01
-1.054066136217512994e-01
-1.074251695310308452e-01
-1.094457119136078571e-01
-1.114682783227288754e-01
-1.134928944878032808e-01
-1.155195881147727255e-01
-1.175483831326955969e-01
-1.195793117082359358e-01
-1.216124075480249644e-01
-1.236477081819344626e-01
-1.256852409836120010e-01
-1.277250384560987551e-01
-1.297671319008491808e-01
-1.318115536375432106e-01
-1.338583357804161988e-01
-1.359075124651357991e-01
-1.379590973775191021e-01
-1.400131309021730996e-01
-1.420696487607971958e-01
-1.441286745929755975e-01
-1.461902379973762933e-01
-1.482543650120608514e-01
-1.503210870717087422e-01
-1.523904334078716449e-01
-1.544624264090975474e-01
-1.565371027711060792e-01
-1.586144889258754298e-01
-1.606946229962971373e-01
-1.627775347015109897e-01
-1.648632474382377422e-01
-1.669517847093978657e-01
-1.690431933952483146e-01
-1.711375024426296798e-01
-1.732347321158133058e-01
-1.753349178441004630e-01
-1.774380970251455691e-01
-1.795442963892726340e-01
-1.816535315991813226e-01
-1.837658461772770091e-01
-1.858812714399442900e-01
-1.879998344365880758e-01
-1.901215665261582755e-01
-1.922464909506406694e-01
-1.943746471986782243e-01
-1.965060681930097808e-01
-1.986407924180539908e-01
-2.007788577076826397e-01
-2.029203010511020644e-01
-2.050651512194104908e-01
-2.072134359397768966e-01
-2.093651943555090988e-01
-2.115204605308028396e-01
-2.136792680180093496e-01
-2.158416486763807263e-01
-2.180076523653134424e-01
-2.201773267260590805e-01
-2.223507215987162167e-01
-2.245278640348356558e-01
-2.267087987718082731e-01
-2.288935734858832116e-01
-2.310822323848550908e-01
-2.332748172101936635e-01
-2.354713951504993907e-01
-2.376720209942976003e-01
-2.398767294210427670e-01
-2.420855763786141368e-01
-2.442986252066705333e-01
-2.465159240582044942e-01
-2.487375164873402156e-01
-2.509634762664566532e-01
-2.531938577588770389e-01
-2.554287219918419671e-01
-2.576681193900840494e-01
-2.599121130529974955e-01
-2.621607675996379117e-01
-2.644141585509911518e-01
-2.666723153523418710e-01
-2.689352967501491554e-01
-2.712031612109627177e-01
-2.734759562130829602e-01
-2.757536990137063881e-01
-2.780364386502572338e-01
-2.803241831151384034e-01
-2.826169236556170250e-01
-2.849146948798314538e-01
-2.872174832264370314e-01
-2.895252464223769806e-01
-2.918379688883717682e-01
-2.941556136144194422e-01
-2.964780832973992197e-01
-2.988053083483634964e-01
-3.011372099690188819e-01
-3.034736354387322366e-01
-3.058144280867984288e-01
-3.081594179772224051e-01
-3.105083974270459457e-01
-3.128610945658204523e-01
-3.152172235119165555e-01
-3.175764724934468930e-01
-3.199384822002177553e-01
-3.223028381386828234e-01
-3.246690840217067442e-01
-3.270367411569843896e-01
-3.294053146004488064e-01
-3.317742009624096156e-01
-3.341427264492603522e-01
-3.365102437422059500e-01
-3.388760517721622345e-01
-3.412393502192955230e-01
-3.435993188819751465e-01
-3.459551639132769640e-01
-3.483060353579289226e-01
-3.506510301764692028e-01
-3.529892420670791009e-01
-3.553197711814557458e-01
-3.576417230753130561e-01
-3.599542631893631328e-01
-3.622565822460395712e-01
-3.645479825294704601e-01
-3.668279103787053241e-01
-3.690959418230014832e-01
-3.713518095297597688e-01
-3.735955245371421762e-01
-3.758274100884964053e-01
-3.780480979780265205e-01
-3.802586542239046463e-01
-3.824606791180416576e-01
-3.846563327185148484e-01
-3.868484350969660923e-01
-3.890406059895973878e-01
-3.912373427983973362e-01
-3.934441208103636733e-01
-3.956675165531828298e-01
-3.979153083589163087e-01
-4.001966334013090654e-01
-4.025220206950425039e-01
-4.049034978751082092e-01
-4.073547420803524943e-01
-4.098910401659756064e-01
-4.125293392909812895e-01
-4.152882547243283429e-01
-4.181879390765841364e-01
-4.212499514621912411e-01
-4.244971134258334611e-01
-4.279531485610318930e-01
-4.316422921579092242e-01
-4.355887568474698379e-01
-4.398160312521313675e-01
-4.443462003424976658e-01
-4.491989583524121921e-01
-4.543904964046789896e-01
-4.599323257606784399e-01
-4.658298356243218419e-01
-4.720808746555635316e-01
-4.786741909894814406e-01
-4.855876593266286179e-01
-4.927866856901112480e-01
-5.002227205092097950e-01
-5.078315834305544563e-01
-5.155322069075205516e-01
-5.232258156632909607e-01
-5.307951935540162758e-01
-5.381045677217664025e-01
-5.450003428102327963e-01
-5.513121242027075875e-01
-5.568547857649341903e-01
-5.614313404078818959e-01
-5.648364312127716058e-01
-5.668609538977018580e-01
-5.672971548394104557e-01
-5.659443883211590087e-01
-5.626154598753221325e-01
-5.571429509105882971e-01
-5.493857174298359958e-01
-5.392349685662531922e-01
-5.266199345850868241e-01
-5.115125649349376857e-01
-4.939312128715723782e-01
-4.739430297212412491e-01
-4.516649042918549628e-01
-4.272627881128794880e-01
-4.009494469123355831e-01
-3.729807260192106733e-01
-3.436501369882338230e-01
-3.132821685461603667e-01
-2.822244782225313275e-01
-2.508392349160689649e-01
-2.194938568839351345e-01
-1.885515291842836949e-01
-1.583620898769354524e-01
-1.292532350775622008e-01
-1.015226420153573922e-01
-7.543098300305375870e-02
-5.119612993169370824e-02
-2.898822775504040009e-02
-8.926361980071368524e-03
