0000 0.0 0.0
0001 -0.00206860522526 -8.63096383536e-11
0002 -4.03401256591e-05 -0.000882900632193
0003 0.000261271478577 -0.00284108764391
0004 0.00013897486774 -0.00292888230709
0005 -0.000116054143568 -0.00190216150435
0006 -0.000852452713649 -0.000799250437879
0007 -0.00172360415753 -0.000377045321841
0008 -0.00194062718187 -0.000390283835603
0009 -0.0016005251008 -0.000603204139764
0010 -0.000900666525508 -0.001034436605
0011 -0.000333906448883 -0.001646044543
0012 1.63614626422e-06 -0.00219324112924
0013 4.75361284354e-05 -0.00232973078849
0014 -9.22520589932e-05 -0.00202110777197
0015 -0.000568950720394 -0.0014000465995
0016 -0.000901429719264 -0.00100913173949
0017 -0.00130370230102 -0.000626332973507
0018 -0.00149531957211 -0.000512377972929
0019 -0.00131834143089 -0.000677830701404
0020 -0.00082317665115 -0.00103754745938
0021 -0.000250419369261 -0.00149708806975
0022 -5.24051150291e-06 -0.00182079985551
0023 4.25272981097e-05 -0.00189390706243
0024 -0.000231749039889 -0.00170260435017
0025 -0.000423665494734 -0.00127469023256
0026 -0.000917119350554 -0.000747261532928
0027 -0.000957335789047 -0.000421967387111
0028 -0.00115417841413 -0.000474748389119
0029 -0.00105396001555 -0.000705281076026
0030 -0.000691257873745 -0.000993502949656
0031 -0.000182458826282 -0.00129264088926
0032 -0.000199184344111 -0.0013531480381
0033 -0.000308474370227 -0.00132626284768
0034 -0.000619611574026 -0.00119084313063
0035 -0.000944660626944 -0.000837510541557
0036 -0.00114522834969 -0.000531925950721
0037 -0.00136673336084 -0.000398304475498
0038 -0.00137078938204 -0.000434587236793
0039 -0.00128256491674 -0.000638644766233
0040 -0.0012043226951 -0.000856971437094
0041 -0.00101848358218 -0.000982874267324
0042 -0.00104703363474 -0.00101952928249
0043 -0.00113162783798 -0.000962372864136
0044 -0.001395244652 -0.000785764314905
0045 -0.00167680544869 -0.00052811632387
0046 -0.00184475323112 -0.000338224141093
0047 -0.00194322430411 -0.000284655167301
0048 -0.00195296329848 -0.0003251338696
0049 -0.00191933815767 -0.000467982806618
0050 -0.00182801862092 -0.000602449352858
0051 -0.00176170680264 -0.000705683111148
0052 -0.00173023191601 -0.000758172964167
0053 -0.00175469733272 -0.000717560721506
0054 -0.00191222480988 -0.000590412809552
0055 -0.00200571691174 -0.000434057842947
0056 -0.00219758374359 -0.000296702935235
0057 -0.00239894026941 -0.000274127370738
0058 -0.00233675150109 -0.000335444687149
0059 -0.00224030339321 -0.000364855529132
0060 -0.00215262348534 -0.00040027328064
0061 -0.00217498145236 -0.00052405784514
0062 -0.00220289995609 -0.000600547468848
0063 -0.00226199927187 -0.000541112157079
0064 -0.0023174378737 -0.000386950359338
0065 -0.00244219179938 -0.000254494216456
0066 -0.00251636239729 -0.000218260529278
0067 -0.00245744619851 -0.000217565949629
0068 -0.00237183810753 -0.000263027427338
0069 -0.00225090399894 -0.000357986076233
0070 -0.00216607074837 -0.000494164219602
0071 -0.00206564546745 -0.000556622248556
0072 -0.00210657124628 -0.000493936712465
0073 -0.00221668282054 -0.000378402995148
0074 -0.00239901188346 -0.000293033232373
0075 -0.00239517065325 -0.000255718777061
0076 -0.00224653639426 -0.000258198788889
0077 -0.00194592325997 -0.000338847304873
0078 -0.00168896899614 -0.000439343721008
0079 -0.0013784857234 -0.000607011911853
0080 -0.0013314160702 -0.000770617959936
0081 -0.00146166321797 -0.000793838781181
0082 -0.00180602904123 -0.000624169618923
0083 -0.0022474513094 -0.000316226711985
0084 -0.00257444784179 -2.69448397239e-05
0085 -0.00238167619488 3.65468687827e-05
0086 -0.00109206100451 -0.000514810731923
0087 0.000236798957826 -0.0016239144687
0088 0.000346613922789 -0.00145183834895
0089 -0.000432956540023 -0.000677220210017
0090 -0.00064628226967 -0.000524822811537
0091 -0.000230301666258 -0.00107328572168
0092 -8.64850288601e-05 -0.00135724291592
0093 -0.000514794681137 -0.000901614236388
0094 -0.000775176676528 -0.000631972961752
0095 -0.000785654207826 -0.000673720507653
0096 -0.000542315828271 -0.000959969062631
0097 -0.000468478677643 -0.00109463805774
0098 -0.000516110538048 -0.00109009722216
0099 -0.000652591926641 -0.000947174779844
0100 -0.000786721439853 -0.000819695687655
0101 -0.00088289483109 -0.000747465537295
0102 -0.000846660015554 -0.000766624286949
0103 -0.000832397903067 -0.00087115298255
0104 -0.000786210292551 -0.000992513450873
0105 -0.000677852449806 -0.00105134557901
0106 -0.000678269742541 -0.00103042544605
0107 -0.000787583923491 -0.000969584546606
0108 -0.000891441974687 -0.000938349593794
0109 -0.000958692118297 -0.000877590159442
0110 -0.00100536437227 -0.000826724349139
0111 -0.00104226613504 -0.000854726769984
0112 -0.00111357301573 -0.000918817502966
0113 -0.00109353589141 -0.000970144331628
0114 -0.00107628440285 -0.000983670941217
0115 -0.00109099238637 -0.00096804565981
0116 -0.00110927535386 -0.000946002164444
0117 -0.00115909272269 -0.000945375090286
0118 -0.00118552593917 -0.000952289422602
0119 -0.00117337086951 -0.000923182295448
0120 -0.00121619695287 -0.000896264766306
0121 -0.0011344581863 -0.000921489725943
0122 -0.00112442107855 -0.000977172915131
0123 -0.0010364353407 -0.00100774689655
0124 -0.000910741592883 -0.00100880051299
0125 -0.000825839922664 -0.00100867824331
0126 -0.000709383824403 -0.00102545129518
0127 -0.000773433423236 -0.00105891339485
0128 -0.000756426320126 -0.00106959701913
0129 -0.0007637371825 -0.00104774436627
0130 -0.000716726121923 -0.00100644521911
0131 -0.000709469513925 -0.000977847577451
0132 -0.000628229333112 -0.000979880778874
0133 -0.000585159614773 -0.00102404654086
0134 -0.000572483848242 -0.0011011425847
0135 -0.000494540915678 -0.00112994236835
0136 -0.000522225642647 -0.00111258267998
0137 -0.000473582119104 -0.00110077588961
0138 -0.000440160320979 -0.00109136387984
0139 -0.000489054612234 -0.00106342603215
0140 -0.000427073846333 -0.00105344145193
0141 -0.000383014860957 -0.00107639757701
0142 -0.000385105992854 -0.00109863211256
0143 -0.00030607966215 -0.00114625771277
0144 -0.000310224327667 -0.00121379213328
0145 -0.000369690206794 -0.00123916671364
0146 -0.000456785086284 -0.00118251653412
0147 -0.000501266029124 -0.00107993312236
0148 -0.000515329236525 -0.00101899751829
0149 -0.000491770290553 -0.000984262165637
0150 -0.000431504263061 -0.00101327521755
0151 -0.000290929901914 -0.001133081149
0152 -0.000192406178141 -0.00129431597148
0153 -0.000199783935369 -0.00140211205065
0154 -0.000229349729451 -0.00141521156242
0155 -0.000432765596668 -0.00132606636153
0156 -0.000622503855836 -0.00119625337843
0157 -0.00068345491855 -0.000993980912062
0158 -0.000735062547955 -0.000820567084017
0159 -0.00066087825739 -0.00078180563367
0160 -0.00044068896895 -0.000886563557023
0161 -0.000151972834798 -0.00110323129106
0162 0.000127041659326 -0.00136320428695
0163 0.000375782118722 -0.00154321907307
0164 0.000431235483927 -0.00160136222962
0165 0.000353140472734 -0.00155098491947
0166 0.000192724418167 -0.00141335129522
0167 -2.50503479279e-05 -0.00124934143887
0168 -0.00019746028082 -0.00113389771005
0169 -0.000483845133803 -0.00105303619517
0170 -0.00066965361338 -0.00103872663199
0171 -0.000733325713094 -0.0010769767629
0172 -0.000783701154524 -0.00108230700829
0173 -0.000875246559425 -0.00105439824195
0174 -0.000942510467618 -0.00103989283584
0175 -0.000949467539835 -0.00103235260225
0176 -0.00101171438014 -0.00100764452141
0177 -0.00102110097984 -0.000971008102392
0178 -0.000945966844401 -0.000931107162865
0179 -0.000887007822204 -0.000934544123798
0180 -0.000793054192311 -0.00102041560807
0181 -0.000703690812997 -0.00114717373128
0182 -0.000573908691965 -0.00124825720541
0183 -0.000386753478438 -0.00129616547134
0184 -0.000284608140116 -0.00133206233946
0185 -0.000238779303858 -0.00136380644227
0186 -0.000227334674287 -0.00137862643622
0187 -0.000262855957089 -0.0013751537457
0188 -0.00026568748546 -0.00134613699063
0189 -0.000270293759405 -0.00129755676037
0190 -0.000266994699379 -0.00127304215532
0191 -0.000307802383385 -0.00128263088694
0192 -0.000299167384311 -0.00131339649171
0193 -0.00027483942487 -0.00135226923782
0194 -0.000237726380232 -0.00136743878993
0195 -0.000260458620317 -0.00137367006383
0196 -0.000263338056979 -0.00138830611488
0197 -0.000334675839653 -0.0013852099792
0198 -0.000401261983617 -0.00134410374047
0199 -0.000418532723403 -0.00128492687151
0200 -0.000493621910017 -0.00122201293234
0201 -0.00051826544555 -0.00118802837514
0202 -0.000556342044827 -0.00117601050191
0203 -0.000543920575641 -0.00117207867931
0204 -0.000521948828019 -0.00119124346695
0205 -0.000508981196015 -0.00122790422027
0206 -0.000513942008792 -0.00126338330599
0207 -0.000529358510799 -0.00127729906954
0208 -0.00062898329098 -0.00124280089546
0209 -0.000618482385494 -0.00116332801053
0210 -0.000774564193796 -0.00108155305414
0211 -0.000742418912839 -0.00101555227304
0212 -0.000878560043016 -0.000977028106608
0213 -0.000760848826605 -0.000955493184145
0214 -0.000880526884378 -0.000955590412876
0215 -0.000698605638625 -0.000986366884957
0216 -0.000856645285128 -0.0010180967702
0217 -0.000649268280778 -0.00103299032408
0218 -0.00063036398624 -0.00104271221933
0219 -0.000834378801874 -0.00105363785097
0220 -0.000622617584493 -0.00105484303188
0221 -0.00090287980382 -0.00104868246544
0222 -0.000696396015745 -0.00102240622205
0223 -0.00106161207955 -0.000983253614004
0224 -0.000820690777639 -0.000954444716522
0225 -0.00117308013848 -0.000925599399353
0226 -0.000820638607976 -0.000895498370015
0227 -0.00115297445163 -0.000864530262503
0228 -0.000690529937001 -0.000855823499933
0229 -0.00106289292547 -0.000890520485946
0230 -0.000483223656014 -0.000943353563398
0231 -0.00097025458166 -0.00100370680089
0232 -0.000234007012984 -0.00103853130339
0233 -0.000831796562228 -0.00105316321241
0234 3.46518165841e-06 -0.00105131275102
0235 -0.000846455960882 -0.00104157938219
0236 8.77159644274e-05 -0.00102927597948
0237 -0.00104831756563 -0.00100832026457
0238 0.000120113392469 -0.00097458438488
0239 -0.00113061102215 -0.000916910577424
0240 0.000199272640995 -0.000863119643542
0241 -0.0012263622436 -0.000848445559439
0242 0.000265157923948 -0.000892433713683
0243 -0.00118389363685 -0.000965496216607
0244 0.00036375419699 -0.00101592277858
0245 -0.00115515270535 -0.00104267392194
0246 0.000477875945191 -0.00105632187577
0247 -0.00109097198788 -0.00107313668326
0248 0.000498911911744 -0.00107012320626
0249 0.000491245720924 -0.00105805762283
0250 -0.00123262190062 -0.00103689207312
0251 0.000474674892971 -0.00100160470527
0252 -0.00125002689332 -0.000933979249456
0253 0.000610164218126 -0.0008934682691
0254 -0.00121720196665 -0.000902420189851
0255 0.000733524107679 -0.000951590697308
0256 -0.00127233030273 -0.00102872056765
0257 0.000948315185465 -0.00108882590126
0258 -0.00124692487133 -0.00112827092872
0259 0.00130000856569 -0.00113653950215
0260 -0.00137341889019 -0.00113461794612
0261 0.00153392857117 -0.00114328415064
0262 -0.00171935631952 -0.00115000469164
0263 0.00176494583214 -0.00112753584761
0264 -0.0022213163461 -0.00106536769755
0265 0.00221522450058 -0.0010016148943
0266 -0.00275624795421 -0.000944923415576
0267 0.00296490172085 -0.000932392644892
0268 -0.00362943926066 -0.000991782738467
0269 0.00383103073902 -0.00109345953455
0270 -0.00443822547478 -0.00114939524598
0271 0.00478668979367 -0.00114820484277
0272 -0.00536564501371 -0.00113141714258
0273 0.00570899210358 -0.0011006676474
0274 -0.00665650404984 -0.00104578936559
0275 0.00654837053984 -0.00097484549817
0276 -0.00787773918026 -0.000916941674491
0277 0.00751147118413 -0.00088863112949
0278 -0.00892306840332 -0.000923134696202
0279 -0.00922671066942 -0.000967515052567
0280 0.00866221945508 -0.00102881503593
0281 -0.0099241862914 -0.00105006128304
0282 0.00935514523778 -0.00103803432932
0283 -0.0104479913855 -0.00102559409365
0284 0.00965106501152 -0.00100723713713
0285 -0.0111810787463 -0.000979649915241
0286 0.0101054214459 -0.000896950964825
0287 -0.012233322522 -0.000833942431508
0288 0.0111978366275 -0.000869284328997
0289 -0.012891798668 -0.000963034402644
0290 0.0115566933129 -0.00101556818213
0291 -0.0130343366471 -0.00103859404489
0292 0.0118145898549 -0.000984615431993
0293 -0.0133698810115 -0.000911242126758
0294 0.0111279061836 -0.000831708516533
0295 -0.0135079317461 -0.000805171123916
0296 0.0116921122602 -0.000881225001894
0297 -0.0134406424071 -0.00100044081429
0298 0.0115563172326 -0.000986830532655
0299 -0.0132356184705 -0.00091450538295
0300 0.0108335003171 -0.000841948336832
0301 -0.0130936430725 -0.000823739237798
0302 0.00991344163943 -0.000820465122269
0303 -0.0125694082138 -0.000812799398464
0304 0.00995965990414 -0.000854607822438
0305 -0.0132528219045 -0.000881881871273
0306 0.0117580583364 -0.000865991142012
0307 -0.0154919357897 -0.000816703001995
0308 0.0143776539135 -0.000865925779279
0309 -0.017918828667 -0.000826425103527
0310 -0.0178654223462 -0.000850372469669
0311 0.015449296002 -0.000818227818309
0312 -0.0182581683977 -0.000798928833236
0313 0.0154219302155 -0.000789627678657
0314 -0.0176640161873 -0.000804637395485
0315 0.0139761777429 -0.000845704009716
0316 -0.0163474670473 -0.000810571182788
0317 0.0119173898116 -0.00079607323556
0318 -0.0145048734068 -0.000768835000014
0319 0.0104170715014 -0.000778237636573
0320 -0.013260314355 -0.000808953485937
0321 0.0102875991937 -0.000810103415053
0322 -0.0122230217215 -0.000861677494876
0323 0.00935771699718 -0.000953258690526
0324 -0.0118611446442 -0.000934268825182
0325 0.00895796330394 -0.000763695831493
0326 -0.0128928612246 -0.000773089570726
0327 0.0104497815775 -0.000868662253622
0328 -0.0139253570348 -0.000835295416839
0329 0.0121934112208 -0.000918427363429
0330 -0.0162513193419 -0.000926217564363
0331 0.015494515704 -0.00107290032484
0332 -0.0196200991561 -0.000980645457043
0333 0.0184404252357 -0.000927989069018
0334 -0.02285533584 -0.000853952777236
0335 0.02076101534 -0.000904812465044
0336 -0.0234560865127 -0.00105066876837
0337 0.0206349633938 -0.00111251439215
0338 -0.0221752187785 -0.0010415338031
0339 0.0186490538488 -0.000976607735323
0340 -0.020514365183 -0.000897107046327
0341 -0.0201139796345 -0.000905871554907
0342 0.0169359914942 -0.00114939954957
0343 -0.0189086426843 -0.0011227334896
0344 0.0160713362781 -0.001076054892
0345 -0.0172587544276 -0.00104610483335
0346 0.0141588997784 -0.00100748938701
0347 -0.0156688463866 -0.00115774261656
0348 0.012715263436 -0.00110205709917
0349 -0.0145256703584 -0.00120776536717
0350 0.0118057561958 -0.00109370319841
0351 -0.0134150849041 -0.00111305338222
0352 0.01074292145 -0.00113291819261
0353 -0.0122306094842 -0.00102781553202
0354 0.00946395646658 -0.00115407020741
0355 -0.0108230614861 -0.00115033993909
0356 0.0088827812242 -0.00120477235555
0357 -0.0103119036706 -0.00119472616989
0358 0.00836579760677 -0.00129194555414
0359 -0.0100621429338 -0.00120939292514
0360 0.00774463031991 -0.00108362578375
0361 -0.00985113866421 -0.00105909976693
0362 0.00748040313239 -0.00105273762153
0363 -0.00985170819438 -0.00110127467124
0364 0.00784708384195 -0.00108977869647
0365 -0.0103012852746 -0.00115609344872
0366 0.00869898047071 -0.00114449041881
0367 -0.0106657834726 -0.00111069099959
0368 0.00914249133718 -0.00104175146152
0369 -0.0113928653455 -0.000944600233535
0370 0.00917858379813 -0.00097403881358
0371 -0.0114768193757 -0.00104335615082
0372 -0.0117765630419 -0.00105072645342
0373 0.00936999491792 -0.000991270698719
0374 -0.0114650557975 -0.00102412183598
0375 0.00917787725231 -0.00100723336367
0376 -0.0107130976326 -0.00100286065374
0377 0.00828708025039 -0.000980436083423
0378 -0.00994164071285 -0.000948203322652
0379 0.0072282133564 -0.000943477860554
0380 -0.00880826969075 -0.000942221446961
0381 0.00605067847347 -0.00092329849277
0382 -0.00756780669788 -0.000930964139415
0383 0.00488481440284 -0.000956433797442
0384 -0.00639892813471 -0.000970409647193
0385 0.00386225653904 -0.000963630446652
0386 -0.00555446071668 -0.000956270085043
0387 0.00320991732912 -0.000936236885142
0388 -0.00522172842335 -0.000917953044199
0389 0.00318631498284 -0.000922509044419
0390 -0.00530483148535 -0.000936667043665
0391 0.00347077601188 -0.000970527366101
0392 -0.00559500756364 -0.000995484297692
0393 0.00373047350917 -0.000973264242826
0394 -0.00586651256769 -0.00093576958288
0395 0.00382763349182 -0.00090688716026
0396 -0.00593818243715 -0.000895985006523
0397 0.00382868357197 -0.000923535231272
0398 -0.00576590895714 -0.000960538185452
0399 0.00370160626106 -0.000996632868844
0400 -0.0053618739714 -0.00101623805473
0401 0.00333137322323 -0.00101227399252
0402 -0.00490783884002 -0.000989574778632
0403 -0.00474766245461 -0.000976823600461
0404 0.0025408855602 -0.000961784761729
0405 -0.00422779869564 -0.000935224257226
0406 0.00209331494779 -0.000941373450264
0407 -0.00386067703576 -0.000988507035602
0408 0.00180404463319 -0.00101642114849
0409 -0.00374312376237 -0.00101116315749
0410 0.00201744287751 -0.000974310180912
0411 -0.00397556358045 -0.00100392764277
0412 0.00249499039911 -0.00103386135616
0413 -0.00461334583457 -0.00104075920204
0414 0.00319900238684 -0.00103905373238
0415 -0.00540067092092 -0.00103061616745
0416 0.00410081583079 -0.00101752898422
0417 -0.00640597510031 -0.00102165974778
0418 0.00520938301846 -0.00104111698519
0419 -0.00798050839107 -0.00103217953924
0420 0.00694966571052 -0.00102213362014
0421 -0.0093116057358 -0.00101995903166
0422 0.00804583645811 -0.00106540076296
0423 -0.0100571785807 -0.0010648848359
0424 0.008415651677 -0.00106859362667
0425 -0.0101635007065 -0.00107909981147
0426 0.00832500471786 -0.00106880092733
0427 -0.00988593401071 -0.000999305714954
0428 0.0081720720559 -0.0010258850351
0429 -0.00955770155977 -0.00108288798665
0430 0.00785039338456 -0.00112107059591
0431 -0.00930874856422 -0.00108115750015
0432 0.00774347061877 -0.00108016126532
0433 0.00760682915634 -0.00106716676948
0434 -0.00891826098937 -0.00108658892803
0435 0.00692839580676 -0.00106185461679
0436 -0.00887372441529 -0.00107191980339
0437 0.00737568884976 -0.00102467566947
0438 -0.00964048183909 -0.00101325824267
0439 0.0091604763125 -0.00108428167203
0440 -0.0125731631823 -0.00104188973989
0441 0.0117226110572 -0.00101634848717
0442 -0.0141512465224 -0.00110438575707
0443 0.0125620983401 -0.00109540833553
0444 -0.0147270718729 -0.00105611140001
0445 0.0130014813933 -0.00105145326218
0446 -0.0138862842825 -0.00105464417351
0447 0.0114570002012 -0.00108692783343
0448 -0.0127264819157 -0.00103251650685
0449 0.0104845613353 -0.00106600643851
0450 -0.0112763957253 -0.00109831105371
0451 0.00892939851697 -0.00114700129048
0452 -0.0104845719125 -0.00115825314349
0453 0.00821110884852 -0.00105268913028
0454 -0.00956375802865 -0.00110129665326
0455 0.00783629507092 -0.00106647439996
0456 -0.00971942200231 -0.00105862509162
0457 0.00899932319275 -0.00107907212193
0458 -0.011575884347 -0.0011476963761
0459 0.010733248996 -0.00110739275846
0460 -0.0130697240956 -0.00107434640697
0461 0.0114102884028 -0.00103360421082
0462 -0.0132228920332 -0.00110853416956
0463 0.0116637240457 -0.0011234346169
0464 0.0111862894985 -0.00113055457101
0465 -0.0129047324358 -0.00105511929065
0466 0.0107120247188 -0.00109831374747
0467 -0.011799892126 -0.00114830289993
0468 0.00989800750444 -0.00105275333929
0469 -0.0111548048269 -0.00111234404012
0470 0.00922957862916 -0.00114033496041
0471 -0.0117385006672 -0.00112361292486
0472 0.0104653295146 -0.00100347729095
0473 -0.0141397432408 -0.00105549697092
0474 0.0134230240512 -0.00115008390685
0475 -0.0152246085733 -0.00111999553107
0476 0.0127236917391 -0.00106518381778
0477 -0.014304728748 -0.00115186493076
0478 0.012221383337 -0.00109977837131
0479 -0.0133282977053 -0.00105052920723
0480 0.0104002845579 -0.00107656850039
0481 -0.0120884529551 -0.00109108918617
0482 0.0093763969701 -0.000974655959043
0483 -0.011174912847 -0.00102501467206
0484 0.00869718617899 -0.00116181009221
0485 -0.0108903634305 -0.00110811873399
0486 0.00878194150277 -0.00105559582036
0487 -0.0115128473426 -0.00106748254192
0488 0.0104221170602 -0.00106795640638
0489 -0.0147193579801 -0.000982930436756
0490 0.0143710599115 -0.00104755604982
0491 -0.017983992936 -0.00114985668536
0492 0.0163309819062 -0.00104206517337
0493 -0.0183534157787 -0.00105194876867
0494 0.0146204228035 -0.0010204346945
0495 0.0154879621764 -0.00107543845143
0496 -0.0160275652589 -0.00103691279473
0497 0.0133246591316 -0.00110638168834
0498 -0.0137148229958 -0.00112469132158
0499 0.0104123713004 -0.000850859069391
0500 -0.0109522884498 -0.00107412707854
0501 0.00757709798341 -0.00107339394103
0502 -0.00939171297926 -0.000965954108457
0503 0.00650980966216 -0.000983741884532
0504 -0.00832633775584 -0.00104435162268
0505 0.00548941573082 -0.00103349374793
0506 -0.00738534124465 -0.000980281141169
0507 0.00461180722433 -0.000964956549019
0508 -0.00586807806202 -0.000968419928228
0509 0.00331440058468 -0.000956175324538
0510 -0.00544222325237 -0.00091634337636
0511 0.00305360790315 -0.000960196713701
0512 -0.00508121694621 -0.00102615160413
0513 0.00285300892 -0.00101804435363
0514 -0.00487344191949 -0.000989219501435
0515 0.00281291851456 -0.000967069764923
0516 -0.0049742746071 -0.000939166573647
0517 0.00284987912577 -0.000908693263633
0518 -0.00510123424872 -0.000896205728775
0519 0.00233220250862 -0.00090481805218
0520 -0.00514847875798 -0.000959964349194
0521 0.00322039319689 -0.000979551669799
0522 -0.005358588654 -0.000962060176694
0523 0.00433379771388 -0.000919947085598
0524 -0.00652477669505 -0.00094771709146
0525 0.00399783380286 -0.000952509014196
0526 0.0041597964748 -0.000929295271235
0527 -0.00620439404955 -0.000932373023282
0528 0.00541205810161 -0.00092414514687
0529 -0.00746279546357 -0.000946892152363
0530 0.0061305827452 -0.000961022309329
0531 -0.00753061800456 -0.000937763965402
0532 0.00577414347089 -0.000886857022322
0533 -0.00810823793504 -0.000957183710039
0534 0.00639595701299 -0.000971096715151
0535 -0.00803106990989 -0.000924153570047
0536 0.00635595138355 -0.000971851169439
0537 -0.0077934325536 -0.000988826089899
0538 0.00601980839533 -0.0009603663998
0539 -0.00745851992841 -0.000937850237082
0540 0.00562275008934 -0.000935388888913
0541 -0.00707239824082 -0.000944818940517
0542 0.00567371571202 -0.000993718839164
0543 -0.00687414160715 -0.000952365323661
0544 0.00521148932752 -0.00100816752767
0545 -0.00631284714648 -0.000999830406455
0546 0.00462158499985 -0.00100708282412
0547 -0.00605011514276 -0.000922916497769
0548 0.00410766862575 -0.000917994004117
0549 -0.00529964178642 -0.00098423703636
0550 0.00375490168814 -0.00105602099649
0551 -0.00477608169826 -0.0010516501781
0552 0.00320767173282 -0.00102261110975
0553 -0.00440809149868 -0.00092453450608
0554 0.00267180107305 -0.000946237169745
0555 -0.00387473890053 -0.000983124543395
0556 0.00228290266184 -0.00105600973984
0557 0.00216785801353 -0.00107224310235
0558 -0.00328307241831 -0.00103290798047
0559 0.00181147340951 -0.0010035416146
0560 -0.00323498694577 -0.000949889227106
0561 0.0016643946325 -0.000947459673861
0562 -0.00308392540043 -0.00101782621091
0563 0.00179324792194 -0.00109437800684
0564 -0.00328676760276 -0.00107864395406
0565 0.00192617082996 -0.00101362024376
0566 -0.0036156038438 -0.00096562612767
0567 0.00206073926929 -0.000912662149746
0568 -0.0038535142851 -0.000970069704804
0569 0.00243538423712 -0.00103679856975
0570 -0.00410435375537 -0.00108146421647
0571 0.00270362702881 -0.00106943111362
0572 -0.0045247276786 -0.00100801336707
0573 0.00307818635902 -0.000961913638749
0574 -0.00498474326888 -0.000952645366139
0575 0.00325758436872 -0.000919339098704
0576 -0.00526285194141 -0.000973550769859
0577 0.00358547417355 -0.00104116978246
0578 -0.00554422153588 -0.00106067867142
0579 0.00382505444166 -0.00101257623132
0580 -0.00578864644819 -0.000963799700351
0581 0.00378394679655 -0.000955039010225
0582 -0.0057783381139 -0.00097643604124
0583 0.00384380578649 -0.00102283453645
0584 -0.00559014297651 -0.00105297797484
0585 0.00366559014008 -0.00104840576353
0586 -0.00537161836239 -0.00101700866992
0587 0.00324576133424 -0.000987418960256
0588 0.00309988985376 -0.000966228130391
0589 -0.00504748320977 -0.000927946492286
0590 0.00275685322892 -0.000931993637648
0591 -0.00467784688901 -0.000988613708935
0592 0.00246868688122 -0.0010301188974
0593 -0.00434422965836 -0.00102731353178
0594 0.00214842354056 -0.000993694411018
0595 -0.00426912242049 -0.00094665507113
0596 0.00187247257408 -0.000910781426324
0597 -0.00418203331608 -0.00090008046325
0598 0.00198853404285 -0.000954969124456
0599 -0.0042479888675 -0.00101312282118
0600 0.00222354563409 -0.00101885454111
0601 -0.00441428615704 -0.000989223123776
0602 0.00239282462345 -0.000935771082213
0603 -0.00491123323021 -0.000906198259283
0604 0.00272665336541 -0.000933650226082
0605 -0.00514673669318 -0.000995614787502
0606 0.00319491154439 -0.00104204249629
0607 -0.00572863503989 -0.00101539373339
0608 0.00364769071268 -0.000946254516443
0609 -0.00642092474977 -0.000900749055104
0610 0.00428213565305 -0.000895675595912
0611 -0.00753553180617 -0.000930296816613
0612 0.00606783327562 -0.00099500488754
0613 -0.00882704552733 -0.00100931285434
0614 0.00724155142821 -0.00103334418812
0615 -0.00875280918123 -0.000982231277006
0616 0.00626168655852 -0.00088130106583
0617 -0.00948512062981 -0.00101304139463
0618 -0.00844880844057 -0.000930861665352
0619 0.00697310186892 -0.000963339102242
0620 -0.00942003012308 -0.00102728021439
0621 0.00494396202767 -0.000953833015376
0622 -0.00696336332864 -0.000940295822114
0623 0.0034741841897 -0.00103914566224
0624 -0.00558470694127 -0.000985024137575
0625 0.0030970532095 -0.000902858024758
0626 -0.00593544302939 -0.000956345119926
0627 0.00344600232401 -0.00106944859444
0628 -0.00543149214986 -0.00110293367078
0629 0.00308619637239 -0.00101065431155
0630 -0.00503460323018 -0.000983356734359
0631 0.00264719835986 -0.000995399321674
0632 -0.00488505565639 -0.000978618617296
0633 0.00191602812835 -0.000964512005494
0634 -0.00473771911937 -0.000974704623934
0635 0.00203853415047 -0.00103778300199
0636 -0.00415975858131 -0.00113799431683
0637 0.00216313205806 -0.00105331062975
0638 -0.00417170759878 -0.000993975751349
0639 0.00225732336426 -0.00100741811811
0640 -0.00438348771963 -0.00105054751509
0641 0.0024349953471 -0.00104447789185
0642 -0.0044356288242 -0.00104107544338
0643 0.00265934451634 -0.00107194834428
0644 -0.00543175101793 -0.00110058904111
0645 0.0036076934011 -0.00108234966563
0646 -0.00562247684854 -0.00107794832265
0647 0.00375211818908 -0.00102497912253
0648 -0.0048592400253 -0.00101203901756
0649 -0.0050484176007 -0.00102644480369
0650 0.00421258682097 -0.00101673894687
0651 -0.00631804451743 -0.00111760881362
0652 0.00457589514667 -0.00113564127476
0653 -0.00683119059528 -0.00103109888083
0654 0.0049657806769 -0.000953594712329
0655 -0.00740513265881 -0.000944302309324
0656 0.00535878743369 -0.000970679463528
0657 -0.00931037093072 -0.00102231304269
0658 0.00775636128655 -0.00111364082044
0659 -0.0101200265194 -0.00105513638635
0660 0.00857363081832 -0.00101306298202
0661 -0.0111774744834 -0.000952146581841
0662 0.00940967695573 -0.000957079919984
0663 -0.0117793439189 -0.000996740018947
0664 0.0102768745618 -0.00104174279073
0665 -0.0124909188177 -0.00103110603398
0666 0.0103975815616 -0.00097088539774
0667 -0.0130356540022 -0.000930264255902
0668 0.0112977360768 -0.000917205060763
0669 -0.0141291741152 -0.000989617146556
0670 0.011901466064 -0.000955121470744
0671 -0.0140497670573 -0.00104145444158
0672 0.0118567427242 -0.000992447510709
0673 -0.0130477289932 -0.000931670583574
0674 0.0103623298959 -0.000959852446879
0675 -0.0108399004091 -0.000881987651354
0676 0.00962325484813 -0.000980125524843
0677 -0.0113319085524 -0.000974989382673
0678 0.00830386883905 -0.0010520178133
0679 -0.01012589464 -0.000977439790659
0680 -0.0100468326182 -0.000965882374323
0681 0.00734622231527 -0.00094415218455
0682 -0.00903973550129 -0.000965741613475
0683 0.00622260545104 -0.000983127500149
0684 -0.00790140108304 -0.000974864927226
0685 0.00523102404394 -0.00094904859194
0686 -0.0068871062412 -0.00093998913475
0687 0.00426806911414 -0.000954588151915
0688 -0.00604405960775 -0.000924259833536
0689 0.00345565161106 -0.000950184311792
0690 -0.00525344926111 -0.000925432430737
0691 0.00281239419761 -0.000921404391531
0692 -0.00445051127838 -0.0010133137598
0693 0.00210714075564 -0.0010435949876
0694 -0.00381398328467 -0.000979890003419
0695 0.00144374575996 -0.000969203993698
0696 -0.00323725005612 -0.000937764185225
0697 0.000948648880958 -0.0010005903434
0698 -0.00271828023232 -0.00100914177186
0699 0.000636115247876 -0.00103728035054
0700 -0.00245422402765 -0.00102925951748
0701 0.000386024591979 -0.000977210116126
0702 -0.00248981120259 -0.000966995365024
0703 0.000479213872036 -0.000989466987408
0704 -0.00267600800638 -0.00100852675652
0705 0.000813551735215 -0.00102424804583
0706 -0.00297456665535 -0.00102067637282
0707 0.00112768955219 -0.00101305139168
0708 -0.00331813140911 -0.00100263575988
0709 0.00154080944494 -0.00103637226377
0710 -0.00380896160094 -0.00101498375965
0711 -0.00401756327713 -0.00100525690033
0712 0.00222940629424 -0.00102168749917
0713 -0.00449352261086 -0.00100950671615
0714 0.00270513067543 -0.00106180814223
0715 -0.00496674146672 -0.00107074255958
0716 0.00320546719964 -0.00101407569754
0717 -0.00572956026783 -0.000986163188746
0718 0.0039430880578 -0.00101399349554
0719 -0.00636762668586 -0.00102473824051
0720 0.00458279433085 -0.00107377633941
0721 -0.0067711732282 -0.00105398681626
0722 0.00488680781655 -0.00105953571499
0723 -0.0070809956066 -0.0010589527285
0724 0.00519968043654 -0.0010455857261
0725 -0.00733795994032 -0.00104049245613
0726 0.00541757503751 -0.00105668977863
0727 -0.00744302799108 -0.00100976852741
0728 0.00531718438355 -0.00105056396757
0729 -0.00704476545962 -0.00105242141445
0730 0.00514269781359 -0.00113890302351
0731 -0.00693028038868 -0.0010676284631
0732 0.00468492272546 -0.00102227710592
0733 -0.00651305821458 -0.00104695679808
0734 0.00445729956844 -0.00106386908051
0735 -0.00605768676605 -0.00108071490578
0736 0.00393531692011 -0.00108772890856
0737 -0.00566354815675 -0.00102467333856
0738 0.00309316778259 -0.0010392566533
0739 -0.00538140445736 -0.00105095280303
0740 0.00328357949908 -0.0010335245194
0741 -0.00514800838674 -0.00104554793945
0742 -0.00516246245123 -0.00106941216167
0743 0.00283449403243 -0.00108096020784
0744 -0.00516909392776 -0.00105420488358
0745 0.00348294866891 -0.00106056944395
0746 -0.00566144154483 -0.00103132402348
0747 0.00392489418516 -0.00100146890722
0748 -0.00621466835115 -0.00105142095423
0749 0.00510826071764 -0.00109151765773
0750 -0.007797158935 -0.00111199508979
0751 0.00629432496153 -0.000993247959432
0752 -0.00848037740566 -0.00098665304141
0753 0.00654731440936 -0.00103375977227
0754 -0.00796608528543 -0.00106144662548
0755 0.00597200364195 -0.0011437776175
0756 -0.00702492559973 -0.00102898405657
0757 0.00498323566786 -0.000973873257251
0758 -0.00666660793307 -0.000958349072786
0759 0.00505278334238 -0.00103576774871
0760 -0.00670099868858 -0.0011000255178
0761 0.00390197730074 -0.00108619609779
0762 -0.00567512195238 -0.00104982267195
0763 0.00361692672798 -0.00101266376286
0764 -0.00555787807202 -0.00100666844624
0765 0.00360770550225 -0.00102870099837
0766 -0.00575659168141 -0.00103548657755
0767 0.00412694966279 -0.00106977127302
0768 -0.00716167256884 -0.00105692775009
0769 0.00594063715967 -0.00104029897901
0770 -0.00892891474804 -0.00100030150895
0771 0.00772163640378 -0.000955992313737
0772 0.00831814608582 -0.000950396819839
0773 -0.0108601107983 -0.00102916844744
0774 0.00888701775425 -0.0010268933159
0775 -0.0105410474189 -0.00106016768272
0776 0.00846348732832 -0.00101770197015
0777 -0.0100346839246 -0.000982976202148
0778 0.00742446733604 -0.00100679981706
0779 -0.00782781295149 -0.000923388615904
0780 0.00563707558168 -0.00109054963243
0781 -0.00700332003129 -0.0010486724949
0782 0.00365311315008 -0.00103399184709
0783 -0.00456559698186 -0.000983997418064
0784 0.00222497983691 -0.000956212665228
0785 -0.00414800488342 -0.000998265256714
0786 0.00181510317116 -0.000975053679406
0787 -0.00371417867027 -0.000966555728885
0788 0.00153877057807 -0.00099075629719
0789 -0.00343652242459 -0.00100395259425
0790 0.00132643309584 -0.00100349934565
0791 -0.00321989134274 -0.000999591088008
0792 0.000457559270167 -0.000990585139396
0793 -0.00260633405658 -0.000977110262233
0794 0.000577766250422 -0.000922474516712
0795 -0.00319112137051 -0.000930498309059
0796 0.00115293463787 -0.000991641569548
0797 -0.00323456527625 -0.00101561088985
0798 0.00127250607073 -0.000961829819891
0799 -0.0033786836452 -0.000939135178337
0800 0.00137048243557 -0.000941584704146
0801 -0.00361508712414 -0.000924259705227
0802 0.0015921600093 -0.000920717413458
0803 0.00165842254392 -0.000935947156478
0804 -0.00382988146146 -0.000958904510187
0805 0.00192814142086 -0.000962369259987
0806 -0.00399684247863 -0.000958336939243
0807 0.00125758454573 -0.000953917809008
0808 -0.00414901596477 -0.000898616287958
0809 0.00221899874393 -0.000916101023183
0810 -0.00422645381877 -0.00102560802087
0811 0.00226061565879 -0.000973456345167
0812 -0.00432497823966 -0.000915208015628
0813 0.00239529767653 -0.000918409073115
0814 -0.00455104604968 -0.00092787822027
0815 0.00257823714704 -0.000938139848161
0816 -0.00508849531734 -0.000955723090836
0817 0.0024855254901 -0.00100984722424
0818 -0.00465987216644 -0.00101185354666
0819 0.0026902540934 -0.000865636806127
0820 -0.00468738475606 -0.00087846628663
0821 0.00270261997193 -0.000955897841953
0822 -0.00462873725628 -0.000976623390541
0823 0.00281597787953 -0.000997824671078
0824 -0.0046021789933 -0.00101181957111
0825 0.00277835034673 -0.00099190201734
0826 -0.00467040617639 -0.000942461921354
0827 0.00371573460612 -0.000911499388542
0828 -0.00562435678738 -0.000873911913141
0829 0.00368585014591 -0.000913538644719
0830 -0.00538810325796 -0.00102745230289
0831 0.00255339901004 -0.0010435546861
0832 -0.00428230069066 -0.00101193229349
0833 0.00221403808923 -0.00100779928106
0834 0.00229953270746 -0.000978168024202
0835 -0.00411747493892 -0.000909604579053
0836 0.00208739287903 -0.000892547402099
0837 -0.00388094716625 -0.00096796339786
0838 0.00199202152265 -0.00103278650976
0839 -0.00358637081317 -0.0010538848422
0840 0.0018400756274 -0.00105800916287
0841 -0.00344779309819 -0.00102134568179
0842 0.00154121236446 -0.000964460086632
0843 -0.00330876189493 -0.000930945768583
0844 0.00134400616593 -0.000955420831333
0845 -0.00306136099314 -0.00100810329753
0846 0.0012352075661 -0.00105697551224
0847 -0.00283152001127 -0.00106369583218
0848 0.000993358219889 -0.00103701236655
0849 -0.00275725076516 -0.000986727422214
0850 0.000744860312095 -0.000959719488018
0851 -0.00264518392716 -0.000940202882305
0852 0.00092775072823 -0.001015123179
0853 -0.00285916193436 -0.00101813836466
0854 0.000954675135577 -0.00106458793826
0855 -0.00259197057222 -0.00104854768505
0856 0.000597407500889 -0.000933795049996
0857 -0.00264211349775 -0.000962674823799
0858 0.000561594066918 -0.00104960029554
0859 -0.00246617151035 -0.00104545094197
0860 0.000389181021108 -0.00103170519979
0861 -0.00236002476687 -0.000987878438718
0862 0.000155706909131 -0.000999339852411
0863 -0.00219223831661 -0.000957510165073
0864 0.000151052322372 -0.00100488848762
0865 0.000119713298015 -0.00103353259908
0866 -0.00205115891232 -0.00104571875734
0867 6.13663753387e-05 -0.00102560924447
0868 -0.00202501410781 -0.00100739147272
0869 -7.61376753174e-05 -0.000991665084268
0870 -0.00205867348022 -0.000972567643233
0871 -0.000124950493979 -0.00097021092301
0872 -0.00197853639003 -0.000989705666267
0873 -8.94769706088e-05 -0.00103288949918
0874 -0.00194238614944 -0.00105183411437
0875 -0.000112379859532 -0.00102553274989
0876 -0.00197069621099 -0.000982249278747
0877 -0.000156773275269 -0.000962714318192
0878 -0.00201578315764 -0.000973347622006
0879 -0.000139167648471 -0.00100418074485
0880 -0.00198216917896 -0.00102025325855
0881 -7.02894370451e-05 -0.00102565720521
0882 -0.00199456445087 -0.00101606431724
0883 -4.2042220493e-05 -0.00100842527937
0884 -0.00207182476212 -0.00100122879897
0885 -1.5456243803e-05 -0.000995191023405
0886 -0.00212663312444 -0.000987660128344
0887 0.000113415072116 -0.00100237381974
0888 -0.00221908819095 -0.00102002311367
0889 0.000206137075785 -0.00102607334518
0890 -0.00239960365901 -0.00100352299803
0891 0.000317634480918 -0.000968859230837
0892 -0.00258177882808 -0.000955547282186
0893 0.000547159665745 -0.00097800662136
0894 -0.00270923490168 -0.00100939299895
0895 0.000808372573976 -0.0010443962446
0896 0.000871003105683 -0.0010490305869
0897 -0.00292438250096 -0.00102502478081
0898 0.000964757564678 -0.000991177988966
0899 -0.00314325969192 -0.000971708282701
0900 0.00111068992542 -0.000974288451357
0901 -0.00330266152309 -0.000977288471919
0902 0.00134389545526 -0.00100128328574
0903 -0.00366562432898 -0.00102483574012
0904 0.00170567496273 -0.00108446161221
0905 -0.00328202189207 -0.0010629658784
0906 0.00155064894517 -0.000947548027067
0907 -0.00323895200544 -0.000993003306518
0908 0.00217461257878 -0.000951533786931
0909 -0.00296765204069 -0.000927556821118
0910 0.0010109134396 -0.000968354603776
0911 -0.00279954194297 -0.00108622607455
0912 0.00079415013458 -0.00110224667283
0913 -0.00312530257875 -0.00103100001904
0914 0.00100933110425 -0.000987275562528
0915 -0.00296636381783 -0.000931860463411
0916 0.00035124327056 -0.000971763339714
0917 -0.00232395430576 -0.00101954180165
0918 0.000374568033102 -0.00109562113388
0919 -0.00220348480358 -0.00107224826164
0920 0.000667626210176 -0.00101704949345
0921 -0.00219557129512 -0.000986316232737
0922 0.000151807926858 -0.000968730668488
0923 -0.00213661755436 -0.0010020110306
0924 0.000155602379154 -0.00103192190786
0925 -0.00206946120468 -0.00104044662074
0926 -0.00206800701412 -0.00104454863952
0927 -0.000291767495479 -0.00103787139092
0928 -0.00174119809626 -0.00101981213836
0929 -0.000200644879205 -0.000969931408655
0930 -0.00174424855453 -0.000962592813862
0931 0.000225346918201 -0.0010068619303
0932 -0.00213524334624 -0.00101812434554
0933 0.000222218523853 -0.00103710391549
0934 -0.00211315226838 -0.00102728669852
0935 -0.000190153159471 -0.00102389027535
0936 -0.00226642128582 -0.00101914558634
0937 -0.000673568420766 -0.00096687255752
0938 -0.00188137075939 -0.000983972353837
0939 -1.2238655442e-06 -0.00100034330349
0940 -0.0019646317782 -0.00100248522882
0941 0.000159031040538 -0.00102677046784
0942 -0.00258060053774 -0.00104318605984
0943 0.0010352667491 -0.0010333641906
0944 -0.00280368125741 -0.00100379326152
0945 0.000879218769046 -0.00100346219597
0946 -0.00298778611336 -0.000964121147709
0947 0.00103088783708 -0.000954066544146
0948 -0.0030763137924 -0.000989083864972
0949 0.00125036650199 -0.00104602623359
0950 -0.00324508536859 -0.00104417275481
0951 0.0013860018468 -0.00100623406045
0952 -0.00347422889983 -0.000960155909123
0953 0.00190898009717 -0.000949682680927
0954 -0.00403687730741 -0.0010314577458
0955 0.00207974163043 -0.00102840357873
0956 -0.00409548125639 -0.00099708813889
0957 -0.00557616379908 -0.000977141931305
0958 0.00346559951723 -0.000894985826326
0959 -0.00439036144188 -0.000883045364273
0960 0.00385606588019 -0.00110225520875
0961 -0.00569477909439 -0.000976316463975
0962 0.00388931796906 -0.000928793331116
0963 -0.00593531234189 -0.00101341045628
0964 0.00394669262566 -0.000974259092747
0965 -0.00515739374134 -0.000957343967868
0966 0.00324930830343 -0.00092263178573
0967 -0.00524672767786 -0.000927256912376
0968 0.00399116243564 -0.0010176083401
0969 -0.00589731380459 -0.00111023389894
0970 0.00393208703724 -0.000946337537383
0971 -0.00430512512283 -0.000920704085101
0972 0.00369114551324 -0.00101416746277
0973 -0.00572646223152 -0.00097032806113
0974 0.00170388293271 -0.000992527926142
0975 -0.00375431182282 -0.000994721946223
0976 0.00155922382881 -0.00104742225695
0977 -0.00358736652359 -0.000959981673176
0978 0.00140848782534 -0.000930394384618
0979 -0.00345434515499 -0.000966165718329
0980 0.00129110981106 -0.00101029992544
0981 -0.00328743326865 -0.0010036814849
0982 0.00125188111856 -0.00101747019957
0983 -0.0032501500082 -0.00101172682246
0984 0.00110777085406 -0.000984958624121
0985 -0.00317729776224 -0.000958888349401
0986 0.00104484639946 -0.000993274634934
0987 -0.00308178474906 -0.00102238637224
0988 -0.00303413058963 -0.00102784556408
0989 0.00100493071004 -0.00103002338216
0990 -0.00290305375331 -0.00103294492216
0991 0.00085698241426 -0.0010391596866
0992 -0.00288381611023 -0.00101108624371
0993 0.00167918139504 -0.000972159003407
0994 -0.00368277159873 -0.000954823073306
0995 0.00156202587363 -0.00100845147163
0996 -0.00359724818465 -0.00106265412894
0997 0.00147055433449 -0.00103670470457
0998 -0.00308885379443 -0.00101784300121
0999 0.000887863015295 -0.00102172092193
1000 -0.00355597319067 -0.0010676774413
