4.697957044371652946e-04
4.715454074114801210e-04
4.746719906622018175e-04
4.794057271053153236e-04
4.858139011401316773e-04
4.941008458786528505e-04
5.044526855468478739e-04
5.170418499024783494e-04
5.321597304224370915e-04
5.501747526424578599e-04
5.711785867049503414e-04
5.954102822963779984e-04
6.231626444861761453e-04
6.544250253490878832e-04
6.894662622946126944e-04
7.283890340364539617e-04
7.712995500910544431e-04
8.182596631330165977e-04
8.693766131424565582e-04
9.248954804646586326e-04
9.850712358544135971e-04
1.050584729010610799e-03
1.121929319886277431e-03
1.200137393095948579e-03
1.286441280337462592e-03
1.382969620024783420e-03
1.493164057129337235e-03
1.622365917773357273e-03
1.781910165029829043e-03
1.965005392182781613e-03
2.182715798483803385e-03
2.455183216502954992e-03
2.725401151922474726e-03
3.005118008220048539e-03
3.270907411996455162e-03
3.538214225365054338e-03
3.791765528471889406e-03
4.012759080520975595e-03
4.232735839889706017e-03
4.439063109634765712e-03
4.612003054302806111e-03
4.763591684507608760e-03
4.900907447055424283e-03
5.030889210928389532e-03
5.157854664584007529e-03
5.312263412945147922e-03
5.508669563186970042e-03
5.741159203204513131e-03
5.998601809024471654e-03
6.272776881292497185e-03
6.558939556954311405e-03
6.843272649107375559e-03
7.097898888710351892e-03
7.280091908309665148e-03
7.390675152327618597e-03
7.493695997205175943e-03
7.684330244469687182e-03
7.928950592452887677e-03
8.179829540946566627e-03
8.444697196196894809e-03
8.726592309540598044e-03
9.125566392910877331e-03
9.472541900943607165e-03
9.797890816310614662e-03
1.014470218687343016e-02
1.054193904690563059e-02
1.094148569731035782e-02
1.123331561282891154e-02
1.145031232251828533e-02
1.167770706235336971e-02
1.197094260196049191e-02
1.211191484123946664e-02
1.214757458818107455e-02
1.218700606591765698e-02
1.213072357628420042e-02
1.201102819943377330e-02
1.182278030551110401e-02
1.158410833686284065e-02
1.140098206284128647e-02
1.130735955482470648e-02
1.126372377490182305e-02
1.115387089322494342e-02
1.099760464430802123e-02
1.083407752441740979e-02
1.106383750609883469e-02
1.101940870168217207e-02
1.101395031811035208e-02
1.096754172940748139e-02
1.098088889561911127e-02
1.095338462642270541e-02
1.078482745260294848e-02
1.051583571370918319e-02
1.028317202027900432e-02
9.947025924444881720e-03
9.526511949069496263e-03
9.054406608146679802e-03
8.590763766177083108e-03
8.250131851041174122e-03
7.756582347484876523e-03
7.355196433501147782e-03
7.024497401056649902e-03
6.683118818164085137e-03
6.367502450885285416e-03
6.059876802145307273e-03
5.787102804521134305e-03
5.656955838998881624e-03
5.453345823445873188e-03
5.342462914361156313e-03
5.242069678283626556e-03
5.055366430784458825e-03
4.895652870219029118e-03
4.745455557540309913e-03
4.573546456382006353e-03
4.422689256147021609e-03
4.368073060261996009e-03
4.232052143223851218e-03
4.068911084784441329e-03
3.943628143414232984e-03
3.819857495979184659e-03
3.729846977308501690e-03
3.607955954950173121e-03
3.495775282929243846e-03
3.392004507677480029e-03
3.301827054860314876e-03
3.217451602047841346e-03
3.133561056516784293e-03
3.053145550708799907e-03
2.974671535983314935e-03
2.898132870749159720e-03
2.822859260989455353e-03
2.751996861036439673e-03
2.681940172164394565e-03
2.613627589841425580e-03
2.542633931106434882e-03
2.474533717148301361e-03
2.406165456567859948e-03
2.335344894928084378e-03
2.264896187486890346e-03
2.198680645172470735e-03
2.139336975608499298e-03
