0.1105034660337269
0.233459877350837
0.3567702675857689
0.4805987101983029
0.6050939803617236
0.7303877686748395
0.8565844321858712
0.9837475295124232
1.111903435287818
1.241024292501603
1.371024395139464
1.501762180874286
1.6330513352124
1.764676833454294
1.896423812346646
2.028120833433623
2.159630942515658
2.290901919298108
2.421941116799383
2.552827363818743
2.683698258332071
2.814752426369973
2.946202384705381
3.078300016036641
3.211298051033515
3.345466299877328
3.481074957610057
3.618386272405721
3.756608784318862
3.893298501736966
4.028742480465728
4.16247396466779
4.287946037853534
4.405035629785689
4.515303821476293
4.621500562512778
4.725647277805018
4.82996423918676
4.936655714088308
5.048046944733168
5.163622735548627
5.281823492557639
5.403172674836294
5.526346438302565
5.64984935966049
5.77381735807544
5.898350368275818
6.023349237202344
6.148537370409101
6.273293282175424
6.396622744249613
6.516934290224392
6.632371506083106
6.741517029638306
6.844336516936816
6.942572592902258
7.039068529217709
7.134461924798757
7.229330688396063
7.32668873949826
7.430661556571036
7.544021344384564
7.66010079197208
7.774826645451907
7.88749244299612
8.000556894940692
8.112748126454893
8.219181543613342
8.318780193484901
8.41333022716786
8.505769001711139
8.598388611452663
8.693208086408921
8.791562981811461
8.893888915639415
8.999995398415992
9.109800276236866
9.223516455470703
9.341890684449668
9.465402689192835
9.593723244236612
9.727153182712126
9.864305108487894
10.00529490582693
10.14652322113036
10.27477616038186
10.39756314461009
10.52057348798623
10.64642299159071
10.7761245959088
10.9107888963373
11.05161148606458
11.19796365680898
11.34772137640841
11.50055354555244
11.65726707110303
11.81836305045438
11.98218812009375
12.13567178962617
12.28212200945831
12.42503831103813
12.56595960577964
12.7104380555726
12.86155333220663
13.02292554187014
13.19059855752628
13.3558770448243
13.52742632951393
13.69978011357368
13.86490965196253
14.02872376405412
14.19803658257891
14.37589950301302
14.56940723511453
14.77777949565128
14.973894007409
15.16325409238856
15.35310474975871
15.54919408617859
15.75751332592353
15.96646049445782
16.16863816480032
16.3660197578442
16.56080672603344
16.75467924798341
16.94903777133951
17.14538602061696
17.34482549710756
17.54769328354163
17.75437588970257
17.96491966583416
18.17807419789156
18.39195929642592
18.60531387093009
18.81823984049312
19.03127042311941
19.24526606764601
19.46111566237803
19.67975389474977
19.90065033003358
