cpr dim we la m2 v2x v2y v2z pd vlmx vlmy vlmz vl2x vl2y vl2z c2x c2y c2z
0.5 2 0.1 1200.0 -0.9999999674050677 -1.0 -1.0 0.0 0.0 0.0 0.0 0.0 0.0 0.0 0.0 -1.0 -1.0 0.0
0.5946035575013605 2 0.1 1200.0 -0.08003728096042595 0.0009304986528858461 0.0013760073670679596 0.0 0.0009687410840579633 2.624013845409577e-08 3.9884275639427144e-08 0.0 8.612047439824435e-08 9.980786319486018e-08 0.0 0.3631945554456219 0.33162632475056614 0.0
0.7071067811865476 2 0.1 1200.0 -0.01592610416139655 0.0011648230768369246 -0.002371691298933776 0.0 0.003554682223986433 2.7512607527952045e-07 2.850886559959459e-07 0.0 5.284096349616522e-07 5.039166178589159e-07 0.0 0.1633305611723387 0.17304167127756434 0.0
0.8408964152537145 2 0.1 1200.0 -0.0014698286130745732 -0.009310989045570189 -0.0021200094387868805 0.0 0.01081830414524517 7.429538560039217e-06 7.729214785405868e-07 0.0 7.75497586967176e-06 1.1605457005794516e-06 0.0 0.07841761765946761 0.09262272326565989 0.0
1.0 2 0.1 1200.0 -2.3087971279483627e-05 -0.015682200068767065 -0.0007999772583744459 0.0 0.02602817144798671 2.3844104090975396e-05 1.4682524697949434e-06 0.0 1.7294358858667924e-05 1.5527947642394402e-06 0.0 0.06809115648244483 0.06354008917501637 0.0
1.189207115002721 2 0.1 1200.0 -0.00020142215198231758 -0.035947765464188326 -0.005453092926519807 0.0 0.14577853873919935 0.0025421515467028877 0.0013368273530428498 0.0 0.0012959118642278601 0.0009201877986478554 0.0 0.025326936240029987 0.05364254407880286 0.0
1.4142135623730951 2 0.1 1200.0 -2.3987958092508527e-05 -0.1779406135834974 0.2774802322602584 0.0 0.23864398313379676 0.06493141000380491 0.021253857127454544 0.0 0.03873496858266998 0.013897061193184174 0.0 -0.15056484625360972 0.31381071570798946 0.0
1.681792830507429 2 0.1 1200.0 0.0001697132783441737 -0.13810301006370984 0.21675053244407783 0.0 1.0745055982889007 0.03976671181000856 0.024898103381695257 0.0 0.016616078046101285 0.011517088633069801 0.0 -0.04058693567430524 0.1347544614017999 0.0
2.0 2 0.1 1200.0 -0.0004081200023491793 0.03923396464421599 0.06934630285565127 0.0 1.1885008185546038 0.021948269037424653 0.018895235569353512 0.0 0.008580467841349903 0.007782215503927946 0.0 0.12737327879557742 0.11924887913498783 0.0
2.378414230005442 2 0.1 1200.0 -0.00021891863737953228 -0.0539207001892565 0.19949048942830616 0.0 1.0915677913765174 0.0063195791754365 0.008792693822205133 0.0 0.0021438541291837775 0.0031798941704262646 0.0 -0.03883935756555463 0.1951649454144491 0.0
2.8284271247461903 2 0.1 1200.0 0.0005737294499113304 -0.1320638819013576 0.15573166520340018 0.0 1.068887118719425 0.00398381771454228 0.003633600139254178 0.0 0.001684563231045928 0.0014974918798026644 0.0 -0.03447068448814482 0.058832390612599 0.0
3.363585661014858 2 0.1 1200.0 -0.0010149373813691661 -0.022917060058338004 0.023206558953100635 0.0 1.0506049399915605 0.0005427219046543848 0.0005997810155424509 0.0 0.00015145608209017353 0.00014271830736766093 0.0 -0.004492461906397579 0.01343983032828212 0.0
4.0 2 0.1 1200.0 -0.000767816108138775 -0.02577768373726625 0.011863402550305619 0.0 1.0595459520254165 0.0005181483619656232 0.00045341069863219323 0.0 0.00012072427682036065 8.111657417593892e-05 0.0 -0.006946969276341007 0.005738977104518132 0.0
4.756828460010884 2 0.1 1200.0 0.0005512084623448788 -0.10872168937559332 0.07471331374923114 0.0 1.2078366955200217 0.006564262695590143 0.004144304256940199 0.0 0.0011815694001921521 0.0006873064234130666 0.0 -0.06879760255191111 0.054516027000145455 0.0
5.656854249492381 2 0.1 1200.0 -0.0008586500185631319 -0.17508344753912478 0.1363205634742509 0.0 1.3142748133562734 0.01275478383019927 0.009998808149198879 0.0 0.002472338754140191 0.0014238276157087341 0.0 -0.1279771218866371 0.10601684540437828 0.0
6.727171322029716 2 0.1 1200.0 -0.0006778591474885145 0.0022893024906169134 0.01739234237896502 0.0 1.060879485388905 0.0002565919992912308 0.00026886812372195414 0.0 2.596392907757284e-05 3.9190693233802755e-05 0.0 0.0014439227835272113 0.017855686312743656 0.0
8.0 2 0.1 1200.0 -0.0006962497828286294 0.004145038848561389 0.006663293561049227 0.0 1.014140488164063 1.7628095161853354e-05 2.188765764323923e-05 0.0 2.600624025289418e-06 3.4220277585569874e-06 0.0 0.0037423887433044958 0.005794487243175451 0.0
