cpr dim we la m2 v2x v2y v2z pd vlmx vlmy vlmz vl2x vl2y vl2z c2x c2y c2z
0.5 2 0.1 1200.0 -0.9999998696202705 -1.0 -1.0 0.0 0.0 0.0 0.0 0.0 0.0 0.0 0.0 -1.0 -1.0 0.0
0.5946035575013605 2 0.1 1200.0 -0.08003831955879384 0.0001205425213571678 0.00017320340729482867 0.0 0.00012069078208818706 4.416227430962963e-10 6.087014278719441e-10 0.0 1.4227470687647803e-09 1.5413834031626537e-09 0.0 0.3623252673774575 0.3308909786230422 0.0
0.7071067811865476 2 0.1 1200.0 -0.015936267441897176 0.00014536234897136066 -0.0002940873351763334 0.0 0.0004432242679129077 4.322879553919676e-09 4.395949776645749e-09 0.0 8.321412935487615e-09 7.824238199455936e-09 0.0 0.1626300796177035 0.17418132832312389 0.0
0.8408964152537145 2 0.1 1200.0 -0.0014550690965615127 -0.0011349074074109942 -0.0002752422608372554 0.0 0.0013596252398678042 1.0973162731798489e-07 1.1733159864656109e-08 0.0 1.1656037029719153e-07 1.8205166941071597e-08 0.0 0.08484430907059413 0.093913740250486 0.0
1.0 2 0.1 1200.0 1.556776283127671e-05 -0.001854903057020466 0.00014030870916483014 0.0 0.0032937225842780875 3.1275670855477887e-07 3.0330316617656844e-08 0.0 2.4335418941614445e-07 2.9729168493120822e-08 0.0 0.07966259384143384 0.06628184973549338 0.0
1.189207115002721 2 0.1 1200.0 -6.750375800974752e-05 -0.01946618737556452 -0.011869536124461042 0.0 0.10984070124969814 0.0020839931400402087 0.0011874928273515877 0.0 0.0011702108054225497 0.0008356185458440429 0.0 0.03760045813535199 0.0504066850344797 0.0
1.4142135623730951 2 0.1 1200.0 0.00015284167520141227 -0.13151258590354994 0.24301543288589414 0.0 0.2107227887125982 0.08592303401218626 0.02347641470412851 0.0 0.05485738185668479 0.015218208487517992 0.0 -0.1193669566558024 0.29786141094250485 0.0
1.681792830507429 2 0.1 1200.0 0.00027397821015914516 0.1987607696223439 -0.4118231452729549 0.0 0.9776876719546908 0.0650487814920229 0.09647244481979453 0.0 0.02776711581434333 0.0366336996499009 0.0 0.13071749638986244 -0.2563587477210174 0.0
2.0 2 0.1 1200.0 -0.00042986022447147104 0.13100655240578093 -0.38682061794224515 0.0 1.219103997097449 0.049907835998943564 0.058979056172428636 0.0 0.023331122370795064 0.026050886299063547 0.0 0.19112304241378858 -0.13598323270635088 0.0
2.378414230005442 2 0.1 1200.0 0.000644035679090027 -0.06957213812847765 0.15553391749999276 0.0 1.154863928553209 0.024700549395694087 0.024306895039707028 0.0 0.006677206914948625 0.006857446140344191 0.0 -0.05307111444635963 0.18174576323517494 0.0
2.8284271247461903 2 0.1 1200.0 -0.0006016479889334496 0.02963712012125933 -0.13031725282528042 0.0 1.0890527969743633 0.0035637698826877385 0.006809634904126982 0.0 0.0010106964688131879 0.0017967453536055574 0.0 0.06907785789910445 -0.1312790986322442 0.0
3.363585661014858 2 0.1 1200.0 0.00026162962318178253 -0.15907079171499539 0.034150491564914114 0.0 1.0996749832928936 0.008316170534674917 0.0059795714498106336 0.0 0.00250634190452762 0.001023937902682945 0.0 -0.09315269876929463 0.018920440780291557 0.0
4.0 2 0.1 1200.0 0.0008089626197882031 -0.10899324243589077 0.05213848598242971 0.0 1.0806370648692853 0.004630697807990291 0.0032719279860887614 0.0 0.001271693310568612 0.0005640529404755718 0.0 -0.08093910208246789 0.049066882498948056 0.0
4.756828460010884 2 0.1 1200.0 -0.0004953473015997233 -0.12978054412997658 0.1336127733195793 0.0 1.0830227039331424 0.005161993475910476 0.005041489048887076 0.0 0.0014466243746409408 0.001118174367380737 0.0 -0.0736572228289946 0.08034499935324002 0.0
5.656854249492381 2 0.1 1200.0 -0.001370784666803477 0.019807547876283214 -0.005740562686171205 0.0 1.0485980401981476 0.0007999497074626837 0.0008191929388912632 0.0 0.0001096213875977386 8.744681926383681e-05 0.0 0.02187474071682288 -0.011368859663972844 0.0
6.727171322029716 2 0.1 1200.0 -0.00048704118972769 0.005420715547506811 0.005405054792752091 0.0 1.0174478961050997 2.3594949946871387e-05 2.474141630149484e-05 0.0 3.622775026255779e-06 2.8757021499074187e-06 0.0 0.004324768217086685 0.005565620694107173 0.0
8.0 2 0.1 1200.0 -0.0006962497828286294 0.004145038848561389 0.006663293561049227 0.0 1.014140488164063 1.7628095161853354e-05 2.188765764323923e-05 0.0 2.600624025289418e-06 3.4220277585569874e-06 0.0 0.0037423887433044958 0.005794487243175451 0.0
