0.185 0.56
0.57 0.50356
0.955 0.49501
1.34 0.50255
1.725 0.5168
2.11 0.53434
2.495 0.55107
2.88 0.56754
3.265 0.58295
3.65 0.59695
4.035 0.6099
4.42 0.62201
4.805 0.63318
5.19 0.64309
5.575 0.65166
5.96 0.65919
6.345 0.66621
6.73 0.6725
7.115 0.67775
7.5 0.68213
7.884 0.686
8.269 0.68956
8.654 0.69287
9.039 0.69572
9.424 0.69801
9.809 0.69988
10.194 0.70144
10.579 0.70278
10.964 0.70395
11.349 0.70498
11.734 0.7059
12.119 0.70674
12.504 0.70738
12.889 0.70775
13.274 0.70795
13.659 0.70807
14.044 0.70814
14.429 0.70819
14.814 0.70823
15.199 0.70825
15.584 0.70827
15.969 0.70827
16.354 0.70827
16.739 0.70826
17.124 0.70825
17.509 0.70823
17.894 0.70817
18.279 0.70797
18.664 0.70773
19.049 0.70761
19.434 0.70753
19.819 0.70748
20.204 0.70744
20.589 0.70741
20.974 0.70739
21.359 0.70737
21.744 0.70735
22.129 0.70733
22.514 0.70731
22.899 0.7073
23.284 0.70729
23.669 0.70728
24.054 0.70727
24.439 0.70726
24.824 0.70725
25.209 0.70724
25.594 0.70724
25.979 0.70723
26.364 0.70723
26.749 0.70723
27.134 0.70724
27.519 0.70725
27.904 0.70726
28.289 0.70729
28.674 0.70732
29.059 0.70735
29.444 0.70738
29.829 0.7074
30.214 0.70742
30.599 0.70743
30.984 0.70743
31.369 0.70744
31.754 0.70744
32.139 0.70744
32.524 0.70744
32.909 0.70744
33.294 0.70743
33.679 0.70743
34.064 0.70743
34.448 0.70742
34.833 0.70742
35.218 0.70741
35.603 0.70741
35.988 0.7074
36.373 0.7074
36.758 0.70739
37.143 0.70738
37.528 0.70738
37.913 0.70737
38.298 0.70736
38.683 0.70736
39.068 0.70735
39.453 0.70734
39.838 0.70734
