0.525 0.0792
0.6 0.1179
0.7 0.1692
0.8 0.2194
0.9 0.2678
1 0.3142
1.1 0.3586
1.2 0.4011
1.3 0.4423
1.4 0.4827
1.5 0.5226
1.6 0.5623
1.7 0.602
1.8 0.6422
1.9 0.6823
2 0.7218
2.1 0.7604
2.2 0.798
2.3 0.8345
2.4 0.8702
2.5 0.9052
2.6 0.9397
2.7 0.9737
2.8 1.0074
2.9 1.0409
3 1.0741
3.1 1.1071
3.2 1.1398
3.3 1.1724
3.4 1.2047
3.5 1.2368
3.6 1.2685
3.7 1.2996
3.8 1.3298
3.9 1.3588
4 1.3862
4.1 1.4121
4.2 1.4368
4.3 1.4606
4.4 1.4837
4.5 1.5064
4.6 1.5287
4.7 1.5508
4.8 1.5728
4.9 1.5946
5 1.6164
5.1 1.638
5.2 1.6595
5.3 1.6808
5.4 1.7018
5.5 1.7225
5.6 1.7427
5.7 1.7625
5.8 1.7817
5.9 1.8002
6 1.8177
6.1 1.8344
6.2 1.8501
6.3 1.8649
6.4 1.879
6.5 1.8925
6.6 1.9055
6.7 1.9183
6.8 1.9311
6.9 1.9437
7 1.956
7.1 1.9676
7.2 1.9786
7.3 1.9887
7.4 1.9981
7.5 2.0066
7.6 2.0145
7.7 2.0218
7.8 2.0286
7.9 2.035
8 2.041
8.1 2.0466
8.2 2.052
8.3 2.057
8.4 2.0618
8.5 2.0662
8.6 2.0703
8.7 2.0741
8.8 2.0775
8.9 2.0805
9 2.0831
9.1 2.0853
9.2 2.0871
9.3 2.0885
9.4 2.0897
9.5 2.0906
9.6 2.0916
9.7 2.0925
9.8 2.0934
9.9 2.0942
10 2.0951
10.1 2.0959
10.2 2.0968
10.3 2.0975
10.4 2.0983
10.5 2.099
10.6 2.0997
10.7 2.1004
10.8 2.1011
10.9 2.1017
11 2.1024
11.1 2.103
11.2 2.1036
11.3 2.1042
11.4 2.1048
11.5 2.1054
11.6 2.106
11.7 2.1066
11.8 2.1072
11.9 2.1078
11.995 2.1083
